srch_id,prop_id
41526,132419
41526,72170
41526,65365
41526,27959
41526,33749
41526,130165
41526,45224
41526,51531
41526,43713
41526,79306
41527,52631
41527,40024
41527,2849
41527,77570
41527,51901
41527,94134
41527,100007
41527,76394
41528,5090
41528,27711
41528,92698
41528,41585
41528,121586
41528,9522
41528,42875
41528,11414
41528,70352
41528,38846
41528,63682
41528,18569
41528,121665
41528,114777
41528,44879
41528,121287
41528,104149
41528,35043
41528,36612
41528,31442
41528,99894
41528,67688
41528,37788
41528,33163
41528,135195
41528,117347
41528,68783
41528,102112
41528,134786
41530,115623
41530,31534
41530,31804
41530,135978
41530,11878
41530,8708
41530,92881
41530,99527
41530,26399
41530,76409
41530,107058
41530,50758
41530,96442
41530,42458
41530,40078
41530,22589
41530,58772
41530,110515
41530,33519
41530,86800
41530,10270
41530,34334
41530,99575
41531,109029
41531,18963
41531,39362
41531,54400
41531,136179
41531,52810
41531,13298
41531,86687
41531,54005
41531,71873
41531,28561
41531,78210
41531,110096
41531,49558
41531,22086
41531,3671
41531,67005
41531,47851
41531,13501
41531,24836
41531,5223
41531,10191
41531,34793
41531,80055
41531,15177
41531,47635
41531,85585
41531,56519
41531,100767
41531,109743
41531,17210
41533,13674
41533,135551
41533,70683
41533,92927
41533,118766
41533,59098
41533,86858
41533,16826
41533,78866
41533,75637
41533,27964
41533,11948
41533,100081
41533,139719
41533,12183
41533,131580
41533,71216
41533,70903
41533,91254
41533,112685
41533,26269
41533,81720
41533,85894
41533,135726
41533,127861
41533,47556
41533,32114
41533,10418
41533,88778
41533,68206
41533,5961
41534,18933
41534,21226
41534,130253
41534,11762
41534,23266
41534,65699
41534,85431
41534,101671
41534,87300
41534,2088
41534,52980
41534,12516
41534,105552
41534,26159
41534,96728
41534,63332
41534,20024
41534,95589
41534,17447
41534,82564
41534,106029
41534,46226
41534,78151
41534,23120
41534,110951
41534,19790
41534,124650
41534,105677
41534,37759
41534,75177
41536,93981
41536,22596
41536,71469
41536,4962
41536,124730
41536,111920
41536,138482
41536,128612
41536,130461
41536,131697
41536,51782
41536,27458
41536,105179
41536,104766
41536,90995
41536,81752
41536,96031
41536,113697
41536,82620
41536,109482
41536,138922
41536,71991
41536,72905
41536,124016
41536,32741
41536,78752
41536,123216
41536,69885
41536,42715
41536,77754
41536,56950
41536,15566
41537,73831
41537,139682
41537,61664
41537,20210
41537,107763
41537,3631
41537,127850
41537,116199
41537,107670
41537,20520
41537,24401
41537,80867
41537,125027
41537,76140
41537,23613
41537,12342
41537,56110
41537,107912
41537,115936
41538,28376
41538,7724
41538,106795
41538,58247
41538,84680
41538,112305
41538,114008
41538,129275
41538,95042
41538,99098
41538,33407
41538,132714
41540,96986
41540,49862
41540,36339
41540,86811
41540,97052
41540,139300
41540,137948
41540,59740
41540,135260
41540,42471
41540,84287
41540,81459
41540,1832
41540,139117
41543,90166
41543,128350
41543,123429
41543,44362
41543,128643
41543,38280
41545,79740
41545,120851
41545,73173
41545,138550
41545,98862
41545,1497
41545,31643
41545,57945
41545,34214
41545,17633
41545,69937
41545,8161
41545,82927
41545,21419
41545,31336
41545,92137
41545,36871
41545,32060
41545,2531
41545,135779
41545,30470
41545,46506
41545,3858
41545,47744
41545,25070
41545,30950
41545,63266
41545,14878
41545,64569
41545,32112
41545,44923
41545,51066
41545,31169
41547,108244
41547,135247
41547,68600
41547,60039
41547,70480
41547,35320
41547,91266
41547,55740
41547,34455
41549,83680
41549,138338
41549,2192
41549,73618
41549,38096
41549,74729
41549,85146
41549,34937
41549,38594
41549,80998
41549,81693
41549,41231
41549,118572
41549,66943
41549,92032
41549,107036
41549,106123
41549,77838
41549,64636
41549,4719
41549,3023
41549,3221
41549,97577
41549,119823
41550,122865
41550,8271
41550,43365
41550,109460
41550,118508
41550,54044
41550,92220
41550,20268
41550,50242
41550,99187
41550,39252
41550,119606
41550,117958
41550,138212
41551,64104
41551,105253
41551,137367
41551,24157
41551,35469
41551,85808
41551,125425
41551,106715
41551,4372
41551,92440
41551,60413
41551,62013
41551,54283
41551,2374
41551,26712
41551,72118
41551,80400
41551,102226
41551,29680
41551,50454
41551,62517
41551,69845
41551,85780
41551,70437
41551,98560
41551,5605
41551,83533
41551,76390
41551,69558
41551,38332
41551,125055
41551,131201
41552,94045
41552,3197
41552,95962
41552,47877
41552,81854
41552,7156
41552,89200
41552,122268
41552,99723
41552,76996
41552,107857
41552,69031
41552,78979
41552,131773
41552,107794
41552,93078
41552,131723
41552,90258
41552,98525
41552,13659
41552,43044
41552,47537
41552,37097
41552,2454
41552,21474
41552,29426
41552,90946
41552,1704
41552,122201
41552,9122
41552,18602
41552,129658
41553,81800
41553,93660
41553,123288
41553,98824
41553,3133
41553,109043
41553,40430
41553,109818
41553,112594
41556,140555
41556,72725
41556,61171
41556,131620
41556,48336
41556,111140
41556,58880
41556,51001
41556,67382
41556,105531
41556,103641
41556,57419
41556,106528
41556,41522
41556,135443
41556,130748
41556,128000
41556,99290
41556,79036
41556,16555
41556,62735
41556,34461
41556,29323
41556,27430
41556,40643
41556,12100
41556,91527
41556,27427
41556,36817
41556,102771
41558,73484
41558,79264
41558,72835
41558,118222
41558,19215
41558,76100
41558,29852
41558,82868
41558,114689
41558,59617
41558,137289
41558,115248
41558,8609
41558,75381
41558,69346
41558,49462
41558,99207
41558,104542
41558,132686
41558,140688
41558,59404
41558,104688
41558,55673
41558,85933
41558,121480
41558,11360
41558,92807
41558,114322
41558,63390
41558,135320
41558,74360
41558,8604
41559,140238
41559,129350
41559,117947
41559,23357
41559,96806
41559,115965
41559,105739
41559,101447
41559,95836
41559,139793
41559,74047
41559,122369
41559,131104
41559,47033
41559,92600
41559,78431
41559,57429
41559,34345
41559,101872
41559,133171
41559,52663
41559,29690
41559,13547
41559,7693
41559,79454
41559,132425
41559,85125
41559,73857
41559,86838
41559,94337
41560,108490
41560,9613
41560,94684
41560,98036
41560,111550
41560,22663
41560,48850
41560,1412
41560,21102
41560,47741
41560,26233
41560,126383
41560,122725
41560,73375
41560,53144
41560,116762
41560,83897
41560,61959
41560,107526
41560,24601
41560,124507
41560,120980
41560,64700
41560,131496
41560,55568
41560,41419
41560,58888
41560,16648
41560,31878
41560,136346
41560,122165
41562,34635
41562,125069
41562,136159
41562,67974
41562,44306
41562,1277
41562,53695
41562,53341
41562,88096
41562,95307
41562,29286
41562,29604
41562,49368
41562,40649
41562,19435
41562,7360
41562,59526
41562,94956
41562,17213
41562,14389
41562,55039
41562,86289
41562,83026
41562,33912
41562,56880
41562,113349
41562,88218
41562,11826
41562,28806
41562,9467
41562,115770
41562,109431
41562,18380
41563,76976
41563,16161
41563,43653
41563,17134
41563,82451
41563,133826
41563,13615
41563,66155
41563,65143
41563,98414
41563,52366
41563,46714
41563,92081
41563,137759
41563,127663
41563,107986
41563,47609
41563,110110
41563,57733
41563,91449
41563,125659
41563,95900
41563,125871
41563,136502
41563,115456
41563,29905
41563,29086
41563,79962
41563,50384
41563,60350
41563,32849
41563,5989
41564,121321
41564,34025
41564,64152
41564,137124
41564,41902
41564,135185
41564,31010
41564,125858
41564,9302
41564,118679
41564,109736
41564,73747
41564,126638
41564,6151
41564,52382
41564,44749
41564,28562
41564,27744
41564,16913
41564,52695
41564,122378
41564,12672
41564,47605
41564,51937
41564,92715
41564,3370
41564,139263
41564,61197
41564,19066
41567,35526
41567,105355
41567,40549
41567,2854
41567,7220
41567,78676
41568,94534
41568,29115
41568,61791
41568,11032
41568,43535
41568,16121
41568,9972
41568,97697
41568,10860
41568,10687
41568,22066
41568,38021
41568,91844
41568,11800
41568,26711
41568,45627
41568,136936
41569,79534
41569,77109
41569,68689
41569,13878
41569,97615
41569,131345
41569,36710
41569,125611
41569,92698
41569,137592
41569,65983
41569,41585
41569,18859
41569,15884
41569,121586
41569,134786
41569,135195
41569,33163
41569,117347
41569,68783
41569,102112
41569,119616
41569,12500
41571,64596
41571,40211
41571,107399
41571,12977
41571,77775
41571,45634
41571,25529
41571,109103
41571,40235
41571,68984
41571,88321
41571,108112
41571,13716
41571,135186
41571,15871
41571,112398
41571,95221
41571,89157
41571,108667
41571,111092
41571,114930
41571,8330
41572,137997
41572,124342
41572,37818
41572,104517
41572,116942
41572,24545
41572,21018
41572,77089
41572,114932
41572,60846
41572,131892
41572,40279
41572,59781
41572,38419
41572,35223
41572,14082
41572,70177
41572,134154
41572,49656
41572,78500
41572,90809
41572,68420
41572,90845
41572,26248
41572,125083
41572,77795
41572,60468
41572,59657
41572,122112
41572,94455
41572,46274
41572,117294
41573,110910
41573,54310
41573,122487
41573,140726
41573,132776
41573,28612
41573,7674
41573,34400
41573,3703
41578,61645
41578,133579
41578,136827
41578,98955
41578,89488
41578,48356
41578,25427
41578,75402
41578,56003
41578,27108
41578,117453
41578,71158
41578,9551
41578,76878
41578,17845
41578,64767
41578,118653
41578,57793
41578,67349
41578,135873
41578,112801
41578,52438
41578,33867
41578,97811
41578,73496
41578,104818
41578,126797
41578,130716
41578,85547
41578,130377
41578,28531
41578,110642
41580,39639
41580,79211
41580,51111
41580,54048
41580,2859
41580,24287
41580,22212
41580,30443
41580,95098
41580,32202
41580,96737
41580,1171
41580,80898
41580,45820
41580,139007
41580,8206
41580,89564
41580,60600
41580,97016
41580,24757
41580,60000
41580,22031
41580,33839
41580,89566
41580,121499
41580,46409
41580,36763
41581,82272
41581,106283
41581,21442
41581,20972
41581,33737
41581,104
41581,46751
41581,127299
41581,125856
41581,110192
41581,26047
41581,60516
41581,125173
41581,81385
41581,40477
41581,104296
41581,76778
41581,79032
41581,5365
41581,14236
41581,90262
41581,94637
41581,73872
41581,113907
41581,31834
41581,2893
41581,72884
41581,72108
41581,96134
41581,34044
41581,26365
41581,66945
41582,136159
41582,29286
41582,11622
41582,76818
41582,125069
41582,18380
41582,103937
41582,110789
41582,119952
41582,21812
41582,68826
41582,118937
41582,90063
41582,137826
41582,85567
41582,116696
41582,22824
41582,32625
41582,109431
41582,97099
41582,39975
41582,32243
41582,46162
41582,55688
41582,11826
41582,91834
41582,111856
41582,77583
41582,3625
41582,55690
41582,89119
41582,72684
41582,56063
41583,27788
41583,9696
41583,119653
41583,96426
41583,118188
41583,97937
41583,49601
41583,66648
41584,95942
41584,118178
41584,84139
41584,6011
41584,119957
41584,2476
41584,80275
41584,54064
41584,81498
41584,116953
41584,90319
41584,14391
41584,107616
41584,11981
41584,113297
41584,130587
41584,82196
41584,813
41584,24645
41584,12449
41584,2508
41584,128364
41584,43838
41584,29652
41584,55314
41584,46743
41584,34947
41584,71145
41584,27213
41584,44719
41584,34065
41584,109470
41584,75309
41585,46385
41585,34244
41585,53355
41585,9650
41585,34393
41585,51816
41585,26487
41585,24681
41585,38254
41585,108717
41585,93666
41585,51643
41585,112260
41585,80455
41585,75476
41585,107989
41585,61851
41585,117131
41585,10550
41585,51667
41585,121177
41585,43289
41585,17070
41585,98729
41585,105774
41585,26568
41585,84198
41585,110781
41585,54148
41585,89809
41585,55267
41585,21861
41585,123388
41587,19854
41587,25521
41587,10942
41587,123902
41587,134890
41587,41329
41587,28318
41588,76039
41588,66229
41588,35196
41588,2978
41588,115357
41588,9577
41588,130553
41588,106563
41588,40175
41588,47910
41588,51373
41588,85929
41588,91326
41588,50100
41588,115184
41588,118071
41588,138050
41588,87467
41588,20700
41588,16046
41588,126230
41588,68291
41588,15191
41588,255
41588,11115
41591,96255
41591,140144
41591,97363
41591,72336
41591,59525
41591,103661
41591,25346
41591,38378
41591,110835
41591,66591
41591,99094
41591,109162
41591,64938
41591,69129
41591,5832
41591,75437
41591,91060
41591,64753
41591,47643
41591,136443
41591,18371
41591,81530
41591,79681
41591,76224
41592,65000
41592,44730
41592,110562
41592,140280
41592,56788
41592,21686
41592,5615
41592,85533
41592,92577
41592,135494
41592,22709
41592,24875
41592,54285
41592,104630
41592,68168
41592,80552
41592,130969
41592,87149
41592,123793
41592,92466
41592,95631
41592,46262
41592,123398
41592,100191
41592,132538
41592,87711
41592,122180
41592,100804
41592,100310
41592,23832
41592,85888
41592,71314
41592,100575
41595,123618
41595,108168
41595,79448
41595,81658
41595,12937
41595,52714
41595,85625
41595,121907
41595,139456
41595,30907
41595,63059
41595,49033
41595,65030
41596,79106
41596,62031
41596,49928
41596,87490
41596,33509
41596,57125
41596,78725
41596,127988
41596,87256
41596,93594
41596,79625
41596,56917
41596,72631
41596,107087
41596,78150
41596,59042
41596,45961
41596,110765
41596,86989
41596,121198
41596,29230
41596,32431
41596,128155
41596,78926
41596,123201
41596,64620
41596,60244
41596,38064
41596,42171
41597,133509
41597,48233
41597,16029
41597,79731
41597,122649
41597,9169
41600,26623
41600,85515
41600,125241
41600,60550
41600,21060
41600,120679
41600,115950
41600,61094
41600,23090
41600,83886
41600,104911
41600,97032
41600,17510
41600,55685
41600,130396
41600,40516
41600,13638
41600,90040
41600,59879
41600,110387
41600,29355
41600,23640
41600,62074
41600,63619
41600,89279
41600,124525
41600,14443
41600,55770
41600,106906
41600,126757
41600,125272
41600,31816
41601,6604
41601,25759
41601,107309
41601,93415
41601,103329
41601,5367
41601,109895
41601,37310
41601,91487
41601,19998
41601,125247
41601,25946
41601,25382
41601,126830
41601,91321
41601,45111
41601,52423
41601,21281
41601,44706
41601,102402
41601,103617
41601,117457
41601,124960
41601,117221
41601,106504
41601,109885
41601,109344
41601,120776
41601,20372
41601,13462
41601,43367
41601,41939
41601,67077
41602,89359
41602,98736
41602,7523
41602,62433
41602,48136
41602,31336
41602,98239
41602,117144
41602,13603
41602,137107
41602,100685
41602,135779
41602,92663
41602,106819
41602,114304
41602,126719
41608,13674
41608,17739
41608,28495
41608,61695
41608,76443
41608,86704
41608,57648
41608,11948
41608,95292
41608,121785
41608,48555
41608,11991
41608,13499
41608,68282
41608,75125
41608,118800
41608,103635
41608,34066
41608,88226
41608,123051
41608,122749
41608,4780
41608,20136
41608,135487
41608,126465
41608,79449
41608,90770
41608,22471
41608,88219
41608,132817
41608,74882
41608,122582
41608,32114
41609,40202
41609,55235
41609,49513
41609,17007
41609,135667
41609,99369
41609,65379
41609,64286
41609,16092
41609,134655
41609,111307
41609,121540
41609,110019
41609,72749
41609,118513
41609,1835
41609,85502
41609,111080
41609,11780
41609,64294
41609,119128
41609,126548
41609,17558
41609,4086
41609,95215
41609,87297
41609,41565
41609,96377
41609,1875
41609,6893
41609,58075
41609,60003
41609,134976
41611,48186
41611,120591
41611,37875
41611,23653
41611,105030
41611,94209
41611,73333
41611,13005
41611,674
41611,98130
41611,137282
41611,95792
41611,69543
41611,76084
41611,54010
41611,43120
41611,41378
41611,39129
41611,21922
41611,72324
41611,23197
41611,94617
41611,29177
41611,70737
41611,115766
41611,43065
41611,83517
41611,104086
41611,79898
41611,30815
41611,14101
41611,86785
41612,14336
41612,130423
41612,113051
41612,66013
41612,62393
41612,119165
41612,86298
41612,22162
41612,110728
41612,31400
41612,107776
41612,133794
41612,88461
41612,7861
41612,47997
41612,37628
41612,33074
41612,15715
41612,12097
41612,110592
41612,139675
41612,111546
41612,59587
41612,96470
41612,36844
41612,50720
41612,18730
41612,135188
41612,26355
41612,88579
41613,120005
41613,94803
41613,28783
41613,1643
41613,113372
41613,105303
41613,7547
41613,69704
41613,43034
41613,131836
41613,99705
41613,213
41613,13196
41613,133782
41613,25942
41613,136611
41613,6887
41613,6136
41613,69716
41613,43876
41613,97423
41613,108291
41613,46741
41613,79257
41613,22804
41613,103007
41613,75211
41613,104850
41613,88619
41613,139878
41613,28894
41613,69130
41613,123991
41614,29286
41614,136159
41614,125069
41614,103937
41614,30627
41614,19435
41614,90063
41614,65606
41614,22824
41614,54731
41614,83045
41614,137826
41614,111856
41614,32243
41614,55688
41614,18380
41614,109431
41614,97099
41614,11622
41614,3625
41614,109185
41614,12447
41614,110789
41614,122660
41614,85567
41614,89119
41614,34375
41614,135286
41614,68826
41614,21812
41614,82957
41614,46162
41614,72684
41614,49152
41616,118639
41616,14441
41616,13596
41616,17104
41616,112378
41616,37763
41616,7444
41616,111703
41616,38088
41616,23498
41616,63273
41616,122808
41616,1674
41616,139965
41616,41573
41616,102623
41616,133800
41616,137813
41616,104692
41616,72816
41616,24675
41616,90534
41616,54911
41616,69212
41616,39580
41616,49281
41616,113979
41616,61277
41616,65891
41616,46412
41616,3422
41616,67503
41616,60324
41618,61695
41618,86704
41618,118766
41618,121362
41618,85430
41618,88226
41618,42265
41618,24519
41618,68282
41618,57648
41618,23862
41618,126465
41618,107846
41618,13499
41618,86928
41618,83134
41618,81451
41618,4780
41618,125747
41618,65704
41618,131203
41618,75897
41618,76770
41618,92927
41618,124191
41618,106872
41618,118919
41618,81720
41618,13019
41618,68601
41618,67161
41618,560
41619,28260
41619,44381
41619,85836
41619,37003
41619,76728
41619,48454
41619,333
41619,4081
41619,15458
41619,126197
41619,14259
41619,83447
41619,104565
41619,124612
41619,79340
41619,16730
41619,139112
41619,137429
41619,108819
41619,59195
41619,62608
41619,29649
41619,89448
41619,118913
41619,70444
41619,76219
41619,77528
41619,117224
41619,13170
41619,123405
41619,38585
41620,112479
41620,27699
41620,22578
41620,118507
41620,92772
41620,12135
41620,124741
41620,40441
41620,120403
41620,34020
41620,32842
41620,73745
41620,113229
41620,126899
41620,63708
41620,94863
41620,75736
41620,58579
41620,62469
41620,95175
41620,133710
41620,15351
41620,9437
41620,121350
41620,10763
41620,106236
41620,32358
41620,10107
41620,116724
41620,123227
41620,138233
41620,137602
41620,55310
41622,80930
41622,106304
41622,6578
41622,33083
41622,119942
41622,57181
41622,55669
41622,103663
41622,131608
41622,75747
41622,139764
41622,61015
41622,90312
41622,82237
41622,9987
41622,69107
41622,43997
41622,44737
41622,45604
41622,117742
41622,98998
41622,118366
41622,132104
41622,8243
41622,18107
41622,10552
41622,90439
41622,4297
41622,26357
41622,110977
41622,32788
41622,1842
41622,81767
41623,116851
41623,61751
41623,87921
41623,12666
41623,15243
41623,27984
41623,48616
41623,103962
41623,71374
41623,96152
41623,34549
41623,97451
41623,19210
41623,13494
41623,8027
41623,28100
41623,85918
41623,95459
41623,106513
41628,17115
41628,127464
41628,9654
41628,5909
41628,22254
41628,119464
41628,28251
41628,65572
41628,112825
41628,108189
41628,107702
41628,102008
41628,91835
41628,5608
41628,36232
41628,26382
41628,18345
41628,17678
41628,56620
41628,89172
41628,5794
41628,26960
41628,89570
41628,91686
41628,24495
41628,92279
41629,67826
41629,37639
41629,130787
41629,111699
41629,3300
41629,7581
41629,54367
41629,34832
41629,58368
41629,123833
41629,86494
41629,68918
41629,1641
41629,101792
41629,37135
41629,115122
41629,112988
41629,73758
41629,93592
41629,63070
41629,92966
41629,48156
41629,39934
41629,122679
41629,69781
41629,133448
41630,102553
41630,103442
41630,123352
41630,104755
41630,55489
41630,14487
41630,112385
41630,16668
41630,18343
41630,48007
41630,100634
41630,61193
41630,107918
41630,117988
41630,94094
41630,71870
41630,118834
41630,77025
41630,127779
41630,49115
41630,110705
41630,66449
41630,96405
41630,106876
41630,12946
41630,68306
41630,71717
41630,64947
41630,7313
41632,27699
41632,32358
41632,121350
41632,21808
41632,10107
41632,32842
41632,112101
41632,58217
41632,57114
41632,112479
41632,122734
41632,40441
41632,77856
41632,94194
41632,126899
41632,10763
41632,92611
41632,126073
41632,69607
41632,5286
41632,9589
41632,66606
41632,27525
41632,121675
41632,137264
41632,139917
41632,82688
41632,113229
41632,34020
41632,121101
41632,134883
41632,98323
41633,9673
41633,13991
41633,121950
41633,96646
41633,15596
41633,123196
41633,90205
41633,56935
41633,46946
41633,101308
41633,20616
41633,107783
41634,3542
41634,79508
41634,89577
41634,138018
41634,129690
41634,92705
41634,12994
41634,22118
41634,118084
41634,113924
41634,40998
41634,140795
41634,97508
41634,4386
41634,80283
41634,46653
41634,124535
41634,20995
41634,69911
41634,99259
41634,105498
41634,78116
41634,90331
41634,19859
41634,82435
41634,94663
41634,66758
41635,1274
41635,872
41635,126928
41635,23562
41635,118590
41635,75404
41635,127316
41635,117216
41635,20834
41635,131973
41635,31513
41635,136511
41635,71346
41635,17236
41635,57306
41635,64743
41635,102050
41635,85433
41635,10118
41635,97818
41635,70394
41635,84796
41635,118827
41635,23169
41635,133466
41635,24066
41635,80330
41635,37535
41635,16589
41635,112354
41635,55596
41635,119524
41635,60583
41637,30867
41637,62593
41637,121076
41637,105300
41637,1563
41637,132974
41637,21469
41637,119388
41637,11719
41637,15174
41637,33341
41637,126103
41637,117787
41637,50912
41637,34668
41637,110402
41637,73134
41637,33764
41637,46769
41637,67367
41637,68723
41637,27040
41637,17345
41637,130231
41637,84322
41637,136686
41637,77219
41637,74782
41637,40814
41637,41001
41637,123377
41637,57548
41639,83096
41639,20013
41639,89238
41639,92432
41639,99062
41639,67250
41639,15195
41639,92226
41639,73699
41639,52125
41639,46517
41639,116747
41639,40165
41639,231
41639,55380
41639,31148
41639,5700
41639,1448
41639,103744
41639,15107
41639,103984
41639,21534
41639,86717
41639,73877
41639,88112
41639,8474
41639,93203
41639,99129
41639,128943
41639,27812
41639,59973
41639,96449
41639,85991
41640,63424
41640,113590
41640,52227
41640,83888
41640,125171
41640,44480
41640,132945
41640,26110
41640,38569
41640,12764
41640,112739
41640,119506
41640,125819
41640,37458
41640,61374
41640,122117
41640,29273
41640,108857
41640,98304
41640,9063
41640,11966
41640,19517
41640,29260
41640,73546
41640,70104
41640,59402
41640,116386
41640,88541
41640,25620
41640,37224
41640,111970
41640,113687
41640,115460
41642,82942
41642,64196
41642,109832
41642,119929
41642,86068
41642,124406
41642,100161
41642,87043
41642,136965
41642,15468
41642,14327
41642,5849
41642,91955
41642,70746
41642,134312
41642,1072
41642,12464
41642,107373
41642,78453
41642,30377
41642,78436
41642,123548
41643,36412
41643,72731
41643,36045
41643,126818
41643,5505
41643,105123
41643,93741
41643,44883
41643,119316
41643,121008
41643,13483
41643,47392
41643,90380
41643,53141
41643,110663
41643,80422
41643,78649
41643,15802
41643,118916
41643,53454
41643,43028
41643,125656
41643,64949
41643,15945
41643,66917
41643,16467
41643,62417
41643,25564
41643,21198
41643,51616
41643,77959
41643,122299
41644,105104
41644,80259
41644,138004
41644,52111
41644,58277
41644,63171
41644,140816
41644,17998
41644,79338
41644,12808
41644,134633
41644,124443
41644,78345
41644,132771
41644,75995
41644,66893
41644,110328
41644,9188
41644,96707
41644,51809
41644,16815
41644,44018
41644,34824
41644,66737
41644,58167
41644,84635
41644,91906
41644,8685
41644,140570
41644,43369
41644,2787
41644,86026
41644,120267
41645,87796
41645,43966
41645,79534
41645,133729
41645,13878
41645,63682
41645,41585
41645,42875
41645,89836
41645,34348
41645,115763
41645,74276
41645,125447
41645,111356
41645,13155
41645,14504
41645,108513
41645,87673
41645,65983
41645,110963
41645,37788
41645,121287
41645,41368
41645,134786
41645,18569
41645,35043
41645,85576
41645,136754
41646,69392
41646,25827
41646,7256
41646,44493
41646,66464
41646,5420
41646,6559
41646,1958
41646,69730
41646,124845
41646,99161
41646,86107
41646,76226
41646,46045
41646,2037
41646,89603
41646,109810
41646,8903
41646,124751
41646,64115
41646,39543
41646,9138
41646,39485
41646,65987
41646,52669
41646,96753
41646,127898
41646,131346
41646,208
41646,106982
41646,124813
41646,120586
41646,11976
41647,108091
41647,74169
41647,89200
41647,121972
41647,3797
41647,1591
41647,123036
41647,121692
41647,55986
41647,102355
41647,107857
41647,23206
41647,131773
41647,90621
41647,100023
41647,65313
41647,11768
41647,114107
41647,93078
41647,68313
41647,43044
41647,21251
41647,50208
41647,138168
41647,19333
41647,86231
41647,129233
41647,35502
41647,119540
41647,13659
41647,77629
41647,18602
41649,44381
41649,62608
41649,120572
41649,124276
41649,110005
41649,83363
41649,97842
41649,28260
41649,43127
41649,44439
41649,85836
41649,44017
41649,104565
41649,130870
41649,103166
41649,124612
41649,82289
41649,15458
41649,48454
41649,76728
41649,127812
41649,37003
41649,68800
41649,35849
41649,23891
41649,16730
41649,137429
41649,3425
41651,72472
41651,31761
41651,92469
41651,118727
41651,30016
41651,41014
41651,125776
41651,53575
41651,98055
41651,57023
41651,56740
41651,69988
41651,105154
41651,122134
41651,117125
41651,98509
41651,84364
41651,89858
41651,11393
41651,64962
41651,12058
41651,108924
41651,94062
41651,79965
41651,106934
41651,91647
41651,81193
41651,58095
41651,25169
41651,14952
41651,85908
41651,136858
41651,22652
41651,111829
41652,90959
41652,98024
41652,22228
41652,4067
41652,138030
41652,116316
41652,43593
41652,1380
41652,18847
41652,22885
41652,94010
41652,114986
41652,92769
41652,9985
41652,97680
41652,15362
41652,87456
41652,125266
41652,51428
41652,13095
41652,13625
41652,19895
41652,41321
41652,39261
41652,42361
41652,13990
41652,68769
41655,134417
41655,33168
41655,43749
41655,120144
41655,13443
41655,120665
41655,37283
41655,9812
41655,103860
41655,131110
41655,63145
41655,51979
41655,107785
41655,1085
41655,52784
41655,134966
41655,98770
41655,60008
41655,87215
41655,1140
41655,72597
41655,12579
41655,69615
41655,29811
41655,28939
41655,38484
41655,15251
41655,10721
41655,110264
41655,89962
41655,79221
41655,117439
41655,51885
41656,79995
41656,14967
41656,56694
41656,136688
41656,70014
41656,125279
41656,83042
41658,83537
41658,25965
41658,95757
41658,133102
41658,68809
41658,71568
41658,79956
41658,121674
41661,25521
41661,9016
41661,42725
41661,107998
41661,10942
41661,134890
41661,135108
41661,112786
41661,115455
41661,19854
41661,17626
41661,30852
41661,26819
41661,113918
41661,55620
41661,92214
41661,27654
41661,80291
41661,108811
41661,102398
41661,3274
41661,65405
41661,73268
41661,54947
41661,6133
41661,45658
41661,136428
41661,140645
41661,123665
41661,41329
41661,109478
41661,12822
41661,85150
41662,76443
41662,45896
41662,13674
41662,42693
41662,65860
41662,24519
41662,4780
41662,105796
41662,13499
41662,116211
41662,92927
41662,77504
41662,134823
41662,94080
41662,68282
41662,61695
41662,34578
41662,132817
41662,137330
41662,100081
41662,131203
41662,75897
41662,70683
41662,81451
41662,106872
41662,39355
41662,28694
41662,68760
41662,136202
41662,82439
41662,81720
41663,122157
41663,129224
41663,30579
41663,64750
41663,47109
41663,86183
41663,108814
41663,131389
41663,46957
41663,77146
41663,67285
41663,90404
41663,120313
41663,54480
41664,419
41664,24021
41664,85065
41664,125053
41664,58136
41664,137514
41664,79068
41664,67569
41664,112568
41664,225
41664,91687
41664,131901
41664,89951
41664,98457
41664,88553
41664,98557
41664,131344
41664,117751
41664,62168
41664,111940
41664,136880
41664,130532
41664,77465
41664,80251
41665,50553
41665,122377
41665,26422
41665,24646
41665,92733
41665,92078
41665,2506
41665,21244
41665,124355
41665,81150
41665,35975
41665,60046
41665,95225
41665,57728
41665,117972
41665,9456
41665,28522
41665,109237
41665,99326
41665,104217
41665,8706
41665,38256
41665,130073
41665,53745
41665,9223
41665,42674
41665,39966
41665,125002
41665,103663
41665,114939
41665,41396
41665,19626
41668,67943
41668,122786
41668,73924
41668,52863
41668,75191
41668,101337
41668,23470
41668,24082
41668,43598
41668,51601
41668,81129
41668,76431
41668,76397
41668,102988
41668,58170
41668,122680
41668,31124
41668,112543
41668,83491
41668,22204
41668,111666
41668,107606
41668,133385
41668,53478
41668,52624
41668,19917
41668,28164
41668,424
41669,79194
41669,139308
41669,79214
41669,25560
41669,10398
41669,37902
41669,65630
41669,42080
41669,55194
41669,75601
41669,1259
41669,96484
41669,42175
41669,78738
41669,124259
41669,126327
41669,129182
41669,104210
41669,79401
41669,17922
41672,30200
41672,55114
41672,97050
41672,133494
41672,30547
41672,22441
41672,58255
41672,68952
41672,121726
41672,25143
41672,94612
41672,92037
41672,26934
41672,82660
41672,94491
41672,71364
41672,101042
41672,34275
41672,15779
41672,112008
41672,140673
41672,124857
41672,130320
41672,77123
41672,68506
41672,105690
41672,68241
41672,86086
41672,10053
41672,77805
41672,99073
41672,70776
41672,52893
41673,108008
41673,103385
41673,121777
41673,122386
41673,125385
41673,47797
41673,52672
41673,10097
41673,116578
41673,123295
41673,97549
41673,134853
41673,5550
41673,11904
41673,113949
41673,62670
41673,118716
41673,55567
41673,71224
41673,65491
41673,80078
41673,74126
41673,105201
41673,74264
41673,11874
41673,72351
41673,116657
41673,107692
41673,92191
41673,111967
41676,37489
41676,33216
41676,85097
41676,113182
41676,65909
41676,121248
41676,96876
41676,17743
41676,132470
41676,76239
41676,77036
41676,60434
41676,47687
41676,101358
41677,134884
41677,119011
41677,132050
41677,102607
41677,35914
41677,13293
41677,42810
41677,138813
41677,55589
41677,61339
41677,61573
41677,97095
41677,125424
41677,57871
41677,75283
41677,120862
41677,74241
41682,19674
41682,59213
41682,106993
41682,73836
41682,28660
41682,110133
41682,117877
41682,129860
41682,10394
41682,42054
41682,102654
41682,18919
41682,16091
41682,14771
41682,119254
41682,124197
41682,488
41682,125497
41682,50067
41683,99851
41683,134491
41683,138201
41683,131978
41683,14107
41683,9783
41683,106223
41683,10920
41683,8041
41683,126952
41683,36899
41683,85520
41683,72477
41683,100744
41683,7268
41683,113430
41683,116796
41683,48967
41683,126904
41683,5622
41683,2612
41683,38655
41683,70423
41683,118792
41683,99299
41683,45659
41683,35349
41683,78147
41683,34018
41683,127932
41683,24125
41683,120126
41684,118766
41684,13674
41684,78866
41684,132817
41684,92927
41684,11948
41684,70903
41687,22131
41687,92038
41687,140337
41687,50199
41687,38497
41687,137893
41687,38800
41687,140239
41687,33982
41687,58833
41687,711
41687,101146
41687,16824
41687,4076
41687,90583
41687,14675
41687,139388
41687,50438
41687,58124
41687,39825
41687,90457
41687,49487
41688,10965
41688,68607
41688,132194
41688,61178
41688,99239
41688,134885
41688,50299
41688,92375
41688,64746
41688,100252
41688,64110
41688,108411
41688,61690
41688,100775
41688,131642
41688,57564
41688,100819
41688,78719
41688,25496
41688,136899
41688,46954
41688,56166
41688,19676
41688,69430
41688,40072
41688,118398
41688,84096
41688,56232
41688,1492
41688,65912
41688,57754
41688,106549
41690,103557
41690,77015
41690,128245
41690,53368
41690,122750
41690,67563
41690,73280
41690,55623
41690,69262
41690,58793
41690,131749
41690,105664
41690,84833
41690,12910
41690,51277
41690,125885
41690,1507
41690,123553
41690,118802
41690,109519
41690,1634
41690,25652
41690,100313
41690,50194
41690,51737
41690,103613
41690,64504
41690,72537
41690,7546
41690,64388
41690,12
41693,108102
41693,135300
41693,21870
41693,21077
41693,48237
41693,105871
41693,69193
41693,15773
41693,132633
41693,128937
41693,71445
41693,68811
41693,25599
41693,17013
41693,134029
41693,43404
41693,28797
41693,43963
41693,17654
41693,6841
41693,127938
41693,86196
41693,25459
41693,89983
41694,71487
41694,95387
41694,16668
41694,133280
41694,2991
41694,104755
41694,22394
41694,112341
41694,14487
41694,77025
41694,36802
41694,81470
41694,66449
41694,41582
41694,31149
41694,28149
41694,106812
41694,35360
41694,54200
41694,119092
41694,48629
41694,105416
41694,78935
41694,100179
41694,68119
41694,94094
41694,2061
41694,48007
41695,69937
41695,36427
41695,118655
41695,17633
41695,120699
41695,79740
41695,34214
41695,98862
41695,36871
41695,139197
41695,120851
41695,62433
41695,69154
41695,84032
41695,89695
41695,112274
41695,70606
41695,110940
41695,21419
41695,32112
41695,31643
41695,7051
41695,74754
41695,69261
41695,129968
41695,10566
41695,138550
41695,28537
41695,14878
41695,12940
41695,125311
41695,61833
41704,129374
41704,74036
41704,15660
41704,27127
41704,137686
41704,100553
41704,30331
41704,123821
41704,95588
41704,35083
41704,48318
41704,118211
41704,37291
41704,4500
41704,89205
41704,113550
41704,116423
41704,118494
41704,109817
41704,51603
41705,44042
41705,44480
41705,119506
41705,63424
41705,52227
41705,113590
41705,47456
41705,83888
41705,125171
41705,26110
41705,12764
41705,112739
41705,38569
41705,125819
41705,37458
41705,132945
41705,40805
41705,61374
41705,10650
41705,122962
41705,122117
41705,29273
41705,26920
41705,125614
41705,19517
41705,9063
41705,29260
41705,73546
41705,70104
41705,116386
41705,88541
41705,111970
41705,113687
41705,25620
41706,70392
41706,134253
41706,42341
41706,3320
41706,82860
41706,50071
41706,24649
41706,53407
41706,45513
41706,71093
41706,93866
41706,16403
41706,114357
41706,16889
41706,85621
41706,56371
41706,30213
41706,62332
41706,73873
41706,10940
41706,25391
41707,65840
41707,76844
41707,49082
41707,124581
41707,32052
41707,96715
41707,24625
41707,69208
41707,87129
41707,36939
41707,7965
41707,111924
41707,4442
41707,2358
41707,75695
41707,69601
41707,10176
41707,126986
41707,17511
41707,8774
41707,112769
41707,23998
41707,101650
41707,135896
41707,73340
41707,49812
41707,12943
41707,72979
41707,69409
41707,16133
41707,128383
41707,644
41708,89341
41708,115310
41708,89476
41708,55791
41708,30618
41708,10107
41708,21808
41708,28383
41708,134586
41708,106236
41708,60223
41708,132925
41708,22578
41708,58217
41708,82404
41708,102466
41708,27525
41708,140533
41708,5286
41708,121350
41708,10763
41708,101162
41708,66606
41708,62326
41708,112101
41708,94194
41708,32842
41708,130258
41708,92611
41708,121101
41708,134232
41708,57114
41710,83593
41710,113231
41710,113530
41710,12309
41710,72896
41710,30038
41710,9211
41710,63772
41710,130223
41710,114214
41710,111577
41710,86881
41710,62961
41710,45586
41710,34383
41712,15033
41712,43607
41712,125488
41712,128219
41712,131399
41712,21203
41712,56248
41712,6900
41712,56949
41712,124171
41712,81528
41712,11177
41712,25486
41712,63854
41712,100939
41712,72004
41712,1746
41712,78244
41712,19543
41712,121281
41712,74767
41712,50388
41712,93477
41712,14606
41712,65373
41712,66906
41712,63666
41712,15025
41712,80933
41712,62906
41712,66658
41712,10140
41714,19055
41714,24142
41714,76111
41714,101015
41714,129443
41714,67661
41714,41564
41714,111830
41714,15168
41714,58883
41714,111756
41714,132744
41714,11187
41714,127818
41714,9128
41714,27982
41715,70720
41715,22180
41715,90873
41715,848
41715,68837
41715,137562
41715,17500
41715,27885
41715,98175
41717,767
41717,40916
41717,39234
41717,108016
41717,52990
41719,67012
41719,70297
41719,61864
41719,130093
41719,78678
41719,33181
41719,30835
41719,17449
41719,53168
41719,65850
41719,19071
41719,73097
41719,121407
41719,92421
41719,5155
41719,127420
41719,118421
41719,98261
41719,67094
41719,42390
41719,22025
41719,48383
41720,89367
41720,38048
41720,27490
41720,17902
41720,127636
41721,56776
41721,33591
41721,104310
41721,13484
41721,38346
41721,125079
41721,88389
41721,42678
41721,71039
41721,82865
41721,115166
41721,47864
41721,133434
41721,6642
41721,113152
41721,92411
41721,6913
41721,62273
41721,45832
41721,108197
41721,97121
41721,123268
41721,14840
41721,5267
41721,91667
41721,16466
41721,139453
41721,110225
41721,48913
41721,3628
41721,92724
41721,65639
41721,123391
41722,115763
41722,68689
41722,27711
41722,41585
41722,42875
41722,11414
41722,70352
41722,114777
41722,44476
41722,9522
41722,34348
41722,38846
41722,121287
41722,18569
41722,36612
41722,44879
41722,67688
41722,63682
41722,99894
41722,35043
41722,37788
41722,134786
41722,130603
41722,33163
41722,117347
41722,68783
41722,102112
41722,135195
41722,115207
41723,34746
41723,11147
41723,10411
41723,95159
41723,128591
41723,82713
41723,77385
41723,56518
41723,87682
41723,63250
41723,63827
41723,132655
41723,21382
41723,77862
41723,60924
41723,103855
41723,72276
41723,60414
41723,59494
41723,94371
41723,47538
41723,107376
41723,89501
41723,72005
41723,22314
41723,70734
41723,73054
41723,116206
41728,111322
41728,13659
41728,60833
41728,107857
41728,69031
41728,88914
41728,122268
41728,129658
41728,1704
41728,36410
41728,100023
41728,76996
41728,47877
41728,106793
41728,85987
41728,18602
41728,9122
41728,8515
41728,88593
41728,63205
41729,640
41729,138900
41729,130646
41729,138908
41729,36057
41729,104526
41729,123699
41729,92100
41729,75562
41729,57986
41729,9813
41729,112870
41729,23819
41729,97244
41729,79737
41729,60746
41729,100401
41729,85978
41729,100503
41729,26052
41729,40209
41729,34026
41729,22312
41729,103036
41729,115234
41729,27982
41729,136720
41729,134406
41729,40027
41729,134568
41729,118666
41731,63117
41731,138307
41731,119230
41731,92347
41731,138169
41731,35574
41731,128170
41731,48813
41731,98622
41731,88685
41731,30850
41731,32232
41731,38976
41731,73547
41731,6225
41731,23587
41733,57551
41733,44562
41733,119966
41733,119785
41733,27820
41733,126566
41733,125794
41733,56803
41733,15988
41733,64822
41733,133858
41733,44489
41733,80196
41733,114181
41733,140364
41733,44632
41733,72174
41733,36898
41733,86751
41733,33765
41733,137798
41733,122251
41733,53423
41733,80535
41733,32337
41734,96799
41734,44636
41734,118432
41734,15675
41734,124904
41734,114618
41734,76599
41734,10296
41734,33336
41734,75392
41734,88547
41734,51386
41734,72992
41734,29804
41734,2125
41734,140801
41734,111999
41734,63314
41734,29111
41734,91190
41734,67369
41734,57585
41734,108284
41734,90565
41734,103017
41734,62688
41734,105634
41734,109862
41734,15455
41734,27739
41734,121240
41734,129075
41735,33934
41735,23097
41735,33332
41735,120593
41735,48625
41735,136248
41735,37849
41735,26451
41735,49498
41735,44779
41735,90880
41735,44442
41735,128564
41735,51415
41735,8001
41735,106016
41735,2640
41735,61820
41735,66341
41735,106019
41735,130926
41735,56177
41735,106192
41735,75372
41735,41054
41735,51030
41735,51199
41735,67625
41735,60548
41735,39573
41735,16060
41735,88177
41737,124904
41737,96799
41737,74242
41737,14868
41737,47215
41737,129537
41737,19783
41737,29111
41737,15675
41737,100692
41737,76599
41737,40738
41737,44636
41737,75392
41737,106839
41737,117170
41737,140801
41737,47839
41737,7609
41737,139492
41737,47019
41737,56478
41737,39719
41737,43343
41737,75320
41737,29804
41737,105634
41737,109862
41737,27739
41737,92274
41737,121976
41737,62688
41737,78413
41737,125140
41738,105016
41738,120269
41738,7522
41738,116431
41738,35951
41738,99217
41738,107152
41738,3249
41738,40861
41738,84047
41738,124732
41738,112674
41738,29904
41738,66995
41738,55622
41738,378
41738,72708
41738,23565
41738,62470
41738,140147
41738,82186
41738,3305
41738,118440
41738,134531
41738,126556
41738,38321
41738,46950
41738,133670
41738,21744
41738,115450
41738,137425
41738,136891
41740,30618
41740,22578
41740,21808
41740,10107
41740,126899
41740,77856
41740,10763
41740,113229
41740,134232
41740,112101
41740,57114
41740,112479
41740,139917
41740,121350
41740,66606
41740,134086
41740,82688
41740,139418
41740,130258
41740,9589
41740,101162
41740,62326
41740,20772
41740,94194
41740,71922
41740,133093
41740,108751
41740,5286
41740,124234
41740,58217
41740,23073
41740,121675
41741,61920
41741,79295
41741,66172
41741,44532
41741,74050
41741,100043
41741,93087
41742,83472
41742,61462
41742,42586
41742,16239
41742,113622
41742,65833
41742,124543
41742,24397
41742,55381
41742,12214
41742,64381
41742,60490
41742,34425
41742,101312
41742,33166
41742,19187
41742,3661
41742,21124
41742,57166
41742,94144
41742,69300
41742,91781
41742,22739
41742,132441
41742,56438
41742,66876
41742,21716
41742,1660
41742,106489
41742,21960
41742,108642
41742,113317
41743,140006
41743,12785
41743,97986
41743,97054
41743,52527
41743,48019
41743,106764
41743,65218
41743,113788
41743,70999
41743,57196
41743,58163
41743,109222
41743,128588
41743,34790
41743,123264
41743,24168
41743,8085
41743,64884
41743,32624
41743,92211
41743,71581
41743,63494
41743,69371
41743,41366
41743,27230
41743,137855
41743,90694
41743,59782
41743,120787
41743,56348
41743,68363
41743,11974
41745,77175
41745,8820
41745,58619
41745,118671
41745,66654
41745,64993
41745,112128
41745,118072
41745,136370
41745,121130
41745,136039
41745,41177
41745,8649
41745,76311
41745,117698
41745,10100
41745,4657
41745,74285
41745,75985
41745,27235
41745,62534
41745,70526
41745,130514
41745,26302
41745,31745
41745,133771
41745,104071
41745,74824
41745,117331
41745,40571
41746,15692
41746,94391
41746,107766
41746,30935
41746,40268
41746,26474
41746,123399
41746,72325
41746,82715
41746,99110
41746,12550
41746,6830
41746,47222
41746,30245
41746,103019
41748,106421
41748,3775
41748,48004
41748,64872
41748,7377
41748,63604
41748,2906
41748,79106
41748,62031
41748,70887
41748,113402
41748,120248
41748,107028
41748,77574
41748,96112
41748,127988
41748,41400
41748,38758
41748,88616
41748,140016
41748,21638
41748,99314
41748,72631
41748,56917
41748,40048
41748,25979
41748,78642
41748,28517
41748,29230
41748,45961
41748,121198
41748,19150
41748,38064
41748,78926
41751,128173
41751,100610
41751,125670
41751,44113
41751,79093
41751,498
41751,51333
41751,74398
41751,21092
41751,8294
41751,82125
41751,15704
41751,73203
41751,91187
41751,61659
41751,87955
41751,136471
41751,136219
41753,110646
41753,71926
41753,124620
41753,39648
41753,130670
41756,133634
41756,40906
41756,35818
41756,24572
41756,7847
41756,29827
41756,121355
41756,68188
41756,120136
41756,105599
41756,31968
41756,41263
41756,80086
41756,86126
41756,86528
41756,90958
41756,70808
41756,44913
41756,128540
41757,109396
41757,42937
41757,90063
41757,19435
41757,66602
41757,351
41757,131712
41757,94816
41757,87377
41757,28460
41757,90923
41757,128655
41757,75491
41757,28248
41757,81759
41757,95711
41757,139893
41757,85567
41757,12447
41757,76656
41757,88901
41757,8563
41757,55690
41757,78283
41757,71671
41757,19321
41757,99178
41757,21812
41757,37881
41758,16118
41758,2491
41758,100825
41758,42618
41758,106764
41758,29598
41758,104434
41758,11753
41758,108111
41758,126012
41758,71581
41758,90694
41758,97529
41758,48068
41758,27230
41758,125209
41758,56665
41758,114892
41758,105032
41758,104497
41758,134892
41758,88609
41758,41444
41758,108351
41758,120821
41758,105146
41758,2641
41758,70989
41758,107772
41758,115692
41758,10794
41758,13568
41758,57471
41760,107652
41760,116505
41760,118670
41760,132210
41760,131917
41760,80545
41760,73145
41760,124043
41760,119794
41760,135028
41760,33828
41760,87652
41760,53883
41760,9831
41760,73077
41760,103174
41760,106307
41760,95604
41760,101520
41760,46027
41760,28132
41760,53916
41760,123898
41760,31038
41760,37540
41760,16325
41760,3235
41760,63417
41760,19836
41760,28496
41760,56697
41760,56908
41761,674
41761,137282
41761,18468
41761,88817
41761,75626
41761,63355
41761,8914
41761,125794
41761,43065
41761,12678
41761,29251
41761,42506
41761,113664
41761,12837
41761,5959
41761,69570
41761,79441
41761,68437
41761,130294
41761,51920
41761,49966
41761,45466
41761,79052
41761,84186
41761,43907
41761,87987
41761,69395
41761,22272
41761,26174
41761,24679
41761,102360
41761,127089
41762,13234
41762,34683
41762,63837
41762,29559
41762,6532
41762,139053
41762,22285
41762,81375
41762,86622
41762,43870
41762,109545
41762,28038
41762,99475
41762,99735
41762,76689
41762,33004
41762,97147
41762,68366
41762,112195
41762,91381
41762,113138
41765,67239
41765,12051
41765,53746
41765,56751
41765,16733
41765,26554
41765,96822
41765,37438
41765,53507
41765,70825
41765,91472
41765,50945
41766,48004
41766,34852
41766,106421
41766,2906
41766,99314
41766,20207
41766,90744
41766,57125
41766,453
41766,87256
41766,41400
41766,45961
41766,70624
41766,61586
41766,79625
41766,134288
41766,14024
41766,40048
41766,75795
41766,84341
41766,110765
41766,78642
41766,19150
41766,31962
41766,128834
41768,91601
41768,93978
41768,140202
41768,108191
41768,9801
41768,248
41768,27617
41768,11297
41768,97704
41768,58819
41768,60274
41768,89878
41768,98465
41768,57690
41768,102251
41768,26016
41768,88671
41768,7032
41768,39503
41768,41484
41768,132490
41768,28414
41768,32834
41768,50554
41768,11957
41768,40286
41768,55264
41768,125343
41768,135249
41768,108094
41768,12346
41768,78841
41768,40412
41769,32488
41769,77889
41769,101663
41769,27265
41769,120895
41769,128071
41769,103116
41769,30006
41769,51015
41769,76919
41769,10777
41769,93709
41769,21546
41769,61327
41769,117723
41769,109380
41769,86438
41769,88972
41769,39770
41769,83574
41769,12748
41769,6437
41769,86498
41769,89588
41769,24254
41769,5472
41769,82502
41770,49551
41770,85509
41770,18338
41770,51746
41770,2292
41770,95892
41770,8175
41770,44674
41770,132936
41770,115628
41770,73307
41770,137691
41770,116107
41770,34908
41770,73673
41770,131483
41770,26714
41770,32400
41770,63903
41770,87774
41770,118065
41770,44942
41770,44275
41770,14634
41770,6669
41770,69636
41770,33137
41770,41201
41770,122961
41770,135633
41770,21036
41773,44213
41773,119002
41773,50366
41773,54795
41773,110915
41773,76755
41773,79141
41774,128219
41774,134331
41774,43607
41774,125488
41774,58916
41774,15033
41774,63854
41774,21203
41774,11164
41774,119735
41774,51100
41774,22133
41774,81528
41774,38878
41774,124171
41774,50760
41774,6900
41774,100183
41774,2059
41774,56949
41774,62906
41774,1746
41774,11177
41774,117955
41774,111449
41774,48309
41774,32605
41774,100939
41774,87336
41774,74767
41774,105804
41774,124374
41775,25914
41775,128949
41775,34158
41775,53282
41775,30744
41775,84106
41775,63075
41775,67194
41775,74106
41775,21878
41775,16955
41775,68069
41775,99176
41775,76946
41775,102593
41775,58542
41775,114709
41775,121029
41775,127519
41775,119214
41775,76023
41775,122984
41775,91153
41775,36359
41775,96221
41775,82640
41775,108117
41775,122826
41775,44065
41775,78205
41775,78667
41777,44447
41777,1332
41777,48580
41777,138055
41777,125432
41777,103301
41777,60651
41777,22917
41777,125574
41777,48944
41777,64019
41777,136206
41777,86729
41777,138239
41777,72317
41777,80213
41777,89302
41777,6565
41777,23522
41777,37542
41777,46955
41777,88884
41777,82515
41777,27941
41777,41183
41777,52675
41777,14000
41777,83531
41777,109726
41779,55011
41779,132061
41779,138900
41779,9813
41779,75562
41779,132744
41779,112870
41779,104526
41779,10438
41779,57986
41779,640
41779,70213
41779,111830
41779,65332
41779,26052
41779,136720
41779,40222
41779,15887
41779,40027
41779,67661
41779,27982
41779,127818
41779,9128
41779,100401
41779,25464
41779,54517
41779,102366
41779,149
41779,96994
41779,132669
41779,78814
41779,134568
41780,73333
41780,30093
41780,135053
41780,94209
41780,44518
41780,8029
41780,45275
41780,40303
41780,100931
41780,57624
41780,130803
41780,57538
41780,124471
41780,94781
41780,71760
41780,53381
41780,64165
41780,81839
41780,16965
41780,18049
41780,74875
41780,101443
41781,18731
41781,38437
41781,115241
41781,120089
41781,120291
41781,102756
41781,129896
41781,17000
41781,116170
41781,34734
41781,66285
41781,79253
41781,112178
41781,10335
41781,89294
41781,137258
41783,7377
41783,106230
41783,106421
41783,90920
41783,87154
41783,124778
41783,86989
41783,113402
41783,87490
41783,79106
41783,3775
41783,48004
41783,34852
41783,120248
41783,2906
41783,135238
41783,57934
41783,70624
41783,128155
41783,72826
41783,63604
41783,134288
41783,101982
41783,28517
41783,80579
41783,14024
41783,38913
41783,93594
41783,57125
41783,38064
41783,35010
41783,19150
41783,128834
41785,23228
41785,118859
41785,66209
41785,126136
41785,81772
41785,120046
41785,29705
41785,53298
41787,102433
41787,68960
41787,54577
41787,94562
41787,25130
41787,32501
41787,126553
41787,126761
41787,12643
41787,16764
41787,71280
41787,32596
41787,90064
41787,106010
41787,8530
41787,42170
41787,23875
41787,59186
41787,92288
41787,53672
41787,112778
41787,67766
41787,53779
41787,6969
41787,73278
41787,40479
41787,135442
41787,38193
41787,18268
41787,93750
41787,92107
41787,124713
41788,135420
41788,16545
41788,18640
41788,49822
41788,31951
41788,86853
41788,69069
41788,16477
41788,64336
41788,101865
41788,28438
41788,91337
41788,81498
41788,123395
41788,3599
41788,80309
41788,66541
41788,58783
41788,96225
41788,38759
41788,19785
41788,128890
41788,105799
41788,34564
41788,31724
41788,28645
41788,115880
41788,120417
41788,122129
41788,68805
41788,112060
41788,131935
41788,19311
41791,11218
41791,71158
41791,89112
41791,27626
41791,107718
41791,37140
41791,56003
41791,61645
41791,27935
41791,48356
41791,126153
41791,107202
41791,134594
41791,136605
41791,117007
41791,33040
41791,96407
41791,109152
41791,79070
41791,95662
41791,130716
41791,70573
41791,120093
41791,24226
41791,11112
41791,9551
41791,64767
41791,27199
41791,31709
41791,89488
41791,54505
41791,28531
41791,25749
41793,58952
41793,118755
41793,59240
41793,136927
41793,112686
41793,106280
41793,6080
41793,55621
41793,137211
41793,127957
41793,93735
41793,84357
41793,10563
41793,61491
41793,137946
41793,48583
41793,16416
41793,56579
41793,105505
41793,39700
41793,22285
41793,48100
41793,58125
41793,68366
41793,39667
41793,137725
41793,130835
41793,43278
41793,116460
41793,94390
41793,54516
41793,103103
41793,62602
41795,91384
41795,78794
41795,131657
41795,70833
41795,47619
41795,13932
41795,3126
41795,54806
41795,46206
41795,79900
41795,120316
41795,71234
41795,108901
41795,85401
41795,116682
41795,54484
41795,18814
41795,14426
41795,91408
41795,26755
41795,108435
41795,102921
41795,99043
41795,111196
41795,20859
41795,94444
41795,105492
41796,106699
41796,62827
41796,117763
41796,3981
41796,9921
41796,117400
41796,76733
41796,27858
41796,84398
41796,92175
41796,117298
41796,135943
41796,63793
41796,129930
41796,49727
41796,43610
41796,88577
41796,105908
41796,20453
41796,47396
41796,30063
41798,20772
41798,32358
41798,94194
41798,92611
41798,32842
41798,112101
41798,112479
41798,132925
41798,21808
41798,137751
41798,63812
41798,52209
41798,55791
41798,134232
41798,126073
41798,139917
41798,69607
41798,139418
41798,10107
41798,137264
41798,27525
41798,60824
41798,126899
41798,60223
41798,98323
41798,69738
41798,77856
41798,130258
41798,101543
41798,23073
41798,34020
41799,14631
41799,112472
41799,80107
41799,59168
41799,123396
41799,4651
41799,69195
41799,71413
41799,21630
41799,1275
41799,71475
41799,15378
41799,24799
41799,93598
41799,4042
41799,102734
41799,88781
41799,41059
41799,118468
41799,74453
41799,105833
41799,71649
41799,129777
41799,59281
41799,117115
41799,24383
41799,95937
41799,9320
41799,64755
41799,88720
41799,2400
41799,130580
41799,125550
41800,35233
41800,1894
41800,128935
41800,71493
41800,6290
41800,120716
41800,75291
41800,130682
41800,136085
41800,120518
41800,69977
41800,90351
41800,2148
41800,54377
41800,17442
41800,39918
41800,98791
41800,74445
41800,134104
41800,58595
41800,139485
41800,102695
41800,62051
41800,68452
41800,24337
41800,55418
41800,110701
41800,45883
41800,128238
41800,40883
41800,17959
41800,86635
41800,55228
41800,82225
41801,122161
41801,101250
41801,32883
41801,23298
41801,95343
41801,8266
41801,54075
41801,44172
41801,87809
41801,53128
41801,136051
41801,41993
41801,19020
41801,122727
41801,5347
41801,7785
41801,41481
41801,126801
41801,38629
41801,79828
41801,110228
41801,119639
41801,47857
41801,30503
41801,107876
41801,98944
41801,20993
41801,3225
41801,47526
41801,2377
41801,7087
41801,65261
41801,87678
41801,257
41802,138185
41802,85599
41802,96751
41802,68230
41802,84496
41802,88624
41802,22771
41802,127132
41802,62251
41802,3469
41802,72928
41802,101480
41802,52289
41802,96078
41802,55467
41802,63695
41802,76075
41802,125168
41802,31059
41802,63896
41802,74682
41802,86982
41802,97294
41802,73139
41802,132562
41802,128858
41802,93150
41802,15447
41802,64175
41802,87416
41802,43528
41802,117788
41803,114807
41803,73356
41803,48678
41803,36263
41803,100523
41803,62219
41803,94807
41803,9016
41803,135446
41803,73268
41803,113892
41803,122455
41803,6742
41803,86205
41803,102445
41803,95788
41803,21318
41803,17413
41803,31419
41803,128946
41803,39789
41803,75748
41803,17768
41803,128708
41803,136428
41803,69487
41803,45658
41803,22632
41803,130893
41803,3274
41803,13992
41803,12822
41803,85825
41803,24430
41803,109478
41804,107026
41804,45260
41804,98697
41804,3912
41804,122169
41804,125742
41804,12617
41804,134970
41804,118837
41804,96209
41805,82903
41805,539
41805,70863
41805,69069
41805,115880
41805,22859
41805,112876
41805,63132
41805,103417
41805,135420
41805,93276
41805,64336
41805,101865
41805,49822
41805,96225
41805,58783
41805,78130
41805,34564
41805,86853
41805,137744
41805,130558
41805,81598
41805,35994
41805,57363
41805,57031
41805,110645
41805,20187
41805,50184
41805,19785
41805,112060
41805,122129
41805,131935
41805,19311
41806,8800
41806,66323
41806,113448
41806,1127
41806,66439
41806,76790
41806,51493
41806,105937
41806,100162
41806,36843
41806,90960
41806,110188
41806,18059
41806,75715
41806,60992
41806,7712
41806,107752
41806,89169
41806,76360
41806,114180
41806,16679
41806,11879
41806,63472
41806,40236
41806,62308
41806,81208
41806,50037
41806,49754
41806,41723
41806,27732
41807,11922
41807,90069
41807,42178
41807,133028
41807,125997
41807,7665
41807,68261
41807,92336
41807,128223
41807,28995
41807,45147
41807,39029
41807,108158
41807,110500
41807,34145
41807,133354
41807,12142
41807,77957
41807,37652
41807,75538
41807,131328
41807,66962
41807,68244
41807,13277
41807,36728
41807,120474
41807,47661
41807,83064
41807,54556
41807,132992
41807,127660
41807,37415
41807,110792
41808,113582
41808,21839
41808,123781
41808,83438
41808,131320
41808,47308
41808,50116
41808,70145
41808,69022
41808,123094
41808,47842
41808,57378
41808,71054
41808,543
41808,138078
41808,102719
41808,117441
41808,30422
41808,99833
41808,132043
41808,125469
41808,96513
41808,137917
41808,23300
41808,11970
41808,3111
41808,87788
41809,98792
41809,31055
41809,58945
41809,67378
41809,2190
41809,69890
41809,92908
41809,13088
41809,50088
41809,36430
41809,100042
41809,63487
41809,75818
41809,5408
41809,11895
41809,36646
41809,57515
41809,45219
41809,129352
41809,112132
41809,66136
41809,122233
41809,118685
41809,65212
41809,43753
41809,57612
41809,19791
41809,56067
41809,51262
41809,68527
41810,112574
41810,22131
41810,92038
41810,38800
41810,33982
41810,16824
41810,140337
41810,50199
41810,137893
41810,58833
41810,130428
41810,46279
41810,128556
41810,38497
41810,72799
41810,4076
41810,14675
41810,90583
41810,123810
41810,134248
41810,85865
41810,140239
41810,711
41810,101146
41810,124224
41810,42964
41810,31781
41810,109772
41810,50438
41810,58475
41810,49487
41813,129305
41813,49826
41813,31380
41813,109251
41813,85970
41813,40505
41813,82197
41813,88691
41813,32747
41813,26643
41813,62023
41813,73637
41813,33172
41813,33337
41813,25005
41813,39313
41813,45736
41813,83858
41813,6798
41813,56076
41813,108352
41813,68496
41813,31192
41815,68176
41815,23122
41815,58457
41815,59261
41815,48428
41815,11692
41815,73060
41815,17136
41815,57200
41815,107306
41815,31230
41815,88952
41815,89037
41815,31767
41815,139443
41815,115876
41815,68629
41815,122235
41815,35879
41815,30664
41815,13669
41815,106287
41815,110012
41815,129624
41815,96116
41815,62771
41815,89661
41815,49495
41815,78003
41815,81044
41815,3772
41815,48614
41815,42944
41815,13185
41816,108659
41816,113717
41816,63683
41816,74822
41816,135557
41816,85270
41816,2263
41816,26128
41816,126516
41816,130655
41816,124325
41816,33901
41816,86164
41816,105041
41816,135289
41816,98488
41816,125676
41816,35811
41816,55165
41816,96073
41816,100890
41816,83701
41816,87777
41816,18108
41816,51289
41816,4367
41816,112629
41816,13953
41816,4618
41816,7622
41819,11058
41819,23671
41819,16542
41819,43237
41819,6679
41819,55395
41819,81114
41819,77355
41819,78399
41819,31407
41819,104351
41819,31815
41819,47471
41819,18141
41819,57800
41819,105209
41819,39618
41819,10130
41819,40346
41819,67145
41819,16066
41819,71517
41819,7416
41819,42505
41819,120315
41819,35277
41819,23965
41819,111411
41819,6082
41819,65149
41819,41285
41820,109867
41820,109004
41820,35115
41820,123385
41820,112611
41820,132822
41820,105022
41820,42785
41820,19624
41820,108612
41820,3764
41820,1423
41820,90654
41820,70250
41820,49010
41820,1373
41820,52930
41820,139864
41820,15353
41820,12903
41820,2146
41820,5140
41823,118670
41823,53883
41823,119794
41823,80545
41823,103174
41823,131917
41823,116505
41823,51178
41823,107652
41823,75972
41823,101520
41823,33828
41823,3724
41823,61011
41823,46027
41823,73145
41823,132210
41823,19836
41823,135028
41823,57169
41823,19157
41823,9831
41823,75890
41823,3235
41823,73077
41823,63417
41823,16325
41823,106307
41823,53916
41823,128272
41823,118206
41823,28132
41824,26049
41824,12776
41824,52513
41824,5766
41824,106245
41824,54720
41825,126228
41825,123058
41825,3272
41825,10943
41825,1335
41825,109756
41825,116891
41825,10284
41825,23114
41825,113187
41825,31843
41825,17066
41825,2839
41825,20497
41825,45170
41825,122688
41825,41458
41825,103349
41825,28998
41825,109945
41825,96669
41825,140535
41825,56532
41825,17193
41825,10370
41825,12589
41825,45430
41825,86437
41825,110109
41825,98828
41826,22982
41826,99221
41826,85601
41826,120146
41826,58077
41826,32867
41826,114462
41826,41311
41826,34436
41826,94478
41826,102003
41826,91848
41826,91871
41826,132733
41826,135892
41826,38107
41826,47737
41826,8184
41826,50789
41826,121290
41826,7245
41826,65797
41826,121224
41826,55225
41826,97757
41826,137950
41826,88919
41826,80231
41826,57459
41826,46077
41827,106421
41827,88616
41827,134288
41827,45961
41827,19150
41827,1949
41828,32317
41828,131896
41828,137648
41828,126842
41828,84319
41828,113318
41828,90679
41828,28614
41828,62826
41828,13279
41828,87255
41828,45264
41828,133909
41828,126163
41828,42000
41828,44338
41828,73017
41828,3803
41828,64413
41828,62148
41830,3371
41830,61924
41830,73013
41830,23720
41830,57092
41832,103908
41832,125744
41832,8134
41832,15609
41832,67140
41832,24092
41832,82897
41832,53266
41832,139165
41832,67619
41832,99219
41832,109612
41832,62587
41832,114209
41832,81804
41832,90254
41832,72508
41832,30435
41835,6559
41835,9138
41835,115599
41835,27853
41835,25069
41835,78845
41835,75921
41835,69226
41835,136645
41835,44616
41835,120586
41835,24560
41835,121412
41835,794
41835,88785
41835,19780
41835,11291
41835,15647
41835,11271
41835,32421
41835,107645
41835,120028
41835,68843
41835,94814
41835,96640
41835,108334
41835,748
41835,90776
41835,48020
41835,62236
41835,11976
41835,66261
41835,103903
41836,58952
41836,820
41836,6080
41836,81636
41836,118755
41836,120514
41836,30057
41836,90626
41836,10563
41836,47318
41836,122855
41836,72402
41836,55621
41836,9215
41836,76972
41836,48583
41836,93735
41836,97143
41836,111863
41836,7976
41836,127957
41836,37522
41836,56579
41836,35427
41836,67282
41836,116460
41836,130835
41836,94390
41837,57519
41837,131911
41837,58463
41837,137406
41837,51719
41837,3571
41837,101698
41837,114767
41837,59667
41837,138644
41837,88707
41837,118558
41837,110103
41837,64895
41837,121959
41837,85906
41837,31308
41837,79903
41837,22549
41837,63986
41837,69214
41837,130958
41837,99951
41837,43099
41837,116987
41837,128778
41837,139228
41837,54410
41837,10174
41837,127200
41837,101219
41837,88737
41838,98555
41838,59785
41838,61960
41838,60029
41838,82831
41838,62102
41838,34331
41838,10963
41838,10040
41838,7562
41838,127164
41838,83238
41838,56770
41838,120187
41838,1953
41838,118797
41838,72571
41838,104222
41838,32414
41838,122156
41838,4275
41838,94631
41838,87372
41838,37738
41838,28228
41838,73018
41838,19708
41839,133471
41839,108301
41839,78638
41839,35116
41839,139416
41839,4253
41839,96117
41839,71630
41839,126922
41839,61819
41839,79674
41839,1542
41839,123849
41844,44036
41844,123360
41844,37280
41844,84856
41844,32931
41844,30523
41844,93185
41844,119206
41844,30226
41844,88017
41844,121630
41844,33925
41844,20491
41844,19720
41844,66929
41844,27576
41844,46339
41848,41034
41848,35251
41848,60548
41848,23921
41848,46752
41848,8001
41848,23097
41848,61820
41848,97878
41848,48625
41848,95283
41848,45280
41848,106019
41848,598
41848,43213
41848,120593
41848,18004
41848,51196
41848,51030
41848,26451
41848,8357
41848,41790
41848,130926
41848,63882
41848,29243
41848,32642
41848,61874
41848,43775
41848,133487
41848,111635
41848,62630
41848,43747
41849,8518
41849,36132
41849,59542
41849,104791
41849,39290
41849,16330
41849,38089
41849,98208
41849,112930
41849,19502
41850,118937
41850,24311
41850,46153
41850,6300
41850,85833
41850,66702
41850,21721
41850,30627
41850,719
41850,20362
41850,40649
41850,55303
41850,111480
41850,11821
41850,111856
41850,5710
41850,19018
41850,17170
41850,62328
41850,130415
41850,140132
41850,101652
41850,76777
41850,57470
41850,5780
41850,14147
41850,97305
41850,129440
41850,97264
41852,134703
41852,30940
41852,50479
41852,136999
41852,126461
41852,48603
41852,120003
41852,73793
41852,130235
41852,123097
41852,121393
41852,94251
41852,82129
41852,89840
41852,62965
41852,59048
41852,46728
41852,119850
41852,44301
41852,98772
41852,57420
41852,125257
41852,127639
41852,30660
41852,63933
41852,135635
41852,23013
41852,15599
41852,129213
41852,30141
41856,34642
41856,113472
41856,31163
41856,137996
41856,104478
41856,63790
41856,81502
41856,21497
41856,63109
41856,55698
41856,80988
41856,45870
41856,53229
41856,85195
41856,123540
41856,30961
41856,138346
41856,100769
41856,102825
41856,1352
41856,88434
41856,37682
41856,24037
41856,81400
41856,2086
41856,658
41856,92173
41856,125369
41857,106421
41857,90920
41857,3775
41857,63604
41857,106230
41857,48004
41857,2906
41857,64872
41857,70887
41857,7377
41857,87154
41857,113402
41857,107028
41857,77574
41857,38913
41857,124778
41857,127988
41857,41400
41857,38758
41857,120248
41857,57125
41857,79106
41857,56917
41857,96112
41857,40048
41857,7895
41857,35010
41857,78642
41857,28517
41857,88616
41857,109
41857,45961
41857,101982
41857,19150
41858,666
41858,25149
41858,93770
41858,34583
41858,93249
41858,128794
41858,37555
41858,102234
41858,57315
41858,119568
41858,121735
41861,21155
41861,139197
41861,120851
41861,90730
41861,15994
41861,126657
41861,37346
41861,68487
41861,41712
41861,115026
41861,82927
41861,53494
41861,18053
41861,41278
41861,24685
41861,25416
41861,32112
41861,44923
41861,69261
41861,48671
41861,21419
41861,25070
41861,30950
41861,128615
41861,106819
41861,61529
41861,138600
41861,35599
41861,86639
41861,23212
41861,135537
41861,5002
41862,90490
41862,35331
41862,41601
41862,77035
41862,134419
41862,75347
41862,8086
41862,82473
41862,31516
41862,22553
41862,32407
41862,113820
41862,101965
41862,3261
41862,17433
41862,39475
41862,133394
41862,58199
41862,80646
41862,89149
41862,71089
41862,18471
41862,63328
41862,32913
41862,16897
41862,47773
41862,68197
41862,12019
41862,117462
41862,18723
41862,122780
41862,36213
41863,109986
41863,115565
41863,44623
41863,84621
41863,95018
41863,45459
41863,36689
41863,34100
41863,67270
41863,36529
41863,38989
41863,39469
41863,70721
41863,13341
41863,65192
41863,42891
41863,50064
41863,137241
41863,98254
41863,133574
41863,46685
41863,140216
41863,98878
41863,19762
41863,27565
41863,13450
41863,4414
41863,98211
41863,110573
41863,127867
41863,82495
41863,94589
41865,29033
41865,50302
41865,34298
41865,81034
41865,21957
41865,41019
41865,116652
41865,98674
41865,122531
41865,76544
41865,72400
41865,64580
41865,112197
41865,90901
41865,61299
41865,80701
41865,84164
41865,4858
41865,83006
41865,17911
41865,2488
41865,127314
41865,42938
41865,128817
41865,85091
41865,30376
41865,86094
41865,18669
41865,103202
41865,71946
41865,69377
41865,24057
41865,72871
41866,114741
41866,74426
41866,44100
41866,95102
41866,67212
41866,67989
41866,101621
41866,24369
41866,26327
41866,52439
41866,82295
41866,101560
41866,54665
41866,81100
41866,115468
41866,65556
41866,11235
41866,126393
41866,118300
41866,126527
41866,62027
41866,107762
41866,115451
41866,83482
41866,87036
41866,70684
41866,75452
41866,130930
41866,29565
41866,10134
41866,77908
41866,79042
41866,63255
41867,106528
41867,103641
41867,48336
41867,57419
41867,27427
41867,27430
41867,16555
41867,99290
41867,127787
41867,12100
41867,128000
41867,91527
41867,106286
41867,131620
41867,17245
41867,36817
41867,111140
41867,135443
41867,40643
41867,98004
41867,58880
41867,51001
41867,131159
41867,67382
41868,40647
41868,59024
41868,3447
41868,91359
41868,40598
41868,39054
41868,15103
41868,39466
41868,40663
41868,10642
41868,106539
41868,67110
41868,2040
41868,83313
41868,110243
41868,49855
41868,60171
41868,19413
41868,90083
41868,18306
41868,77154
41869,75490
41869,55698
41869,53229
41869,100769
41869,123540
41869,97229
41871,45320
41871,75662
41871,109998
41871,63158
41871,135876
41871,72910
41871,94405
41871,40379
41871,102596
41871,57079
41871,114111
41871,2951
41871,74768
41871,132468
41871,11070
41871,129753
41871,83832
41871,36040
41871,117379
41871,78504
41871,59314
41871,79641
41871,54525
41871,123681
41871,83713
41871,86823
41871,65233
41871,22769
41871,47891
41871,124809
41874,50537
41874,58560
41874,16032
41874,1975
41874,23137
41874,35869
41874,52945
41874,103857
41874,90142
41874,45561
41874,17313
41874,21616
41874,116565
41874,68499
41874,69334
41874,62792
41874,100842
41874,1270
41874,121792
41874,113699
41874,134059
41874,101953
41874,23304
41874,82671
41874,91242
41874,112703
41874,103752
41874,3359
41874,114189
41874,40215
41874,38246
41874,121767
41875,45803
41875,133719
41875,23327
41875,46223
41875,102248
41875,67428
41875,6971
41875,109065
41875,107428
41875,45461
41875,10805
41875,26872
41875,20084
41875,64704
41875,102666
41875,104188
41875,38228
41875,103431
41875,130672
41875,111664
41875,85922
41875,7793
41875,133631
41875,29738
41875,24644
41875,16424
41875,20197
41875,46256
41877,80424
41877,89299
41877,139645
41877,109933
41877,41628
41877,107472
41877,107563
41877,38299
41877,1429
41877,31852
41877,50825
41877,124644
41877,137675
41877,6039
41877,15454
41877,53912
41877,35580
41877,76932
41877,18068
41877,89439
41877,113180
41877,47325
41877,89765
41877,105359
41877,589
41877,76143
41877,35020
41877,114934
41877,17087
41877,9393
41877,32460
41877,535
41877,54744
41879,4842
41879,59690
41879,119103
41879,131982
41879,5038
41879,88322
41879,46563
41879,19861
41879,137126
41879,81086
41879,2168
41879,66343
41879,101407
41879,127285
41879,75898
41879,35190
41879,113548
41879,49543
41879,89316
41879,105728
41879,67393
41879,111722
41879,26869
41879,79061
41879,38192
41881,67140
41881,61545
41881,77772
41881,114209
41881,80832
41881,65588
41881,54116
41881,99219
41881,45650
41881,109651
41881,67150
41881,134077
41881,137209
41881,34826
41881,90151
41881,102679
41881,65995
41881,115148
41881,95300
41881,139299
41881,13580
41881,36992
41881,36466
41881,56603
41881,113404
41881,134259
41881,78763
41881,91450
41881,88969
41881,27340
41881,106600
41881,77037
41882,20597
41882,59494
41882,136598
41882,107280
41882,94371
41882,25741
41882,78034
41883,46031
41883,17276
41883,83754
41883,93301
41883,113826
41883,23198
41883,42232
41883,49772
41883,90688
41883,120850
41883,60013
41883,139156
41883,88288
41883,119444
41883,107420
41883,96905
41883,134753
41883,71767
41883,84455
41883,59115
41883,28122
41883,22503
41883,17928
41883,10847
41883,1885
41883,10315
41883,63887
41883,122755
41883,130082
41886,79654
41886,2378
41886,866
41886,86043
41886,133616
41886,125508
41886,84229
41886,91055
41886,22915
41886,48027
41886,59119
41886,93815
41886,121807
41886,97891
41886,37301
41886,81250
41886,71635
41886,139494
41886,54925
41886,19179
41886,39324
41886,70909
41886,79377
41886,50233
41886,54427
41886,50644
41886,2687
41886,107900
41886,18684
41886,9912
41886,133696
41886,49441
41886,112791
41887,30504
41887,42936
41887,31993
41887,50410
41887,49331
41887,9530
41887,67680
41887,17617
41887,18538
41887,63670
41887,79098
41887,5815
41887,75380
41887,134071
41887,107400
41887,57369
41887,56916
41887,118597
41887,127365
41887,88185
41887,124484
41887,9108
41887,62169
41887,127181
41887,66266
41887,21855
41887,106130
41887,52000
41887,79075
41888,9003
41888,332
41888,129476
41888,32701
41888,78684
41888,84766
41888,137868
41888,110504
41888,51261
41888,104096
41888,136537
41888,78976
41888,7790
41888,51981
41888,9932
41888,28577
41888,131582
41888,132316
41888,29844
41888,100506
41888,117303
41888,129717
41888,27695
41888,32641
41888,108584
41888,46369
41888,107538
41888,28746
41889,90924
41889,56870
41889,57763
41889,14920
41889,28413
41889,38534
41889,134731
41889,136402
41889,97605
41889,19127
41889,29403
41889,40455
41889,39085
41889,29593
41889,137672
41889,19777
41889,55401
41889,22852
41889,42799
41889,102049
41889,104143
41889,90994
41889,47199
41889,86922
41889,44941
41889,36485
41889,71613
41889,124488
41889,65602
41889,12718
41889,7970
41890,137946
41890,61491
41890,22285
41890,58952
41890,820
41890,43278
41890,128353
41890,118755
41890,30057
41890,67282
41890,39700
41890,112686
41890,48877
41890,55621
41890,122855
41890,6080
41890,120514
41890,93735
41890,81636
41890,127957
41890,7976
41890,48583
41890,10563
41890,56579
41890,13435
41890,105505
41890,116460
41890,54516
41890,62602
41890,94390
41890,123935
41890,68366
41890,130835
41891,105408
41891,36427
41891,120851
41891,90730
41891,23268
41891,41278
41891,59546
41891,138746
41891,68491
41891,35817
41891,135779
41891,31643
41891,25476
41891,13044
41891,120497
41891,113069
41891,70934
41891,126665
41891,10996
41891,24559
41891,61529
41891,138600
41891,6439
41891,69261
41891,57945
41891,121267
41891,64762
41891,128615
41891,25070
41891,77935
41891,78838
41891,10746
41894,137926
41894,140295
41894,99851
41894,138201
41894,43685
41894,131978
41894,121736
41894,68475
41894,121714
41894,70125
41894,1120
41894,68893
41894,130472
41894,134491
41894,77070
41894,81113
41894,14107
41894,29622
41894,48967
41894,9783
41894,70423
41894,106995
41894,8041
41894,59451
41894,16836
41894,93512
41894,114989
41894,101700
41894,63481
41894,72973
41894,39210
41894,126944
41894,10616
41895,27163
41895,100429
41895,92954
41895,102200
41895,120834
41895,33848
41895,108789
41895,105309
41895,96709
41895,74736
41895,76547
41895,79372
41895,90646
41895,125252
41895,112647
41895,101619
41895,137066
41895,17361
41895,62982
41895,59689
41895,54062
41895,49877
41895,43823
41895,80066
41895,70281
41895,95819
41895,108475
41895,41135
41895,20685
41895,43322
41895,117989
41895,3932
41895,18834
41896,140651
41896,83348
41896,7596
41896,22488
41896,40324
41896,33243
41896,38856
41896,118192
41896,123156
41896,98753
41896,108299
41896,138492
41896,76771
41896,16370
41896,119449
41896,3513
41896,40751
41896,20696
41896,91627
41896,93705
41896,118392
41896,39086
41896,110525
41896,131991
41896,55007
41896,98370
41896,113617
41896,94810
41896,138392
41896,113931
41896,52063
41897,126657
41897,23268
41897,126264
41897,20592
41897,4875
41897,1230
41897,15994
41897,105408
41897,41278
41897,86639
41897,3213
41897,70606
41897,71376
41897,41712
41897,139197
41897,61529
41897,37346
41897,77935
41897,135499
41897,38725
41897,74754
41897,6439
41897,139366
41897,70839
41897,25416
41897,10996
41897,64762
41897,80475
41897,53494
41897,106262
41897,78838
41897,10746
41898,61237
41898,72464
41898,133444
41898,103234
41898,105496
41898,111726
41898,84715
41898,87606
41898,117167
41898,18520
41898,64844
41898,137036
41898,82723
41898,26322
41901,21793
41901,9762
41901,120810
41901,71040
41901,97066
41901,119468
41901,110016
41901,72253
41901,47795
41901,62450
41901,119793
41901,52064
41901,16988
41901,14308
41901,47136
41901,36284
41901,11682
41901,25292
41901,121804
41901,79189
41901,118659
41901,57294
41901,62979
41901,26735
41901,70195
41901,58123
41901,32204
41901,27008
41901,96683
41901,72991
41901,105073
41901,121847
41902,133503
41902,57238
41902,41623
41902,42645
41902,53034
41904,80833
41904,140551
41904,71576
41904,113371
41904,21081
41904,23328
41904,72580
41904,19469
41904,128632
41904,77669
41904,105534
41904,139966
41904,75781
41904,12197
41904,1696
41904,9959
41904,134378
41904,90771
41904,109598
41904,124255
41904,130541
41904,116778
41904,138371
41905,868
41905,43735
41905,52676
41905,131495
41905,84316
41905,125420
41905,3335
41905,19740
41905,42643
41905,72769
41905,39442
41905,134879
41905,55348
41905,55248
41905,75383
41905,88716
41905,103664
41905,71020
41905,71843
41905,64882
41905,65584
41905,51058
41905,68128
41905,100213
41905,74477
41905,63809
41905,95994
41905,126238
41905,109334
41905,20769
41905,123053
41907,101406
41907,100748
41907,125744
41907,81804
41907,103908
41907,99219
41907,100664
41907,67140
41907,130468
41907,80832
41907,114209
41907,97432
41907,15609
41907,24092
41907,39526
41907,106647
41907,8134
41907,139165
41907,54116
41907,13760
41907,72508
41907,129643
41907,18410
41907,90254
41907,30435
41907,62587
41907,109612
41908,125045
41908,66104
41908,27476
41908,19775
41908,46562
41908,98411
41908,23577
41908,121213
41908,34609
41908,65175
41908,66042
41908,68588
41908,38911
41908,26832
41908,25439
41908,7189
41908,84417
41908,99429
41908,66497
41908,82798
41908,71000
41908,56074
41908,121004
41908,85540
41908,67863
41908,129565
41908,84425
41908,16490
41909,134786
41909,102112
41909,115207
41909,135195
41909,35043
41911,108588
41911,114133
41911,7663
41911,106998
41911,47749
41911,93411
41911,28672
41911,43356
41911,67825
41911,20977
41911,46112
41911,28168
41911,102758
41911,65403
41911,1039
41911,6264
41911,12035
41911,37933
41911,58733
41911,25741
41911,76541
41911,56741
41911,25997
41911,61018
41911,136843
41911,66362
41911,43027
41911,56806
41911,21391
41911,4043
41911,131436
41912,87679
41912,136247
41912,64863
41912,98233
41912,113818
41912,88844
41912,127770
41912,134487
41912,115288
41912,51748
41912,18949
41912,16565
41912,116165
41912,104915
41912,100217
41912,2398
41912,61540
41915,108968
41915,48186
41915,72975
41915,94209
41915,69543
41915,112569
41915,135030
41915,96853
41915,31304
41915,92155
41915,74689
41915,7371
41915,57857
41915,30990
41915,663
41915,6585
41915,43663
41915,33553
41915,39471
41915,113957
41915,13855
41915,66271
41915,60019
41915,32982
41915,86832
41915,94781
41915,17569
41915,81944
41915,2406
41915,89522
41915,81694
41915,67004
41918,140279
41918,140318
41918,2348
41918,126688
41918,107233
41918,115185
41918,68887
41918,130628
41918,104053
41918,101183
41918,139192
41918,75646
41918,139582
41918,82280
41918,77491
41918,83286
41918,35823
41918,104220
41918,120460
41918,95991
41918,140315
41918,7673
41918,93161
41918,129252
41918,38616
41918,56466
41918,97009
41918,92963
41921,59324
41921,97574
41921,88347
41921,5124
41921,52451
41921,138575
41921,22780
41921,78572
41921,92978
41921,118936
41921,112345
41921,55019
41921,66475
41921,103339
41922,38088
41922,14441
41922,122808
41922,13596
41922,118639
41922,7444
41922,90534
41922,16655
41922,23498
41922,112378
41922,24675
41922,5159
41922,41573
41922,139575
41922,138639
41922,39580
41922,130632
41922,125004
41922,113979
41922,57604
41922,49081
41922,53245
41922,69947
41922,84678
41922,133237
41922,69212
41922,125762
41922,3422
41922,26276
41922,54911
41922,45595
41922,29982
41924,8962
41924,90730
41924,25075
41924,59546
41924,118641
41924,68491
41924,68487
41924,126665
41924,23268
41924,41278
41924,82927
41924,1230
41924,115026
41924,28365
41924,41347
41924,38291
41924,25416
41924,80475
41924,47179
41924,7051
41924,61529
41924,30470
41924,135499
41924,113069
41924,106819
41924,39284
41924,47786
41924,78838
41924,64762
41924,7880
41924,5002
41924,24559
41925,120702
41925,88604
41925,56960
41925,72852
41925,70540
41925,77506
41925,72866
41925,88917
41925,98128
41925,106533
41925,118061
41925,107463
41925,79653
41925,23960
41925,105337
41925,15035
41925,90175
41926,123081
41926,99442
41926,52099
41926,63710
41926,53336
41926,85220
41926,17589
41926,138279
41926,118694
41926,120016
41926,82057
41926,76549
41926,119435
41926,21114
41926,67216
41926,60125
41926,1594
41926,5351
41926,3837
41926,6272
41926,21278
41926,99719
41926,41472
41926,43892
41926,90440
41926,105995
41926,55379
41926,14381
41926,67955
41926,36075
41926,38680
41927,89536
41927,1595
41927,58994
41927,100352
41927,64657
41927,139235
41927,88888
41927,79168
41927,110422
41927,14242
41927,57600
41927,116001
41927,51155
41927,3615
41927,2087
41927,53691
41927,118035
41927,82136
41927,45365
41927,11302
41927,34036
41927,128447
41927,47627
41927,94751
41927,65247
41927,47494
41927,45256
41927,44991
41927,121395
41928,77286
41928,74428
41928,2859
41928,127369
41928,128927
41928,69535
41928,33428
41928,131951
41928,13705
41928,36763
41928,88613
41928,67291
41928,80898
41928,89564
41928,28392
41928,50994
41928,70312
41928,89643
41928,94383
41928,7056
41928,30414
41928,22935
41928,43625
41928,75260
41928,47442
41928,29740
41928,62503
41928,20651
41928,105152
41928,125976
41928,96872
41928,13067
41929,137997
41929,124342
41929,24545
41929,37818
41929,131892
41929,104517
41929,70177
41929,90845
41929,77089
41929,35223
41929,14082
41929,77914
41929,114932
41929,78500
41929,134323
41929,59781
41929,38419
41929,90809
41929,94455
41929,68420
41929,60846
41929,46274
41929,125083
41929,40279
41929,59657
41929,29633
41929,57952
41929,100882
41929,38904
41929,122112
41929,77795
41929,60468
41929,117294
41930,137942
41930,51179
41930,85579
41930,25632
41930,80726
41930,114783
41930,102658
41930,18624
41930,99277
41930,66781
41930,13273
41930,15539
41930,80600
41930,88605
41930,68033
41930,101464
41930,9893
41930,52559
41930,43644
41930,75823
41930,113587
41930,104605
41930,63953
41930,53489
41930,5168
41930,97044
41930,74896
41930,73957
41930,62267
41930,22909
41930,128901
41930,101772
41931,68374
41931,4777
41931,10867
41931,126642
41931,139537
41931,94117
41931,132240
41931,15053
41931,138402
41931,63466
41931,30249
41931,59217
41931,13286
41931,116488
41931,43329
41931,50448
41931,128763
41931,14015
41931,121731
41931,38336
41933,2674
41933,22156
41933,119578
41933,115328
41933,50987
41933,107190
41933,93688
41933,29842
41933,140114
41933,131096
41933,110373
41933,76248
41933,41143
41933,66259
41933,96692
41933,111030
41933,119715
41933,32447
41933,75641
41933,11833
41933,22858
41933,128798
41935,133503
41935,113522
41935,122456
41935,108519
41935,41623
41935,34179
41935,109507
41935,76935
41935,73013
41935,57238
41935,17013
41935,106879
41935,53034
41935,129612
41935,110555
41935,36474
41935,75434
41935,56222
41935,120161
41935,40910
41935,75916
41935,40833
41935,77663
41935,70591
41935,2798
41935,61323
41935,140482
41935,42645
41935,6342
41935,78301
41935,64099
41935,55615
41935,2635
41936,37124
41936,22013
41936,43657
41936,88316
41936,95182
41936,25236
41936,90377
41936,42011
41936,62237
41936,31486
41936,110189
41936,79235
41936,37543
41936,68833
41936,79537
41936,102874
41936,90836
41936,55050
41936,59322
41936,72189
41936,8797
41936,37304
41936,7011
41936,15770
41936,31166
41936,85321
41936,19428
41938,15195
41938,97227
41938,83096
41938,5700
41938,20013
41938,8474
41938,93203
41938,99062
41938,92432
41938,92226
41938,52125
41938,46517
41938,116747
41938,99129
41938,10116
41938,55380
41938,67250
41938,103744
41938,23648
41938,15107
41938,103984
41938,88112
41938,58948
41938,19855
41938,123700
41938,134724
41938,128943
41938,47650
41938,31148
41938,21534
41938,16337
41938,85991
41938,17588
41939,100390
41939,139435
41939,101785
41939,53113
41939,35432
41939,8047
41939,32818
41939,13322
41939,79756
41939,99979
41939,5475
41939,55121
41939,31463
41939,9169
41939,106708
41939,58240
41939,22021
41939,120426
41939,100234
41939,74110
41939,85210
41939,121965
41939,128945
41939,10493
41939,121116
41939,75931
41939,57718
41939,103062
41939,78696
41939,77507
41942,10134
41942,115319
41942,101621
41942,132978
41942,72700
41942,67212
41942,52829
41942,63360
41942,77908
41942,101560
41942,59124
41942,52439
41942,11030
41942,108068
41942,114262
41942,39827
41942,82295
41942,110868
41942,98500
41942,126527
41942,78429
41942,39938
41942,60170
41942,126350
41942,118300
41942,78742
41942,16155
41942,109120
41942,115451
41942,88255
41942,70321
41942,42098
41942,6711
41945,56911
41945,130141
41945,94203
41945,19438
41945,41423
41945,30762
41945,101111
41945,47637
41945,27357
41945,17493
41945,53857
41945,73816
41945,70834
41945,127959
41945,81879
41945,131744
41945,122663
41945,29265
41945,67810
41945,59097
41945,88905
41945,115941
41945,43266
41945,140450
41945,140724
41945,524
41945,118353
41945,95108
41945,139866
41945,74557
41945,53424
41946,135221
41946,101241
41946,41346
41946,45261
41946,127601
41946,92903
41946,86516
41946,130598
41946,26143
41946,117070
41946,106364
41946,86558
41946,52546
41946,58747
41946,120560
41946,134516
41946,88385
41946,32537
41946,61514
41946,73179
41946,53188
41946,121309
41946,52840
41946,105906
41946,114043
41946,20435
41946,35866
41946,72079
41946,123933
41946,48251
41948,65997
41948,120634
41948,111272
41948,2838
41948,82459
41948,83453
41948,49499
41948,107418
41948,85953
41948,62586
41948,32338
41948,123594
41948,50789
41948,86560
41948,57088
41948,125478
41948,57540
41948,73478
41948,131257
41948,70859
41948,135182
41948,92819
41948,136427
41948,106971
41949,36454
41949,30271
41949,112094
41949,70210
41949,126534
41949,72269
41949,59677
41949,46101
41949,31387
41949,107398
41949,26910
41949,28865
41949,100825
41949,16118
41949,52527
41949,113788
41949,99956
41949,12785
41949,22290
41949,103307
41949,32624
41949,63494
41949,92211
41949,101999
41949,35809
41949,106764
41949,64884
41949,59782
41949,76607
41949,108827
41949,8408
41949,88626
41950,24537
41950,55449
41950,78261
41950,82986
41950,44724
41952,46609
41952,7593
41952,127754
41952,82146
41952,12271
41952,92197
41952,107085
41952,34095
41952,48774
41956,120756
41956,59700
41956,101016
41956,121685
41956,55172
41956,114901
41956,15813
41956,102464
41956,36589
41956,119271
41956,125281
41956,60810
41956,20160
41956,118238
41956,70055
41956,94815
41956,33354
41957,61559
41957,117609
41957,23911
41957,106967
41957,97557
41957,71744
41957,81329
41957,68785
41957,126751
41957,22306
41957,41300
41957,113207
41957,89331
41957,49920
41957,17108
41957,110565
41957,131993
41957,14983
41957,106913
41957,97708
41957,73663
41957,26966
41957,131167
41957,9038
41957,70503
41957,132585
41957,58209
41957,21848
41957,65435
41957,61478
41957,63934
41957,70707
41957,12974
41959,59032
41959,25700
41959,117402
41959,4884
41959,29056
41959,118629
41959,53775
41959,95511
41959,110199
41959,112277
41959,122911
41959,115046
41959,5763
41959,93267
41959,113323
41961,134568
41961,27982
41961,149
41961,25464
41961,10438
41961,54517
41961,86442
41961,36183
41961,58094
41961,59389
41961,72122
41961,115234
41961,56761
41961,16128
41961,118666
41961,15705
41961,132669
41963,107884
41963,103269
41963,112902
41963,12303
41963,63288
41963,80593
41963,64785
41963,61118
41963,47993
41963,7425
41963,30262
41963,137256
41963,70592
41963,107402
41963,74712
41963,53079
41963,66364
41963,137856
41963,105479
41963,95990
41963,100559
41963,119182
41963,48833
41963,32340
41963,138523
41963,129891
41963,1212
41963,18413
41963,72691
41963,51954
41963,43287
41963,110338
41968,83045
41968,22824
41968,97099
41968,65984
41968,75491
41968,137826
41968,85567
41968,46162
41968,129278
41968,89119
41968,118104
41968,127808
41968,116696
41968,139893
41968,56063
41968,64344
41968,81172
41968,83430
41968,134162
41971,77192
41971,66829
41971,94837
41971,131410
41971,57385
41971,42013
41971,108658
41971,95519
41971,63454
41971,21062
41971,121285
41971,92749
41971,136917
41971,119306
41971,63848
41971,123424
41971,56111
41971,43987
41971,29006
41971,99360
41971,128115
41971,97573
41971,136287
41971,3674
41971,46288
41971,78541
41971,126157
41971,63490
41971,103037
41972,21018
41972,134154
41972,137997
41972,124342
41972,77089
41972,68420
41972,116942
41972,37818
41972,104517
41972,26248
41972,49656
41972,57952
41972,24545
41972,90809
41972,60846
41972,59781
41972,131892
41972,14082
41972,35223
41972,38419
41972,90845
41972,70177
41972,102130
41972,77914
41972,78500
41972,114932
41972,117294
41972,77795
41972,60468
41972,40279
41973,76226
41973,69392
41973,25827
41973,6559
41973,66464
41973,9138
41973,41225
41973,86107
41973,65987
41973,69226
41973,127898
41973,5420
41973,124751
41973,69730
41973,208
41973,113005
41973,31820
41973,27853
41973,136645
41973,52669
41973,135380
41973,96640
41973,59276
41973,29427
41973,85790
41973,68843
41973,120028
41973,19780
41973,62236
41973,128922
41973,32421
41973,75921
41973,11976
41974,6052
41974,129725
41974,48504
41974,36558
41974,104795
41974,34935
41974,90120
41974,25357
41974,52231
41974,25996
41974,23573
41974,4867
41974,119200
41974,122131
41974,113901
41974,27313
41974,131396
41974,120027
41974,104996
41974,11718
41974,12093
41974,115378
41974,9691
41974,25431
41974,49728
41974,51798
41974,84414
41974,104470
41974,118342
41974,49574
41974,93829
41974,74702
41977,86296
41977,122098
41977,61953
41977,30565
41977,59732
41977,44426
41977,61221
41977,51245
41977,21652
41977,85308
41977,43259
41977,7069
41977,84609
41977,79571
41977,44808
41977,107480
41977,109433
41977,37424
41977,75087
41977,70447
41977,21267
41977,71643
41977,78053
41977,128387
41977,10995
41977,5568
41977,46292
41977,109233
41977,45711
41977,137068
41978,21129
41978,29726
41978,140503
41978,81449
41978,22295
41978,11942
41978,11710
41978,96662
41978,19956
41978,122231
41978,36952
41978,36320
41978,138276
41978,75778
41978,70598
41979,32946
41979,87515
41979,81833
41979,20006
41979,98755
41979,102936
41979,121801
41979,31614
41979,49917
41979,109937
41979,134881
41979,130463
41980,90182
41980,64104
41980,2374
41980,102226
41980,72118
41980,72942
41980,69845
41980,83533
41980,60413
41980,22886
41980,92440
41980,62517
41980,88854
41980,90238
41980,109795
41980,48535
41980,38332
41980,64798
41980,54758
41980,125425
41980,24157
41980,85808
41980,70437
41980,135974
41980,138777
41980,26712
41980,51505
41980,50454
41980,29680
41980,106670
41980,36147
41980,49945
41981,65219
41981,71220
41981,35599
41981,27911
41981,16649
41981,44419
41981,57790
41981,100122
41981,64249
41981,42609
41981,102054
41981,91919
41981,135537
41981,78624
41981,131357
41981,47786
41981,108564
41981,129228
41981,113069
41982,89991
41982,14389
41982,110813
41982,140130
41982,27619
41982,28460
41982,44306
41982,67853
41982,20362
41982,104087
41982,81759
41982,122659
41982,351
41982,128655
41982,86916
41982,74474
41982,30184
41982,83045
41982,117976
41982,139156
41982,102908
41982,62689
41982,9222
41982,2979
41982,130415
41982,50984
41982,20486
41982,91206
41982,104480
41982,88901
41982,99178
41983,20295
41983,95182
41983,66803
41983,42011
41983,27142
41983,48522
41983,1495
41983,107909
41983,31486
41983,62237
41983,21470
41983,37124
41983,38837
41983,12357
41983,79537
41983,110189
41983,48375
41983,31166
41983,88316
41983,79235
41983,59322
41983,85321
41983,55050
41983,43611
41983,68833
41983,37304
41983,102874
41983,62726
41983,113761
41983,83364
41983,39329
41983,78694
41984,116035
41984,116034
41984,24788
41984,72363
41984,93244
41984,16268
41984,11174
41984,92969
41984,113209
41984,81813
41984,19255
41986,137301
41986,42906
41986,36289
41986,80833
41986,38164
41986,122409
41986,100293
41986,113371
41986,139847
41986,526
41986,75781
41986,131958
41986,121162
41986,116598
41986,924
41986,63248
41986,140696
41986,14515
41986,105534
41986,128632
41986,12197
41986,50432
41986,45875
41986,93282
41986,122895
41986,132972
41986,138205
41986,113035
41986,62152
41986,124255
41986,138371
41986,19931
41989,134568
41989,10438
41989,27982
41989,25464
41989,115234
41989,149
41989,54517
41989,86442
41989,58094
41989,59389
41989,56761
41989,16128
41989,36183
41989,118666
41989,72122
41989,15705
41989,132669
41992,120971
41992,40258
41992,92238
41992,122921
41992,48580
41992,77827
41992,35509
41992,103326
41992,132877
41992,128762
41992,127657
41992,138239
41992,105318
41992,53541
41992,8275
41992,44290
41992,63209
41992,101939
41992,106836
41992,25726
41992,9246
41992,105848
41992,96950
41992,6565
41992,140289
41992,89302
41992,12064
41992,117089
41992,129847
41992,107295
41996,99610
41996,91905
41996,71180
41996,3284
41996,12108
41996,21802
41999,59175
41999,57325
41999,34222
41999,9665
41999,19826
41999,109846
41999,137721
41999,98336
41999,55718
41999,36822
41999,121991
41999,32240
41999,105688
41999,126301
41999,36651
41999,47846
41999,32787
41999,55949
41999,72672
41999,70960
41999,10044
41999,46734
41999,127403
41999,121096
41999,13044
41999,81549
41999,58865
41999,15724
41999,9507
41999,43881
41999,135537
42002,101671
42002,112752
42002,18933
42002,130253
42002,11762
42002,17447
42002,87300
42002,46226
42002,23266
42002,21226
42002,20024
42002,90861
42002,12516
42002,26159
42002,125094
42002,96728
42002,95589
42002,65699
42002,23609
42002,120872
42002,85431
42002,110951
42002,126881
42002,106029
42002,19790
42002,105677
42002,131380
42002,75177
42002,37759
42002,107691
42003,109262
42003,28861
42003,118585
42003,140819
42003,20883
42003,137690
42003,29159
42003,53658
42003,102428
42003,64477
42003,8616
42003,113757
42003,4561
42003,61054
42003,121779
42003,20539
42003,22594
42003,84284
42003,89749
42003,138327
42003,69810
42003,12081
42003,77153
42003,113366
42003,32013
42003,47862
42003,126010
42003,72333
42003,22442
42003,84273
42003,59476
42004,65771
42004,106972
42004,74733
42004,54497
42004,109573
42004,134911
42004,32527
42004,72078
42004,29996
42004,35839
42004,119377
42004,134396
42004,11555
42004,103968
42004,67800
42004,76359
42004,130569
42004,46815
42006,94850
42006,119002
42006,94241
42006,54795
42006,54739
42006,97517
42006,115994
42006,59872
42006,80067
42006,667
42006,47202
42006,93305
42006,72234
42006,85930
42006,85657
42006,23256
42006,114067
42006,24865
42006,73468
42006,69638
42010,30565
42010,84609
42010,21652
42010,67401
42010,18308
42010,85308
42010,11224
42010,19377
42010,43259
42010,44426
42010,79220
42010,122098
42010,21267
42010,93933
42012,35378
42012,120172
42012,121702
42012,48740
42012,138704
42012,104619
42012,17068
42012,87977
42013,74680
42013,46135
42013,69480
42013,122072
42013,87898
42013,11167
42013,51921
42013,74526
42013,126255
42013,74255
42013,77205
42013,3763
42013,86482
42013,13260
42013,95790
42013,128646
42013,7386
42013,110695
42013,15962
42013,88217
42013,49780
42013,121204
42013,122063
42013,5415
42013,59340
42013,119726
42013,19694
42013,108743
42013,42876
42014,118679
42014,64779
42014,16913
42014,27744
42014,102597
42014,101943
42014,93063
42014,68939
42014,126638
42014,125858
42014,109736
42014,139263
42014,61197
42014,3370
42014,44749
42014,52695
42014,73747
42014,31010
42014,104525
42014,104572
42014,137124
42014,47047
42014,67780
42014,45746
42014,7119
42014,5759
42014,132768
42014,122378
42014,90128
42014,41902
42014,91897
42014,55881
42015,85740
42015,15827
42015,77877
42015,95949
42015,138110
42015,137200
42015,50453
42015,102344
42015,121167
42015,25324
42015,3380
42015,110861
42015,127261
42015,95247
42015,127980
42015,38576
42015,9915
42015,43873
42017,119316
42017,21198
42017,44170
42017,110663
42017,66917
42018,23308
42018,10337
42018,124240
42018,52756
42018,50458
42018,92529
42018,79931
42018,42364
42018,135081
42018,52948
42018,34244
42018,9488
42018,3067
42018,99965
42018,47373
42018,105048
42018,40394
42018,46385
42018,80342
42018,117260
42018,17436
42018,60981
42018,37272
42018,26361
42018,96446
42018,56572
42018,126316
42018,99756
42018,62309
42018,37326
42018,28420
42018,7766
42018,41654
42018,26487
42023,117787
42023,126103
42023,15174
42023,48815
42023,21469
42023,62593
42023,119388
42023,136686
42023,50912
42023,30867
42023,50787
42023,77275
42023,121076
42023,105300
42023,133227
42023,83023
42023,99616
42023,13297
42023,118064
42023,91315
42023,130231
42023,73134
42023,63794
42023,40814
42023,12082
42023,67367
42023,68723
42023,110402
42023,132906
42023,74892
42023,135941
42023,104648
42023,84322
42024,50094
42024,13232
42024,50899
42024,90166
42024,53062
42024,85231
42024,128350
42024,53213
42024,109370
42024,85495
42024,87355
42024,86218
42024,48847
42024,73553
42024,53747
42024,93656
42024,41071
42024,24431
42024,128643
42024,78973
42024,91664
42024,38280
42024,123429
42024,101938
42024,106394
42024,1021
42024,34339
42024,138105
42024,15633
42024,10336
42024,67254
42024,44362
42025,22578
42025,28383
42025,30618
42025,40441
42025,119399
42025,18601
42025,57114
42025,89476
42025,55791
42025,3820
42025,21808
42025,134086
42025,34020
42025,113229
42025,121350
42025,84914
42025,122734
42025,10107
42025,106236
42025,27699
42025,62326
42025,66606
42025,124234
42025,134883
42025,58217
42025,5286
42025,139917
42025,10763
42025,101162
42025,43440
42025,47068
42025,33097
42026,66456
42026,68358
42026,71167
42026,84958
42026,18139
42026,96999
42026,110442
42026,86011
42026,32780
42026,52350
42026,64694
42026,119027
42026,20383
42026,130276
42026,120589
42026,82632
42026,3186
42026,103701
42026,134999
42026,102975
42026,135394
42026,58661
42026,85859
42026,96674
42026,71267
42026,77903
42026,117741
42026,101302
42026,133291
42026,138681
42026,140094
42028,76226
42028,8903
42028,25827
42028,44493
42028,124845
42028,69392
42028,7256
42028,86107
42028,31820
42028,6559
42028,96753
42028,66464
42028,99161
42028,46045
42028,2037
42028,136645
42028,27853
42028,89603
42028,52669
42028,131346
42028,120586
42028,124751
42028,125096
42028,106484
42028,119577
42028,40395
42028,139718
42028,24560
42028,106982
42028,11976
42028,59276
42028,128916
42028,20484
42029,140191
42029,86174
42029,71024
42029,61837
42029,70434
42029,134955
42029,32526
42029,53028
42029,29530
42029,74116
42029,2005
42029,14951
42029,16173
42029,7345
42029,37930
42029,54389
42029,131198
42029,117928
42029,106309
42029,106951
42029,59265
42029,135401
42029,8092
42029,18207
42029,126624
42029,20278
42029,131771
42029,124700
42029,109223
42029,3743
42029,19162
42029,19353
42032,55682
42032,91669
42032,135114
42032,131266
42032,53925
42032,945
42032,75461
42032,77918
42032,51018
42032,98069
42032,123185
42032,32293
42032,91073
42032,113403
42033,110546
42033,118424
42033,51418
42033,16263
42033,80666
42033,137852
42033,64598
42033,99214
42033,62955
42033,55549
42033,115077
42033,7196
42033,53845
42033,65779
42033,135010
42033,66223
42033,123092
42034,41585
42034,11414
42034,42875
42034,18859
42034,115763
42034,77109
42034,34348
42034,27711
42034,65496
42034,92698
42034,31442
42034,121287
42034,70352
42034,121665
42034,114777
42034,67688
42034,44879
42034,134786
42034,99894
42034,104149
42034,117347
42034,18569
42034,68783
42034,135195
42034,35043
42034,37788
42034,102112
42034,33163
42035,5733
42035,77845
42035,112085
42035,137994
42035,58077
42035,139723
42035,73982
42035,11473
42035,107212
42035,4047
42035,85141
42035,117469
42035,72292
42035,35973
42035,89016
42035,14331
42035,134989
42035,132196
42035,134907
42035,140145
42035,29002
42035,76209
42035,113933
42035,28183
42035,33570
42035,72679
42035,67388
42035,71438
42035,70777
42035,114847
42035,7245
42035,129331
42035,39717
42036,87293
42036,80259
42036,124443
42036,78345
42036,36335
42036,20724
42036,10188
42036,58277
42036,63171
42036,2787
42036,10203
42036,17998
42036,134269
42036,132165
42036,96707
42036,347
42036,66737
42036,132563
42036,110328
42036,84239
42036,96548
42036,54920
42036,123449
42036,114420
42036,134633
42036,84635
42036,61804
42036,50472
42036,86026
42036,36863
42036,120267
42036,59672
42036,86168
42037,90437
42037,138287
42037,96726
42037,23861
42037,105411
42037,103423
42037,45821
42037,33442
42037,140674
42037,18232
42037,49757
42037,37257
42037,131055
42037,19582
42037,19343
42037,125234
42037,703
42037,82079
42037,88804
42037,47162
42037,27725
42037,129854
42037,128550
42037,90979
42037,101548
42038,104329
42038,94284
42038,103050
42038,61356
42038,17258
42038,103872
42038,29148
42038,126636
42038,56253
42038,69834
42038,53417
42038,36864
42038,4443
42038,90050
42038,90191
42038,110312
42038,13078
42038,54304
42038,1287
42038,120103
42038,127413
42038,53090
42038,67772
42038,365
42038,122629
42038,123607
42040,58208
42040,140530
42040,51969
42040,88240
42040,96272
42040,91511
42040,51725
42040,84408
42040,72425
42040,22803
42040,113470
42040,69059
42040,73927
42040,3959
42040,41420
42042,116264
42042,8397
42042,54706
42042,80660
42042,35680
42042,92194
42042,105825
42042,120198
42042,26226
42042,125073
42042,92031
42042,69435
42042,140489
42042,88876
42046,64104
42046,88854
42046,48535
42046,51505
42046,92440
42046,110750
42046,26712
42046,35469
42046,102226
42046,85780
42046,64798
42046,2374
42046,18670
42046,125425
42046,72118
42046,82858
42046,103346
42046,4372
42046,29680
42046,106848
42046,5605
42046,69845
42046,98560
42046,62517
42046,54758
42046,50214
42046,38332
42046,124572
42046,50454
42046,49945
42046,62013
42046,90238
42049,107705
42049,66310
42049,23061
42049,21568
42049,47249
42049,13015
42049,93917
42049,40933
42049,13128
42049,35269
42049,15224
42049,25834
42049,129220
42049,89641
42049,10815
42049,47818
42049,136178
42049,35077
42049,16665
42049,112142
42049,127834
42049,127056
42049,88244
42049,108981
42049,131706
42049,42248
42049,12496
42049,95752
42049,40870
42049,102715
42049,124184
42049,31666
42050,73696
42050,2194
42050,47625
42050,89389
42050,30707
42050,55198
42050,67451
42050,118836
42050,105713
42050,45270
42050,51777
42050,101759
42050,78605
42050,116919
42050,16284
42050,21122
42050,10611
42050,29575
42050,54007
42050,103742
42050,37057
42050,97087
42050,82035
42050,117652
42050,132939
42050,60256
42050,94640
42050,72569
42050,52011
42051,129156
42051,47324
42051,78724
42051,109404
42051,35712
42051,74102
42051,82147
42051,91837
42051,90915
42051,45566
42052,106421
42052,106561
42052,106910
42052,90920
42052,79596
42052,78725
42052,70887
42052,37749
42052,11462
42052,1211
42052,105704
42052,113402
42052,58838
42052,100105
42052,2906
42052,122659
42052,55148
42052,107087
42052,64620
42052,31962
42052,67281
42052,40040
42052,109048
42052,123201
42052,109
42052,12154
42052,31272
42052,3474
42052,36784
42052,25979
42052,78642
42052,125822
42052,42171
42052,80769
42053,116505
42053,118670
42053,53883
42053,135028
42053,131917
42053,132210
42053,80545
42053,51178
42053,75972
42053,101520
42053,33828
42053,19157
42053,57169
42053,3724
42053,106307
42053,124043
42053,34221
42053,73145
42053,19836
42053,63417
42053,73077
42053,123898
42053,28132
42053,75890
42053,37330
42053,61011
42053,53916
42053,16325
42053,36507
42053,118206
42053,56697
42053,128272
42055,46466
42055,68795
42055,87015
42055,39084
42055,65019
42055,48919
42055,885
42055,66928
42055,96914
42055,121880
42055,27928
42055,101134
42055,58544
42055,27078
42055,129260
42055,21402
42055,52691
42055,45277
42055,109085
42055,127443
42055,37004
42055,47170
42055,115123
42055,139876
42055,101930
42055,122762
42055,46963
42055,22867
42055,51322
42055,46077
42055,96836
42056,111284
42056,8498
42056,38196
42056,94634
42056,123157
42056,19278
42056,40692
42056,101884
42056,80826
42056,76536
42056,23435
42056,51847
42056,115387
42056,3501
42056,108320
42056,133055
42056,120068
42056,38357
42056,52558
42056,44960
42056,57961
42056,80145
42056,67894
42056,118355
42056,39484
42056,66339
42056,7969
42056,22602
42056,134758
42056,34582
42056,136528
42056,95193
42056,26194
42057,65699
42057,112752
42057,21226
42057,96728
42057,11762
42057,75691
42057,68375
42057,101671
42057,91683
42057,46226
42057,18933
42057,95589
42057,97940
42057,125094
42057,105552
42057,12516
42057,120872
42057,2088
42057,82564
42057,106029
42057,17447
42057,71247
42057,37759
42057,63875
42057,25252
42057,20024
42057,78151
42057,19790
42057,33996
42057,75177
42058,33899
42058,82243
42058,59293
42058,98073
42058,104146
42058,3814
42058,58991
42058,54465
42058,15855
42058,12538
42058,131240
42058,23560
42058,116969
42058,34765
42058,61766
42058,79290
42058,99923
42058,30575
42058,47761
42058,46436
42058,52304
42058,68162
42058,76426
42058,25419
42058,125356
42058,63917
42058,66669
42058,76857
42058,104035
42058,104107
42058,127032
42058,41176
42059,46424
42059,111568
42059,60609
42059,96223
42059,80665
42059,111063
42059,91020
42059,12729
42059,70864
42059,31492
42059,99630
42059,104731
42059,67024
42059,15796
42059,78265
42059,39571
42059,6277
42059,136824
42059,69783
42059,54971
42059,7277
42059,84175
42059,53474
42059,52817
42059,65832
42059,61002
42059,119935
42059,45546
42060,68658
42060,12507
42060,52463
42060,112301
42060,3988
42060,46094
42060,85323
42060,28070
42062,104780
42062,32292
42062,51114
42062,25325
42062,71909
42062,35086
42062,80688
42062,99958
42062,36956
42062,93494
42062,21205
42062,25903
42062,53578
42062,13743
42062,110217
42062,21901
42062,77298
42062,116401
42062,59321
42062,69913
42062,64831
42062,8916
42062,87907
42062,95326
42062,63674
42062,36498
42062,8318
42062,18147
42062,136066
42063,84621
42063,46685
42063,95018
42063,27565
42063,98878
42063,45459
42063,42891
42063,65192
42063,98254
42063,1296
42063,32876
42063,74766
42063,13450
42063,19762
42063,38989
42063,110573
42063,105950
42063,102238
42063,98211
42063,82495
42063,4414
42064,52891
42064,67943
42064,122786
42064,73924
42064,51601
42064,52863
42064,111666
42064,75191
42064,24082
42064,43598
42064,23470
42064,101337
42064,136773
42064,58170
42064,76431
42064,122680
42064,103933
42064,81129
42064,31124
42064,76397
42064,71449
42064,102988
42064,112543
42064,83491
42064,22204
42064,52624
42064,53478
42064,19917
42064,107606
42064,28164
42064,133385
42064,424
42064,82609
42066,36454
42066,97986
42066,128588
42066,57196
42066,16118
42066,26910
42066,100825
42066,24168
42066,42618
42066,30271
42066,92211
42066,63494
42066,65218
42066,108827
42066,76607
42066,88626
42066,64884
42066,52527
42066,93461
42066,109222
42066,69371
42066,113788
42066,107398
42066,35809
42066,103307
42066,34790
42066,71581
42066,72471
42066,68363
42066,40445
42066,133275
42066,120787
42066,46101
42067,53903
42067,119666
42067,129860
42067,11785
42067,80783
42067,124115
42067,118295
42067,130337
42067,38675
42067,34404
42067,64515
42067,80331
42067,76817
42067,68437
42067,17287
42067,63152
42067,94964
42067,136676
42067,139223
42067,112598
42067,64558
42067,21932
42067,109747
42067,4057
42067,40488
42067,52707
42067,26206
42069,46794
42069,115388
42069,45126
42069,54845
42069,88341
42069,109739
42069,27942
42069,123880
42069,110556
42069,72154
42069,133502
42069,31946
42069,12218
42070,130094
42070,136795
42070,73731
42070,66377
42070,7594
42070,99044
42070,3435
42070,11239
42070,11784
42070,123977
42070,116306
42070,56353
42070,135762
42070,138620
42070,109582
42070,61141
42070,125111
42070,63699
42070,76772
42070,18548
42070,50663
42070,48232
42070,1469
42070,43219
42070,5458
42070,29114
42070,133409
42070,105229
42071,55669
42071,90312
42071,20932
42071,131932
42071,88386
42071,55777
42071,125088
42071,59497
42071,89232
42071,45882
42071,17637
42071,19605
42071,118445
42071,136805
42071,1842
42071,61015
42071,56330
42071,100892
42071,102144
42071,128839
42071,45548
42071,100703
42071,6271
42071,116435
42071,62030
42072,81854
42072,106793
42072,99723
42072,110448
42072,117420
42072,83511
42072,22300
42072,111539
42072,89200
42072,122268
42072,29426
42072,47877
42072,111322
42072,3197
42072,136717
42072,124032
42072,60833
42072,1704
42072,90946
42072,107857
42072,98525
42072,11768
42072,13659
42072,75071
42072,23324
42072,43044
42072,100023
42072,18602
42072,9122
42072,85987
42072,122720
42072,97859
42073,85040
42073,136532
42073,53384
42073,104302
42073,6942
42073,58332
42073,3490
42073,5613
42073,62340
42073,105902
42073,114
42073,20899
42073,136655
42073,14591
42073,106548
42073,134326
42073,63976
42074,101355
42074,20917
42074,15007
42074,119200
42074,33987
42074,54777
42074,112768
42074,66016
42074,130244
42074,120048
42074,62615
42074,29890
42074,31943
42074,47229
42074,35374
42074,111690
42074,87092
42074,118857
42074,138028
42074,134469
42074,39101
42076,72501
42076,122349
42076,121876
42076,81209
42076,63162
42076,19540
42076,105043
42076,135145
42076,87090
42076,60031
42076,113430
42076,113623
42076,7268
42076,16716
42076,116796
42076,17913
42076,140690
42076,57526
42076,60302
42076,22697
42076,72969
42076,93512
42076,13939
42076,68893
42076,59451
42076,7308
42077,106528
42077,103641
42077,48336
42077,27427
42077,57419
42077,16555
42077,12100
42077,128000
42077,15701
42077,41522
42077,61171
42077,72725
42077,111140
42077,131620
42077,29323
42077,40643
42077,36817
42077,58880
42077,51001
42077,67382
42077,110587
42078,51775
42078,2527
42078,111015
42078,109136
42078,41523
42078,50928
42078,53469
42078,2217
42078,43291
42078,77279
42078,24701
42078,22525
42078,89340
42078,113981
42078,99424
42078,87137
42079,103269
42079,107884
42079,6800
42079,10852
42079,79203
42079,25285
42079,112902
42079,63288
42079,18413
42079,80593
42079,52351
42079,131594
42079,12446
42079,15355
42079,76926
42079,66364
42079,65806
42079,137856
42079,12303
42079,43287
42079,1212
42079,32392
42079,105479
42079,13624
42079,10247
42079,130811
42079,110338
42079,100516
42084,56357
42084,56838
42084,54086
42084,140317
42084,19294
42084,58099
42084,93930
42084,106589
42084,123459
42084,89672
42084,61797
42084,121580
42084,50807
42084,41917
42084,131477
42084,132918
42084,135634
42084,59359
42084,102972
42085,113197
42085,2434
42085,68178
42085,128909
42085,17040
42085,111072
42085,97753
42085,46059
42085,81396
42085,25033
42085,105670
42085,122963
42085,53866
42085,131645
42085,69256
42085,57948
42085,32015
42085,34519
42085,118410
42085,69420
42085,17478
42085,127400
42085,98092
42085,52394
42086,50964
42086,123449
42086,42878
42086,132659
42086,140570
42086,9364
42086,33569
42086,101099
42087,25461
42087,22696
42087,55437
42087,114995
42087,107947
42087,112810
42087,74058
42087,62210
42087,79087
42087,62508
42089,16934
42089,885
42089,59454
42089,31919
42089,53590
42089,93055
42089,86602
42089,24131
42089,134877
42089,99221
42089,118393
42089,50417
42089,79782
42089,96490
42089,54876
42089,116672
42089,77526
42089,71069
42089,139716
42089,77594
42089,81641
42089,71308
42089,100454
42089,111268
42089,18575
42089,74048
42089,49652
42089,98840
42089,25183
42089,33322
42089,139246
42089,51322
42091,4472
42091,71220
42091,100122
42091,27911
42091,102054
42091,44419
42091,32700
42091,131357
42091,57790
42091,78624
42091,129228
42092,45256
42092,41347
42092,47494
42092,110738
42092,6451
42092,89536
42092,113291
42092,3572
42092,116001
42092,60562
42092,64657
42092,124224
42092,14242
42092,121395
42092,88518
42092,42964
42092,110998
42092,1595
42092,58124
42092,88888
42092,123976
42092,14050
42092,65804
42092,48010
42094,126664
42094,80524
42094,77936
42094,130624
42094,75091
42094,137220
42094,69094
42094,239
42094,138356
42094,100963
42094,135327
42094,4034
42094,123719
42094,45356
42094,74423
42094,21016
42094,137274
42094,83746
42094,45123
42094,133538
42094,119686
42094,81422
42094,41100
42094,33355
42094,131063
42094,99272
42094,54735
42094,81486
42094,83287
42094,89616
42094,136096
42095,29286
42095,24345
42095,136159
42095,7360
42095,7258
42095,17213
42095,43241
42095,94956
42095,60458
42095,3566
42095,74130
42095,86289
42095,50890
42095,93944
42095,107316
42095,18380
42095,126571
42095,12783
42095,55039
42095,80767
42095,56685
42095,77583
42095,139502
42095,95486
42095,140130
42095,103937
42095,59638
42095,16020
42095,32243
42095,32565
42095,130018
42096,57551
42096,140189
42096,25250
42096,118281
42096,64822
42100,81804
42100,14912
42100,134845
42100,101406
42100,100748
42100,24092
42100,8134
42100,139165
42100,15609
42100,100664
42100,67140
42100,13760
42100,67619
42100,114209
42100,103908
42100,80832
42100,5293
42100,99844
42100,53266
42100,97432
42100,54116
42100,99219
42100,39526
42100,82897
42100,62587
42100,72508
42100,18410
42100,30435
42100,90254
42100,7432
42101,113976
42101,123021
42101,95004
42101,82077
42101,4019
42101,121617
42101,65423
42101,136534
42101,131140
42101,2379
42101,53114
42101,132392
42101,81561
42101,129811
42101,126576
42101,59468
42101,140501
42101,99071
42101,1645
42101,92212
42101,111884
42101,100301
42101,88874
42101,34186
42101,32948
42101,16087
42102,2757
42102,22394
42102,104755
42102,112385
42102,32932
42102,100179
42102,28567
42102,105215
42102,32029
42102,45621
42102,25240
42102,53899
42102,75233
42102,45723
42103,111936
42103,53791
42103,86668
42103,10949
42103,11797
42103,73353
42103,49880
42103,113496
42103,125463
42103,31549
42103,126788
42103,14202
42103,104624
42103,6488
42103,11581
42103,70030
42103,36333
42103,73661
42103,48098
42103,125314
42103,128394
42103,133197
42104,116505
42104,107652
42104,118670
42104,132210
42104,73077
42104,131917
42104,101520
42104,95604
42104,51178
42104,53883
42104,9831
42104,124043
42104,57169
42104,106307
42104,73145
42104,87652
42104,80545
42104,46027
42104,63417
42104,75972
42104,19836
42104,135028
42104,28132
42104,20022
42104,123898
42104,3235
42104,37330
42104,31038
42104,53916
42104,118206
42104,128272
42104,137646
42106,3213
42106,48136
42106,89695
42106,4472
42106,115026
42106,78624
42106,68491
42106,111170
42106,79991
42106,22131
42106,39825
42106,74447
42106,39164
42106,111464
42106,58833
42106,38926
42106,6623
42106,4076
42106,79026
42106,112216
42106,121991
42106,59175
42106,36822
42106,23500
42106,63999
42106,87442
42106,115127
42106,46734
42106,86343
42106,578
42106,90610
42107,82860
42107,134253
42107,42341
42107,3320
42107,24649
42107,50071
42107,45513
42107,53407
42107,51368
42107,70392
42107,73873
42107,93866
42107,115053
42107,16403
42107,114357
42107,85621
42107,56371
42107,16889
42107,30213
42107,62332
42107,10940
42107,25391
42110,121314
42110,74641
42110,53584
42110,109583
42110,17178
42110,8800
42110,51830
42110,15900
42110,104348
42110,35489
42110,49242
42110,101392
42110,46873
42110,111646
42110,9489
42110,119707
42110,122620
42110,62765
42110,39190
42110,96018
42110,19536
42110,60932
42110,65276
42110,35690
42110,52144
42110,609
42110,40498
42110,67912
42110,85273
42110,114058
42110,81398
42110,122016
42111,21563
42111,56659
42111,94581
42111,71724
42111,132488
42111,24235
42111,52062
42111,37696
42111,81921
42111,81937
42111,27705
42111,90754
42111,140355
42111,6030
42111,139887
42111,57789
42111,108834
42111,131026
42111,86583
42111,133545
42111,67798
42111,77713
42111,137875
42111,121375
42111,87262
42111,40687
42111,52576
42111,65372
42111,18050
42111,61680
42111,109327
42111,7488
42111,29596
42113,14859
42113,118674
42113,64015
42113,69200
42113,120242
42113,102633
42113,64517
42113,131510
42113,84472
42113,86418
42114,81449
42114,76214
42114,1248
42114,42200
42114,96662
42114,48419
42114,51790
42114,53377
42114,19956
42114,70401
42114,21693
42114,102992
42114,128130
42114,104649
42114,11710
42114,40185
42114,46134
42114,118714
42114,36320
42114,7733
42114,36952
42114,33023
42114,45447
42114,116866
42114,75778
42114,112607
42114,10145
42114,25908
42115,121248
42115,37489
42115,85097
42115,62533
42115,65909
42115,139780
42115,101358
42115,77036
42115,33216
42115,42493
42115,50969
42115,93880
42115,60434
42115,113182
42115,17743
42115,47687
42116,44737
42116,63412
42116,90439
42116,25168
42116,81762
42116,98998
42118,128594
42118,96086
42118,26731
42118,76821
42118,50107
42118,118307
42118,138046
42118,51625
42118,9931
42118,62439
42118,83607
42118,84385
42118,80977
42118,140229
42118,73057
42118,44231
42118,94930
42118,122329
42118,37837
42118,123531
42118,26900
42118,11459
42118,50347
42118,55488
42118,71672
42118,114663
42119,119588
42119,113582
42119,5131
42119,81217
42119,73184
42119,39047
42119,131320
42119,59395
42119,22106
42119,55139
42119,124483
42119,103654
42119,47842
42119,118395
42119,38883
42119,107116
42119,102719
42119,33231
42119,90477
42119,70143
42119,79852
42119,12874
42119,97162
42119,57867
42119,5099
42119,95821
42119,19298
42119,140034
42120,63105
42120,60144
42120,66750
42120,96780
42120,101335
42120,76070
42120,57170
42120,133689
42120,8864
42120,106335
42120,109804
42120,32798
42120,78647
42120,131046
42120,101252
42120,38286
42120,20587
42120,93974
42120,5322
42120,101215
42120,69184
42120,46501
42120,6713
42120,63327
42120,133235
42120,59721
42120,75205
42120,34151
42120,96206
42120,25159
42120,77074
42120,15390
42120,4503
42122,121051
42122,125829
42122,2233
42122,6966
42122,21649
42122,29397
42122,71796
42122,84717
42122,116327
42122,65660
42122,112687
42122,48846
42122,79854
42122,80112
42122,108649
42122,23148
42128,43185
42128,85514
42128,47614
42128,58745
42128,129539
42128,69364
42134,85582
42134,133433
42134,138321
42134,18969
42134,92533
42134,23967
42134,90997
42134,140047
42134,95646
42134,102595
42134,103267
42134,109472
42134,124356
42134,93038
42134,1178
42134,95548
42134,102237
42134,100766
42134,79642
42134,102080
42134,111081
42134,136275
42134,112484
42134,133278
42134,92796
42134,32386
42134,91160
42134,95236
42134,4931
42134,99572
42134,44240
42134,53836
42134,24219
42139,21563
42139,479
42139,53783
42139,78126
42139,77713
42139,26070
42139,58231
42139,79148
42139,119323
42139,121375
42139,93678
42139,81937
42139,87262
42139,86583
42139,7488
42139,37696
42140,24774
42140,125081
42140,107648
42140,80667
42140,108216
42140,121861
42140,95664
42140,107135
42140,112478
42140,123967
42140,48327
42140,95445
42146,123902
42146,19854
42146,62219
42146,112786
42146,108811
42146,25521
42146,21157
42146,27654
42146,134890
42146,115455
42146,102398
42146,41329
42146,45337
42146,13634
42146,117926
42146,30852
42146,26819
42146,17626
42146,22601
42146,135108
42146,28318
42146,6982
42146,19074
42146,81973
42146,55620
42146,121442
42146,137275
42146,58063
42146,80291
42146,109478
42146,96522
42146,10942
42146,139031
42148,85624
42148,104905
42148,83000
42148,131325
42148,60260
42148,72562
42148,91338
42148,16206
42148,18082
42148,52121
42148,54031
42148,73215
42148,125681
42148,140711
42148,136614
42148,126390
42148,104072
42148,59803
42148,48565
42148,131947
42148,90264
42148,114927
42148,127152
42148,94106
42148,61096
42148,108406
42149,73121
42149,105265
42149,77285
42149,116499
42149,79752
42149,134512
42149,66435
42149,85828
42149,131117
42149,66683
42150,3064
42150,111451
42150,8754
42150,99497
42150,10205
42150,104397
42150,45216
42150,79356
42150,60860
42150,104851
42150,133029
42150,46737
42150,75560
42150,91528
42150,107915
42150,43075
42150,128760
42150,39140
42150,26974
42150,126728
42150,43386
42150,125307
42150,27973
42150,5083
42150,92413
42150,4148
42150,58740
42153,81760
42153,132991
42153,131393
42153,81489
42153,10595
42153,116406
42153,14173
42153,98393
42153,122187
42153,43321
42153,109684
42153,131534
42153,20745
42153,75348
42153,11294
42153,72841
42153,130586
42153,2632
42153,123355
42153,23380
42153,362
42153,7627
42153,82074
42153,38168
42153,777
42153,18745
42153,60267
42153,96465
42153,26274
42153,108946
42153,73537
42153,1247
42154,117898
42154,136209
42154,17956
42154,85474
42154,52772
42154,139001
42154,123305
42154,117905
42154,88680
42154,81863
42154,38953
42154,40834
42154,119902
42154,49481
42154,29882
42154,105236
42154,93814
42154,25934
42154,46338
42154,2957
42154,119559
42154,73416
42154,40848
42154,24632
42154,84297
42154,25765
42155,88555
42155,126593
42155,11555
42155,48253
42155,126111
42155,76359
42155,33441
42155,109530
42155,103968
42155,102840
42155,106972
42155,102667
42155,17560
42155,24462
42155,131475
42155,75012
42155,130569
42155,12706
42155,93925
42155,29996
42155,114486
42155,67800
42155,68619
42155,120303
42155,109573
42155,3617
42155,124693
42155,16458
42155,23451
42155,7996
42155,107049
42155,138280
42156,116942
42156,14082
42156,77914
42156,24545
42156,21018
42156,77089
42156,37818
42156,70177
42156,90845
42156,131892
42156,137997
42156,114932
42156,78500
42156,38419
42156,134154
42156,49656
42156,90809
42156,68420
42156,94455
42156,46274
42156,59657
42156,124342
42156,104517
42156,60846
42156,59781
42156,77795
42156,38904
42156,117294
42156,60468
42156,40279
42156,122112
42156,125083
42157,86917
42157,37253
42157,83378
42157,2786
42157,103247
42157,34419
42157,23736
42157,37181
42157,110874
42157,77597
42157,17461
42157,41242
42157,122950
42157,66811
42157,8199
42157,117327
42157,137793
42157,111759
42157,82496
42157,30987
42157,46933
42157,98728
42157,43524
42157,38624
42157,136017
42157,120084
42157,100837
42157,99205
42157,42388
42157,96111
42159,138559
42159,60832
42159,73081
42159,120352
42159,51849
42159,65418
42159,116032
42159,62301
42159,71504
42159,40083
42159,42087
42159,96371
42159,80230
42159,19538
42159,129983
42159,125042
42159,537
42159,116308
42159,82343
42159,42047
42159,87760
42159,70273
42159,119412
42159,96329
42159,65642
42159,114250
42159,15768
42159,39673
42159,112261
42159,76130
42159,121156
42159,86912
42159,11683
42159,77004
42159,3456
42160,68795
42160,65019
42160,89703
42160,80311
42160,81936
42160,80739
42160,62586
42160,79969
42160,124556
42160,66347
42160,99259
42160,8184
42160,121893
42160,94082
42160,67467
42160,123499
42160,58077
42160,21378
42160,137200
42160,101506
42160,27005
42160,132524
42160,35973
42160,21012
42160,39682
42160,55068
42160,80949
42160,55601
42160,68896
42160,16183
42160,83507
42160,20771
42162,39480
42162,2833
42162,66968
42162,130719
42162,136940
42162,80544
42162,40128
42162,77495
42162,86176
42162,45103
42162,75999
42162,70978
42162,55325
42162,94434
42162,20148
42162,5344
42162,93969
42162,87287
42162,62665
42162,99758
42162,2204
42162,89108
42162,98641
42162,89123
42162,11711
42162,34962
42162,115732
42162,37083
42162,7191
42162,95816
42162,65583
42162,109430
42163,49895
42163,11352
42163,70483
42163,111272
42163,117352
42163,28313
42163,20297
42163,115214
42163,1003
42163,59072
42163,83080
42163,123563
42163,42712
42163,4454
42163,81614
42163,86560
42163,10091
42163,125245
42163,14867
42163,9214
42163,125348
42163,38315
42163,132524
42163,119730
42163,53495
42163,26562
42163,110087
42164,2705
42164,106899
42164,12654
42164,101155
42164,94128
42164,86794
42164,95817
42164,106746
42164,65696
42165,20972
42165,104
42165,46751
42165,18237
42165,117952
42165,127299
42165,47640
42165,60516
42165,90262
42165,76778
42165,73811
42165,26047
42165,125173
42165,69376
42165,135671
42165,114158
42165,14236
42165,81631
42165,33737
42165,5365
42165,79032
42165,55903
42165,102133
42165,14392
42165,85581
42165,31834
42165,68115
42165,26365
42165,12585
42165,66945
42165,100132
42167,27547
42167,94632
42167,79762
42167,63042
42167,18389
42167,52092
42167,19630
42167,93135
42167,28209
42167,50351
42167,11401
42167,105809
42167,101577
42167,65516
42167,19700
42167,67252
42167,110691
42167,125401
42167,75508
42167,83979
42167,49137
42167,121293
42167,140404
42167,1840
42167,60662
42167,53829
42167,6126
42167,100073
42167,87276
42167,102257
42167,334
42168,104632
42168,133776
42168,96533
42168,113866
42168,82691
42168,133874
42168,25855
42169,94915
42169,34598
42169,116683
42169,140618
42169,4878
42169,124943
42169,95996
42169,87027
42169,41207
42169,40983
42169,120777
42169,112078
42169,87477
42169,110896
42169,59164
42169,55917
42169,51355
42169,98392
42169,117892
42169,10206
42169,139727
42169,61133
42169,1313
42170,45792
42170,1265
42170,70106
42170,23275
42170,66891
42170,28431
42170,62165
42170,81370
42170,101864
42170,43314
42170,140635
42170,90038
42170,81179
42170,130204
42170,21426
42170,27830
42170,118319
42170,97198
42170,89404
42170,39063
42170,79139
42170,101164
42170,84431
42170,49427
42170,61579
42170,95169
42170,67833
42170,69024
42170,60667
42170,53426
42172,63105
42172,20430
42172,96780
42172,106366
42172,133943
42172,57170
42172,93974
42172,20587
42172,67964
42172,14480
42172,32798
42172,78647
42172,67233
42172,8864
42172,35679
42172,79475
42172,69184
42172,5322
42172,135437
42172,117582
42172,34151
42172,46501
42172,4503
42172,23190
42172,129914
42172,15390
42172,75205
42172,79398
42172,113983
42172,133689
42172,138452
42172,67477
42172,77074
42174,128711
42174,139907
42174,115888
42174,61877
42174,65656
42174,66207
42174,128233
42174,70572
42174,58953
42174,46260
42174,60429
42174,39862
42174,26443
42174,40718
42174,53072
42174,58982
42174,15823
42174,20272
42174,53361
42174,136557
42174,43261
42174,95687
42174,71964
42174,72504
42174,139136
42174,113860
42174,118098
42174,92410
42174,87074
42174,85183
42174,94951
42174,61228
42174,70446
42174,24524
42176,12274
42176,113622
42176,24397
42176,114531
42176,72427
42176,45242
42176,882
42176,33595
42176,19187
42176,43271
42176,126884
42176,21124
42176,22739
42176,104553
42176,56438
42176,136691
42176,18595
42176,32406
42176,12214
42176,122232
42176,45897
42176,21716
42176,17771
42176,45785
42176,88931
42176,10286
42176,28015
42176,49903
42176,68615
42176,34425
42176,98300
42176,41891
42176,70876
42176,90034
42176,88638
42177,112547
42177,136626
42177,54734
42177,16596
42177,133270
42177,66017
42177,109667
42177,138871
42177,134518
42177,63
42177,93785
42177,109376
42177,12025
42177,107942
42177,113146
42177,122623
42177,110541
42177,140259
42177,39608
42177,100143
42177,13476
42177,120433
42177,120795
42177,22173
42177,68763
42177,70310
42177,52061
42177,78765
42177,106784
42177,87940
42177,55876
42177,115102
42177,56189
42177,112490
42178,62143
42178,42951
42178,50355
42178,97501
42178,128496
42178,54602
42178,133869
42178,27281
42178,4099
42178,87502
42178,5604
42178,70066
42178,22150
42178,26364
42178,80964
42178,131841
42178,115332
42178,132271
42178,156
42178,35066
42180,126657
42180,15994
42180,77935
42180,4875
42180,125311
42180,139366
42180,10746
42180,64762
42180,43010
42180,74754
42180,71376
42180,138600
42180,53494
42180,45080
42180,38725
42180,69261
42180,7880
42180,6439
42180,35264
42183,4165
42183,79723
42183,39684
42183,116281
42183,25659
42183,121651
42183,119941
42183,74463
42183,10955
42183,101490
42183,89497
42183,101516
42183,121551
42183,74240
42183,7326
42183,126233
42183,103220
42183,1907
42183,71185
42183,41372
42183,14811
42183,66650
42183,132015
42183,132558
42183,121531
42183,14262
42183,132475
42183,78357
42183,63549
42183,24065
42183,125026
42183,60615
42184,112422
42184,95085
42184,21344
42184,38898
42184,66560
42184,118674
42184,117509
42184,34241
42184,83043
42184,87006
42184,58974
42184,46846
42184,26006
42184,72177
42184,120255
42184,101604
42184,67319
42184,46806
42184,69200
42184,30992
42184,120242
42184,102633
42184,30261
42184,117793
42184,41066
42184,16745
42184,18255
42184,8409
42184,49959
42184,100631
42184,84552
42184,107404
42185,86311
42185,83077
42185,29856
42185,27974
42185,39417
42185,12571
42185,6255
42185,39312
42185,21050
42185,68426
42185,113853
42185,100390
42185,139435
42185,53113
42185,50833
42185,106708
42185,122038
42185,135869
42185,122972
42185,14506
42185,134556
42185,31755
42185,57587
42185,82930
42185,43530
42185,85210
42185,8422
42185,97314
42185,31463
42185,71129
42185,78696
42185,77507
42185,103062
42186,94241
42186,89202
42186,64017
42186,54739
42186,118722
42186,68038
42186,37339
42186,68372
42186,115994
42186,53443
42186,40218
42186,138973
42186,114201
42186,119002
42186,19965
42186,110915
42186,133846
42186,44213
42186,100080
42186,79141
42186,105745
42186,97430
42186,76755
42186,978
42186,82967
42186,54795
42186,50366
42186,25820
42186,139974
42186,69638
42186,53706
42187,125744
42187,134845
42187,103908
42187,100748
42187,100664
42187,30435
42187,89097
42187,131350
42187,81804
42187,80832
42187,13760
42187,39526
42187,101406
42187,67140
42187,24092
42187,106647
42187,139165
42187,114209
42187,8134
42187,54116
42187,17023
42187,91288
42187,99219
42187,67619
42187,46068
42187,129643
42187,97432
42187,90254
42187,128339
42187,82897
42187,62587
42187,134077
42190,118065
42190,132936
42190,49551
42190,105824
42190,32400
42190,114071
42190,85509
42190,18338
42190,94695
42190,127845
42190,8175
42190,87107
42190,73307
42190,2292
42190,69636
42190,14363
42190,114408
42190,63903
42190,34908
42190,73673
42190,19663
42190,106688
42190,137691
42190,112952
42190,29433
42190,116107
42190,93378
42190,20109
42190,21036
42190,78799
42190,33137
42190,77603
42191,15195
42191,83096
42191,52125
42191,109346
42191,97227
42191,20013
42191,89238
42191,99062
42191,92432
42191,92226
42191,40165
42191,43463
42191,10116
42191,46517
42191,116747
42191,31148
42191,103744
42191,15107
42191,23648
42191,103984
42191,93203
42191,88112
42191,128943
42191,5700
42191,47650
42191,21534
42191,87623
42191,16337
42191,99129
42191,58948
42191,85991
42191,19855
42191,84745
42191,134724
42197,66829
42197,131410
42197,77192
42197,57385
42197,42013
42197,29006
42197,136917
42197,119306
42197,21062
42197,108658
42197,99360
42197,120987
42197,128263
42197,94837
42197,121285
42197,92749
42197,63454
42197,95519
42197,117232
42197,82151
42197,63848
42197,123424
42197,136287
42197,78541
42197,56111
42197,43987
42197,105570
42197,3674
42197,128115
42197,126157
42197,12573
42197,63490
42197,133790
42198,29604
42198,88218
42198,95307
42198,53341
42198,48153
42198,59526
42198,38571
42198,65606
42198,113349
42198,16706
42198,111106
42198,56880
42198,88096
42198,41488
42198,107872
42198,893
42198,92297
42198,95166
42198,17331
42198,64777
42198,59267
42198,68914
42198,97247
42198,6456
42198,81437
42198,85728
42198,114766
42198,91206
42198,42282
42198,111000
42198,36200
42198,21315
42198,122844
42198,92946
42200,82907
42200,20235
42200,86996
42200,114523
42200,40264
42200,54909
42200,57853
42200,45314
42200,46652
42200,76849
42200,4903
42200,2777
42202,63204
42202,6575
42202,83276
42202,30065
42202,82744
42202,26732
42202,82010
42202,99496
42202,21853
42202,73128
42202,18335
42202,22210
42202,90714
42202,59157
42202,68510
42202,90907
42202,105390
42202,116822
42202,3135
42202,42382
42202,27932
42202,31515
42202,7985
42202,138963
42202,104410
42202,15898
42202,65720
42202,126334
42202,52602
42202,108211
42202,89030
42202,53881
42202,4779
42203,134417
42203,52784
42203,72597
42203,120144
42203,33168
42203,54937
42203,120665
42203,37283
42203,103860
42203,38484
42203,13443
42203,107785
42203,51979
42203,131110
42203,43749
42203,60008
42203,98770
42203,1085
42203,134966
42203,25467
42203,1140
42203,12341
42203,12579
42203,79221
42203,117439
42203,69615
42203,87215
42203,9812
42203,79841
42203,29811
42203,28939
42203,10721
42203,51885
42204,32132
42204,40254
42204,58709
42204,98516
42204,73363
42204,90206
42204,18697
42204,38835
42205,135357
42205,59190
42205,69592
42205,23813
42205,8340
42205,54205
42205,56599
42205,101046
42205,31603
42205,58699
42205,36165
42206,48184
42206,135596
42206,588
42206,11657
42206,54343
42206,118910
42206,66154
42208,49310
42208,136797
42208,70048
42208,74598
42208,90424
42208,9268
42208,121348
42208,42244
42208,43709
42208,97113
42208,57193
42208,61986
42208,125914
42208,48740
42208,89820
42208,110490
42208,140472
42208,75548
42208,140065
42208,82937
42208,139470
42208,43924
42208,79897
42208,4690
42208,101839
42208,38310
42208,124624
42208,125233
42208,77322
42208,121702
42208,8325
42208,3675
42208,40391
42209,120560
42209,103189
42209,81158
42209,15665
42209,127469
42209,23283
42209,94393
42209,104547
42209,35035
42209,3106
42209,52256
42209,30124
42209,22668
42209,107111
42209,10248
42209,96231
42209,86558
42209,136868
42209,65214
42209,47444
42209,56784
42209,21980
42209,5035
42209,26043
42209,52840
42209,50314
42209,120695
42209,51868
42209,115520
42210,117351
42210,71416
42210,93120
42210,21567
42210,18654
42210,76686
42210,34055
42210,126367
42210,105854
42210,22834
42210,77947
42210,138913
42210,29879
42210,51398
42210,61918
42210,84663
42210,77562
42210,53923
42210,19198
42210,118055
42210,139173
42210,69321
42212,106356
42212,7372
42212,18731
42212,96612
42212,129896
42212,112178
42212,66285
42212,50569
42212,89294
42212,120915
42212,115241
42212,22172
42212,71028
42212,116170
42212,96421
42212,85678
42212,120089
42212,34734
42212,82347
42212,117638
42212,98126
42212,120291
42212,137194
42212,17000
42212,38437
42212,77919
42212,40977
42212,33702
42212,137258
42214,79947
42214,113792
42214,58289
42214,127015
42214,46843
42214,33301
42214,4194
42214,76639
42214,105790
42214,3926
42214,126272
42214,79986
42214,62274
42214,136582
42214,61201
42214,19274
42214,97980
42214,33542
42214,19117
42214,3384
42214,88202
42214,58810
42214,80873
42214,127708
42214,64319
42214,67116
42214,53730
42214,45382
42214,78471
42214,604
42214,92879
42215,63849
42215,120820
42215,50219
42215,104877
42215,4589
42215,15627
42215,36127
42215,15036
42215,106487
42215,12311
42215,75488
42215,16406
42215,129955
42215,2779
42215,58151
42215,140232
42215,127581
42215,109140
42215,34107
42215,134668
42215,139990
42215,93805
42215,8460
42215,119692
42215,107466
42215,9640
42215,80264
42215,99682
42215,126489
42215,24619
42217,34792
42217,74261
42217,46810
42217,97972
42217,135801
42217,63757
42217,60459
42217,101269
42217,50619
42217,13117
42217,94966
42217,47848
42217,83382
42218,68711
42218,5008
42218,1769
42218,2078
42218,70263
42218,97667
42218,92075
42218,71933
42218,54072
42218,83189
42218,110244
42218,36006
42218,78253
42218,96550
42218,106093
42218,51419
42218,128581
42218,67093
42218,44916
42218,12958
42218,48499
42218,31053
42219,70443
42219,62375
42219,29878
42219,148
42219,39979
42219,21869
42219,50164
42219,49287
42219,132407
42219,73882
42219,117997
42219,128083
42219,105062
42219,30529
42219,124051
42219,116609
42219,74963
42219,12349
42219,54817
42219,29311
42219,25405
42219,67441
42219,102289
42219,13381
42219,1
42219,79113
42219,4624
42219,87649
42219,34811
42219,53219
42219,11654
42219,16647
42219,63309
42221,139977
42221,26231
42221,131675
42221,75751
42221,119921
42221,49888
42221,101333
42222,134845
42222,100748
42222,24092
42222,54116
42222,13760
42222,62587
42222,90254
42222,18410
42222,109612
42223,11719
42223,137262
42223,113650
42223,117391
42223,135448
42223,131070
42223,45823
42224,44269
42224,30713
42224,68470
42224,131220
42224,111381
42224,140203
42224,2951
42224,113606
42224,57096
42224,32343
42224,33210
42224,74632
42224,78594
42224,139901
42224,23089
42224,73702
42224,61154
42224,60225
42224,115960
42224,9319
42224,123576
42224,125280
42224,38133
42224,55420
42224,46125
42224,109000
42224,129814
42225,59132
42225,37381
42225,4318
42225,54018
42225,51644
42227,79537
42227,37124
42227,43657
42227,62726
42227,95182
42227,37543
42227,31486
42227,22013
42227,25236
42227,20295
42227,90377
42227,1495
42227,107909
42227,131740
42227,38837
42227,12357
42227,48375
42227,102874
42227,77411
42227,31166
42227,59322
42227,55050
42227,79235
42227,110189
42227,37304
42227,72189
42227,90836
42227,68833
42227,113761
42227,85321
42227,83364
42227,67724
42227,39329
42228,100921
42228,77903
42228,69499
42228,46767
42228,47085
42228,73871
42228,127572
42228,68854
42228,130276
42228,77477
42228,94573
42228,86105
42228,133715
42228,63279
42228,21591
42228,82766
42228,111812
42228,130144
42228,110337
42228,111900
42228,113537
42228,24428
42228,77292
42228,128062
42228,6150
42231,89789
42231,138787
42231,140224
42231,32896
42231,118192
42231,8564
42231,51919
42231,119446
42231,38856
42231,80624
42231,16370
42231,9257
42231,59374
42231,65640
42231,131434
42231,77189
42231,7719
42231,13153
42231,125665
42231,53952
42231,57495
42233,80491
42233,2459
42233,22849
42233,12518
42233,94703
42233,55472
42233,58207
42233,6073
42233,62822
42233,62546
42233,106463
42233,124830
42233,83073
42233,59194
42233,13026
42233,119835
42233,103569
42233,86621
42233,35202
42233,135139
42233,25817
42233,101993
42233,24524
42233,11423
42233,122178
42233,125751
42233,68354
42233,25532
42233,106228
42233,9532
42233,125321
42233,128932
42234,3713
42234,97339
42234,98525
42234,47537
42234,107794
42234,65313
42234,90258
42234,99482
42234,15970
42235,14727
42235,88280
42235,140263
42235,86692
42235,129100
42236,126503
42236,78103
42236,130032
42236,27119
42236,48184
42236,137894
42236,75029
42236,135596
42236,13312
42236,54343
42236,68111
42236,8347
42236,14291
42236,39634
42236,106413
42236,51390
42236,91000
42236,11657
42236,78789
42236,48906
42236,40677
42236,113122
42236,120972
42236,27939
42236,88651
42236,66154
42236,106060
42236,18565
42236,24563
42237,1696
42237,63248
42237,116778
42237,61639
42237,97038
42237,74639
42237,138371
42237,124255
42237,124937
42237,96270
42237,90386
42237,45211
42237,29677
42237,90771
42237,43025
42237,29446
42237,26779
42237,9959
42237,131958
42237,50432
42237,75781
42237,78945
42237,12197
42237,26099
42237,93485
42237,14515
42237,122895
42237,58817
42237,132972
42237,130541
42237,34490
42238,110269
42238,66146
42238,99726
42238,56911
42238,94203
42238,131744
42238,34807
42238,37813
42238,95108
42238,8983
42238,118353
42239,111342
42239,104393
42239,62005
42239,67304
42239,23922
42239,118033
42239,109238
42239,81531
42239,56355
42239,98295
42239,133809
42239,9983
42239,106044
42239,84645
42239,19159
42239,66558
42239,57396
42239,41894
42239,46236
42239,85039
42239,49101
42239,61343
42241,33547
42241,12887
42241,1942
42241,9241
42241,19291
42241,56137
42241,103527
42241,3787
42241,62782
42241,129641
42241,140552
42241,79402
42241,120543
42241,7453
42241,95075
42241,92680
42241,135606
42241,114403
42241,96161
42241,44585
42241,19453
42241,138436
42241,24837
42241,100770
42241,12791
42241,17693
42241,131018
42241,13720
42241,12423
42241,101368
42241,105535
42241,22050
42243,65129
42243,11511
42243,72746
42243,124173
42243,23757
42243,19434
42243,134181
42243,99570
42243,88349
42243,116902
42243,67811
42243,49846
42243,79784
42243,45884
42243,87186
42243,135731
42243,20069
42243,33908
42243,98492
42243,10737
42243,120256
42243,134876
42243,36085
42243,49625
42243,93439
42243,111660
42243,75297
42243,35876
42243,63192
42243,116776
42243,63440
42244,48900
42244,103665
42244,102182
42244,29212
42244,16592
42244,2312
42244,42723
42244,121462
42246,84566
42246,16643
42246,61625
42246,134594
42246,106950
42246,11112
42246,58757
42246,100817
42246,83020
42246,73200
42246,63653
42246,48634
42246,9925
42246,37207
42246,37140
42246,120079
42246,45041
42246,107718
42246,67623
42246,120093
42246,25968
42246,103890
42246,39202
42246,107185
42246,24043
42246,84996
42246,28531
42247,45129
42247,63600
42247,32917
42247,81907
42247,73570
42247,81877
42247,67682
42247,79712
42247,30723
42247,122407
42247,106243
42247,8483
42247,128825
42247,5148
42247,80374
42247,98293
42247,59631
42247,26203
42247,112246
42248,47207
42248,103391
42248,67918
42248,114567
42248,88417
42250,13674
42250,92927
42250,100081
42250,118766
42250,135551
42250,139719
42250,75637
42250,78866
42250,62131
42250,11948
42250,132817
42250,32114
42250,81720
42250,70683
42250,59098
42250,127861
42250,5961
42250,16826
42250,12183
42250,91254
42250,70903
42250,27964
42250,71216
42250,131580
42250,108213
42250,39355
42250,10418
42250,45410
42250,112685
42250,47556
42250,9496
42253,138060
42253,36066
42253,113891
42253,48970
42253,116865
42253,97991
42253,126784
42253,95906
42253,31642
42253,81479
42253,15636
42253,126512
42253,103094
42253,115489
42253,130
42253,139909
42253,61376
42253,41342
42253,88301
42253,22302
42253,9248
42253,27474
42253,129563
42253,131253
42253,61526
42253,94721
42253,115380
42253,115930
42253,23687
42253,12236
42253,76543
42253,22427
42257,55658
42257,33793
42257,91503
42257,2796
42257,9301
42257,105467
42257,120678
42257,93301
42257,22523
42257,41843
42257,48530
42257,69959
42257,90858
42257,79691
42257,74375
42257,59548
42257,48589
42257,28122
42257,13453
42257,100343
42257,11129
42257,42682
42257,58712
42257,26040
42257,15762
42257,112188
42257,41983
42257,17688
42257,14903
42257,130359
42257,68977
42257,12442
42261,77845
42261,89016
42261,139723
42261,72292
42261,11473
42261,85141
42261,5733
42261,137994
42261,58077
42261,47737
42261,107212
42261,27951
42261,70777
42261,7245
42261,67388
42262,32855
42262,7885
42262,5623
42262,105042
42262,137306
42262,31047
42262,114119
42262,70492
42262,60802
42262,47093
42262,118449
42262,79287
42262,60783
42262,87859
42262,10385
42262,120463
42262,41314
42262,85634
42262,21632
42262,112947
42262,33399
42262,131919
42262,8383
42262,74008
42262,23702
42262,127147
42262,121052
42262,84126
42262,112204
42262,23618
42262,1494
42262,11814
42262,21446
42262,34894
42263,6929
42263,21111
42263,69099
42263,122988
42263,106749
42263,127144
42263,133991
42263,66187
42263,127687
42263,74318
42263,120220
42263,73538
42263,33417
42263,53270
42263,41261
42263,109189
42263,61433
42263,38687
42263,63023
42263,20444
42263,98360
42263,39322
42263,12853
42263,118700
42263,90684
42263,58965
42263,50861
42263,46013
42263,64507
42263,115537
42263,54671
42263,25662
42263,94473
42264,47451
42264,124176
42264,79547
42264,96288
42264,114225
42264,113809
42264,6626
42264,42651
42265,60844
42265,101849
42265,61372
42265,79350
42265,29465
42265,27529
42265,60931
42265,26161
42265,99732
42265,29202
42265,119988
42265,48797
42265,21728
42265,64646
42265,101508
42265,65335
42265,65137
42265,51485
42265,12355
42265,109339
42265,64757
42265,59916
42265,76990
42265,750
42265,93308
42267,18651
42267,29643
42267,76856
42267,38910
42267,109576
42267,87618
42267,4571
42267,16687
42267,28731
42267,743
42267,38926
42267,42855
42267,45966
42267,10214
42267,15267
42267,74165
42267,91714
42267,65799
42267,92307
42267,90819
42267,97907
42267,72077
42267,17986
42267,39627
42271,115473
42271,6974
42271,64140
42271,47948
42271,111847
42271,62235
42271,8073
42271,107035
42271,115221
42271,114907
42271,121128
42271,95479
42271,71418
42271,39653
42271,31789
42271,27228
42271,115517
42271,41898
42271,102989
42271,23292
42271,130462
42271,37196
42271,30383
42271,23542
42271,138552
42271,40101
42271,68929
42271,9258
42271,86663
42271,10375
42271,97177
42272,135468
42272,19448
42272,57823
42272,12339
42272,55957
42272,39271
42272,89883
42272,31723
42272,107222
42272,30225
42272,113559
42272,12611
42272,36779
42272,126867
42272,128355
42272,113336
42272,18040
42272,85457
42272,19873
42272,42412
42272,57454
42272,10503
42272,21633
42272,113233
42272,12734
42272,115600
42272,39936
42272,30478
42272,18159
42272,110811
42272,129448
42274,121131
42274,18666
42274,87057
42274,20374
42274,47462
42274,34864
42274,7787
42274,37812
42274,23622
42275,121880
42275,55012
42275,100149
42275,11352
42275,86682
42275,47197
42275,4629
42275,93646
42275,102003
42275,68124
42275,122472
42275,79467
42275,24847
42275,138196
42275,12169
42275,83466
42275,117469
42275,112486
42275,74996
42275,7636
42275,41467
42275,34702
42275,59072
42275,88725
42275,18702
42275,56827
42275,37600
42275,119730
42275,132076
42275,14331
42275,67388
42275,108793
42276,40649
42276,111480
42276,11821
42276,5710
42276,76777
42278,56870
42278,44941
42278,14920
42278,54111
42278,131156
42278,26264
42278,105907
42278,103452
42278,12247
42278,132626
42278,82653
42278,27007
42278,65071
42278,36485
42278,20216
42278,29403
42278,3486
42278,39085
42278,106947
42278,119398
42278,112973
42278,108122
42278,1416
42278,72254
42278,102049
42278,112873
42278,90994
42278,124488
42278,136402
42278,41625
42278,12718
42279,62847
42279,15385
42279,12988
42279,35349
42279,75374
42279,2612
42279,5622
42279,38655
42279,69673
42279,78147
42279,289
42279,95869
42279,58573
42279,99299
42279,119479
42279,121496
42279,126944
42279,98984
42279,50879
42279,52038
42279,45659
42279,42884
42279,33463
42279,24125
42279,19191
42279,8633
42279,134156
42279,79813
42279,92245
42279,35893
42279,4905
42279,4484
42279,120126
42280,136065
42280,85914
42280,92996
42280,134700
42280,15564
42280,71467
42282,123527
42282,34238
42282,44053
42282,7759
42282,22683
42282,16966
42283,107846
42283,20136
42283,13019
42283,10418
42283,47556
42283,127861
42283,47359
42283,88778
42283,5961
42283,68601
42283,68206
42283,135726
42283,560
42284,119297
42284,131374
42284,134905
42284,104995
42284,68349
42284,19883
42284,21248
42284,39701
42287,23414
42287,4368
42287,103207
42287,93368
42287,130390
42287,64843
42287,5248
42287,50161
42287,107431
42287,89288
42287,22930
42287,83901
42287,125912
42287,122405
42287,120790
42287,9415
42287,15504
42287,78974
42287,26217
42287,77670
42287,74010
42287,52686
42287,74214
42287,85670
42287,52346
42287,36595
42287,120278
42287,70012
42288,88897
42288,86944
42288,109086
42288,17836
42288,5127
42288,70685
42288,137941
42288,110257
42288,30644
42288,90134
42288,28060
42288,85775
42288,129073
42288,27377
42288,18334
42288,18242
42288,114655
42288,9397
42288,70908
42288,5435
42288,79348
42288,121196
42288,32949
42288,22355
42288,128448
42288,113980
42288,46681
42288,118164
42288,7501
42288,111442
42290,16558
42290,86855
42290,106805
42290,35106
42290,48570
42290,15359
42290,124786
42290,111441
42290,67768
42290,126421
42290,108681
42290,39802
42290,106531
42290,126363
42290,38605
42290,129628
42290,34784
42290,62588
42290,114228
42290,8454
42290,61574
42290,128255
42290,30507
42290,57653
42290,55723
42290,81177
42290,29098
42290,135518
42290,103940
42290,92261
42290,17814
42290,34378
42290,74187
42291,66327
42291,42906
42291,111752
42291,97038
42291,924
42291,90386
42291,79318
42291,96270
42291,45211
42291,124937
42291,63248
42291,15491
42291,1696
42291,38164
42291,61639
42291,138371
42291,105534
42291,131958
42291,140696
42291,9959
42291,23723
42291,12197
42291,10242
42291,93485
42291,14515
42291,139847
42291,50432
42291,75781
42291,132972
42291,124255
42291,122895
42292,96799
42292,74242
42292,14868
42292,7609
42292,17899
42292,38105
42292,1157
42292,40738
42292,19783
42292,100692
42292,130837
42292,129537
42292,96587
42292,29111
42292,77394
42292,76599
42292,124347
42292,71096
42292,124904
42292,117170
42292,64408
42292,106839
42292,61977
42292,139492
42292,103774
42292,92274
42292,1105
42292,42504
42292,45294
42292,62688
42292,47839
42292,117636
42292,104932
42292,43315
42293,33737
42293,79032
42293,5365
42293,31834
42293,18237
42293,117952
42293,104
42293,46751
42293,125173
42293,127299
42293,60232
42293,73811
42293,106283
42293,90262
42293,135671
42293,76778
42293,47640
42293,82272
42293,21442
42293,66945
42293,14392
42293,72108
42294,65481
42294,135063
42294,110759
42294,102679
42294,81792
42294,116793
42294,7244
42294,57626
42294,41421
42294,105139
42294,19388
42294,46411
42294,122757
42294,134150
42294,79137
42294,9992
42294,36466
42294,105140
42294,80748
42294,77037
42294,39576
42294,92649
42294,128461
42294,66800
42294,102776
42295,33166
42295,131107
42295,21124
42295,43271
42295,97857
42295,75393
42295,21960
42295,69709
42300,4875
42300,126657
42300,76034
42300,8962
42300,32887
42300,71220
42300,1230
42300,71181
42300,77935
42300,71376
42300,36427
42300,3213
42300,126719
42300,41712
42300,80475
42300,70934
42300,90730
42300,53494
42300,1497
42300,44923
42300,17633
42300,113069
42300,59546
42300,111464
42300,61529
42300,121267
42300,7880
42300,130428
42300,14536
42300,110940
42300,43010
42300,129968
42300,106819
42301,13484
42301,14840
42301,126818
42301,38346
42301,5267
42301,82865
42301,12899
42301,135695
42301,3854
42301,77959
42301,105517
42301,53141
42301,71039
42301,33387
42301,123268
42301,2094
42301,53454
42301,16466
42301,44883
42301,70302
42301,6913
42301,121008
42301,13483
42301,86892
42301,110225
42301,130578
42301,120374
42301,72915
42301,58049
42301,13872
42301,54703
42302,14682
42302,57221
42302,5236
42302,121922
42302,96567
42302,129838
42302,19830
42302,21022
42302,132794
42302,93964
42302,14731
42302,112774
42302,109541
42302,139185
42302,123329
42302,138594
42302,73305
42302,63540
42302,18154
42302,56322
42302,92249
42302,114425
42302,79165
42302,65793
42302,137405
42302,81349
42302,88216
42302,71779
42302,116938
42302,5478
42303,130134
42303,77338
42303,60034
42303,54603
42303,75350
42303,23976
42303,96399
42303,20251
42303,132455
42303,91142
42303,83385
42303,140634
42303,19947
42303,104822
42303,132362
42303,73810
42303,65005
42303,15329
42303,78888
42303,100416
42303,119709
42303,115350
42303,68780
42303,98585
42303,86166
42303,54158
42303,134405
42303,68
42303,65041
42303,60111
42303,53073
42303,36220
42305,27555
42305,103045
42305,2783
42305,83394
42305,120713
42305,77302
42305,16763
42305,123432
42305,45072
42305,7831
42305,109126
42305,6620
42305,32734
42305,41750
42305,125248
42305,89034
42305,132347
42305,4839
42305,25621
42305,21550
42305,52287
42305,45872
42305,115772
42305,19526
42305,60181
42305,116959
42307,38910
42307,18727
42307,4571
42307,91714
42307,38926
42307,117635
42307,76856
42307,29643
42307,16824
42307,10214
42307,15267
42307,50199
42307,134248
42307,43441
42307,87618
42307,743
42307,25154
42307,78685
42307,74165
42307,97907
42307,34036
42307,53665
42307,39627
42307,128447
42307,113108
42307,126809
42307,17810
42307,80919
42307,94751
42307,123810
42310,9983
42310,19159
42310,67304
42310,85536
42310,106044
42310,111342
42310,104393
42310,62005
42310,84645
42310,23922
42310,118033
42310,109238
42310,66558
42310,133809
42310,56355
42310,98295
42310,41894
42310,106318
42310,25254
42310,46236
42310,47195
42310,27332
42310,28257
42310,29419
42310,117632
42310,140141
42310,79359
42310,61343
42310,74452
42310,34535
42310,15474
42310,107318
42310,32360
42312,99726
42312,40335
42312,48363
42312,94203
42312,130141
42312,56911
42312,71488
42312,70834
42312,67810
42312,59097
42312,66146
42312,43266
42312,140450
42312,135274
42312,140027
42312,140724
42312,27357
42312,8983
42312,90078
42312,100206
42312,74557
42312,53424
42312,524
42312,37813
42312,118353
42312,34807
42312,95108
42313,104612
42313,55235
42313,6893
42313,99369
42313,13212
42313,134655
42313,85061
42313,110019
42313,72749
42313,118513
42313,140809
42313,11780
42313,126548
42313,51678
42313,22869
42313,96377
42313,1875
42313,25090
42313,111704
42314,109472
42314,140047
42314,138759
42314,15434
42314,67329
42314,129407
42314,44465
42314,46760
42314,52160
42314,73740
42314,18969
42314,49415
42314,41813
42314,104588
42314,132039
42314,102524
42314,62405
42314,24203
42314,75128
42314,49247
42314,13897
42314,15022
42314,122390
42314,58988
42314,46687
42314,96885
42314,85155
42314,79642
42314,102080
42314,27979
42314,71012
42314,128893
42314,98224
42314,77580
42315,68153
42315,72106
42315,122659
42315,103812
42315,43757
42315,34304
42315,44798
42315,35495
42315,138437
42315,66380
42315,18280
42316,54330
42316,27681
42316,136992
42316,76738
42316,14831
42316,51851
42316,241
42316,108697
42316,69590
42316,128813
42316,51044
42316,70623
42316,3561
42316,94099
42316,50028
42316,63435
42316,32964
42316,135723
42316,36921
42316,137862
42316,95126
42318,117952
42318,20972
42318,104
42318,69376
42318,46751
42318,127299
42318,47640
42318,18237
42318,90262
42318,76778
42318,73811
42318,26047
42318,125173
42318,135671
42318,114158
42318,14236
42318,81631
42318,5365
42318,79032
42318,55903
42318,31834
42318,12585
42318,26365
42318,66945
42318,102133
42320,62059
42320,127766
42320,75377
42320,109249
42320,46519
42320,102922
42320,135159
42320,129369
42320,73997
42320,95184
42320,44977
42320,23973
42320,91224
42320,79490
42320,48052
42320,36876
42320,53022
42320,3845
42323,95076
42323,106794
42323,67753
42323,86398
42323,98577
42323,60113
42323,58684
42323,74908
42323,82845
42323,8834
42323,60108
42323,50856
42323,59422
42323,122339
42323,14565
42323,44111
42323,9885
42323,95723
42323,120367
42323,3728
42323,30320
42323,99380
42323,115660
42323,124194
42323,23987
42323,104240
42323,95832
42323,136612
42323,49062
42323,52503
42323,81571
42323,62418
42323,52175
42325,106421
42325,90920
42325,106230
42325,34852
42325,124778
42325,3775
42325,59539
42325,7377
42325,57934
42325,38913
42325,87490
42325,41400
42325,120248
42325,33509
42325,2906
42325,78725
42325,55148
42325,79596
42325,57125
42325,453
42325,140016
42325,21638
42325,80579
42325,134288
42325,67025
42325,123709
42325,96112
42325,40048
42325,25979
42325,35010
42325,69171
42325,78642
42325,59042
42325,12154
42326,112422
42326,52199
42326,129900
42326,59618
42326,21708
42326,105640
42326,78276
42326,81884
42326,70557
42326,45395
42326,135423
42326,62596
42326,41066
42326,31573
42326,19005
42326,57592
42326,72177
42326,58974
42326,128734
42326,129600
42326,130143
42326,59976
42326,40067
42326,79550
42326,34241
42326,84552
42326,16745
42326,13226
42326,87006
42326,114733
42326,49959
42326,127866
42327,64414
42327,114951
42327,68837
42327,119392
42327,79303
42327,120356
42327,113920
42327,15145
42327,17500
42327,91402
42327,137562
42327,91107
42327,98175
42327,63016
42327,137244
42327,27885
42327,49817
42327,2745
42327,54860
42327,103318
42327,40230
42327,2103
42327,16455
42327,23776
42327,3376
42327,134754
42327,28884
42327,138809
42327,39020
42327,112587
42327,2671
42329,106651
42329,20182
42329,26184
42329,119753
42329,51646
42329,25530
42329,89273
42329,88711
42329,9796
42329,14306
42329,19297
42329,26018
42329,117458
42329,53210
42329,60089
42329,109825
42329,99366
42329,39119
42330,59817
42330,86032
42330,30304
42330,106919
42330,67607
42330,78215
42330,8150
42330,53917
42330,56638
42330,58454
42331,90386
42331,100781
42331,73246
42331,46458
42331,55309
42331,139847
42331,122409
42331,39679
42331,69411
42331,63365
42331,49317
42331,43025
42331,116778
42331,130541
42331,69877
42331,132034
42331,55774
42331,69811
42331,108471
42331,125557
42331,83729
42331,52139
42331,102045
42331,53253
42331,98714
42331,81028
42331,92315
42331,16942
42331,105989
42331,113416
42331,65058
42335,67140
42335,129643
42335,72508
42335,67150
42335,90151
42335,36466
42335,13252
42335,90254
42335,39526
42335,8134
42335,54116
42335,139165
42335,67619
42338,65520
42338,61111
42338,124483
42338,83438
42338,8999
42338,65569
42338,113582
42338,106582
42338,81830
42338,5131
42338,52408
42338,73184
42338,22880
42338,123094
42338,70145
42338,30562
42338,47394
42338,139281
42338,57378
42338,39677
42338,35711
42338,22106
42338,26130
42338,5099
42338,131404
42338,103720
42338,71054
42338,69450
42338,66358
42341,96763
42341,92010
42341,92814
42341,16781
42341,79350
42341,22561
42341,27426
42341,12355
42341,60513
42341,1732
42341,94995
42341,99231
42341,54789
42341,101508
42341,126848
42341,65335
42341,118172
42341,67575
42341,119988
42341,30984
42341,18993
42341,51485
42341,121181
42341,103513
42341,113745
42341,21728
42341,64646
42341,26161
42341,138224
42341,750
42341,4217
42341,93308
42342,71607
42342,82247
42342,124307
42342,81478
42342,90352
42342,78939
42342,56822
42342,85006
42342,134403
42342,84726
42343,80422
42343,52683
42343,5505
42343,62417
42343,119316
42343,118916
42343,16499
42343,89365
42343,37923
42343,21198
42343,134549
42343,133072
42343,34584
42343,361
42343,15945
42343,107721
42343,130594
42343,64949
42343,113169
42343,46393
42343,66917
42343,98851
42345,91635
42345,30117
42345,140045
42345,79321
42345,122597
42345,88784
42345,56267
42345,72115
42345,124039
42345,10410
42345,61226
42345,97380
42347,54876
42347,29862
42347,66928
42347,127443
42347,123667
42347,93990
42347,132525
42347,101134
42347,27928
42347,17793
42347,58203
42347,138196
42347,105177
42347,23135
42347,100889
42347,118393
42347,88921
42347,79782
42347,47170
42347,122586
42347,123521
42347,30803
42347,25183
42347,94389
42347,43913
42347,14600
42347,65797
42347,115123
42347,109085
42347,121224
42347,125894
42347,18575
42349,13959
42349,29254
42349,63515
42349,126689
42349,92780
42349,114568
42349,21322
42349,67566
42349,102900
42349,38953
42349,38764
42349,116908
42349,1446
42349,108531
42349,134573
42349,126903
42349,40207
42349,45531
42349,105236
42349,59924
42349,135889
42349,60402
42349,114120
42349,138396
42349,11070
42349,90365
42349,91842
42349,124001
42349,15066
42349,32520
42349,124589
42349,34283
42350,73831
42350,3631
42350,114897
42350,116199
42350,115936
42350,61664
42350,107912
42350,7983
42350,83344
42350,127850
42350,20210
42350,122215
42350,76140
42350,12342
42350,124331
42350,60383
42350,23613
42350,14190
42350,57633
42350,82863
42350,16670
42350,87844
42351,111152
42351,31156
42351,81252
42351,100669
42351,66831
42351,93947
42351,136308
42351,68683
42351,113223
42351,104509
42351,140258
42351,39266
42351,106301
42351,71060
42351,114396
42351,74344
42351,86840
42351,111506
42351,21712
42351,15047
42351,119944
42351,130972
42351,104773
42351,81951
42351,21271
42351,48462
42351,52296
42351,23526
42351,75081
42351,73724
42351,116529
42351,52520
42351,40420
42351,109242
42351,7671
42352,61237
42352,133444
42352,139433
42352,425
42352,51162
42352,103234
42352,72464
42352,102973
42352,102092
42352,91406
42352,13047
42352,23844
42352,50751
42352,66969
42352,97547
42352,16279
42352,128578
42352,42781
42352,45457
42352,65118
42352,77559
42352,137797
42352,139116
42352,17616
42352,24004
42352,40903
42352,65504
42352,79382
42352,2867
42352,46298
42352,97166
42352,24409
42353,129005
42353,16085
42353,77511
42353,135082
42353,91006
42354,81953
42354,137804
42354,67837
42354,8889
42354,2330
42354,96686
42354,32214
42354,114345
42354,77403
42354,135276
42354,56163
42354,120892
42354,73929
42354,108497
42354,72666
42354,10888
42354,53182
42354,8811
42354,89862
42354,75618
42354,15595
42354,15244
42354,94958
42354,71457
42354,102491
42354,63197
42354,99030
42354,8809
42354,42709
42354,62227
42354,78262
42354,37377
42356,44740
42356,62663
42356,57318
42356,110560
42356,3748
42356,8995
42356,121879
42356,32497
42356,15809
42356,13384
42356,108525
42358,45896
42358,28495
42358,24519
42358,42693
42358,122589
42358,85430
42358,16830
42358,104333
42358,50215
42358,69514
42358,22431
42358,22607
42358,8992
42358,124191
42358,44502
42358,131363
42358,34578
42358,52622
42358,122517
42358,34683
42358,111453
42358,106872
42358,19427
42358,137450
42358,62167
42358,119847
42358,82439
42358,6656
42358,67282
42358,116460
42358,123935
42358,106166
42358,94390
42359,50648
42359,76265
42359,101676
42359,121045
42359,126338
42359,47090
42359,117276
42359,76509
42359,37974
42359,96832
42359,37286
42359,2871
42359,109202
42361,48645
42361,117772
42361,26418
42361,8536
42361,55224
42361,119817
42361,7354
42361,2040
42361,3447
42361,27992
42361,110243
42361,16651
42361,39054
42361,67110
42361,104781
42362,69789
42362,109305
42362,123635
42362,113710
42362,87350
42362,132986
42362,34602
42362,99147
42362,73855
42362,106900
42362,9126
42362,16930
42362,2748
42362,139775
42362,91964
42362,47472
42362,20507
42362,41040
42362,123581
42362,29793
42363,50415
42363,206
42363,139493
42363,4400
42363,21499
42363,122832
42363,137796
42363,7682
42363,26341
42363,38871
42363,81567
42363,126886
42363,31108
42363,55128
42364,24607
42364,42573
42364,46948
42364,69471
42364,9118
42364,29244
42364,16652
42364,38394
42364,27670
42364,37650
42364,38765
42364,140648
42364,45107
42364,58321
42364,45764
42364,106750
42364,63472
42364,60992
42364,16679
42364,70252
42364,111027
42364,56470
42364,43366
42364,48202
42364,24136
42364,69706
42364,84397
42364,47221
42364,134167
42364,48591
42365,122100
42365,112767
42365,70850
42365,57185
42365,71494
42365,137002
42365,31134
42365,44666
42365,40711
42365,43358
42365,77214
42365,18137
42365,139916
42365,50461
42365,76244
42365,21974
42365,129128
42365,40318
42365,97393
42365,124235
42365,24583
42365,78393
42365,15780
42365,132606
42365,83256
42365,108953
42365,92951
42365,50093
42365,98272
42365,96591
42366,48678
42366,135446
42366,73268
42366,73356
42366,100523
42366,113892
42366,31419
42366,7739
42366,122455
42366,94807
42366,36263
42366,54947
42366,21318
42366,128946
42366,6742
42366,140645
42366,39789
42366,75748
42366,17768
42366,95788
42366,102445
42366,17413
42366,45658
42366,130893
42366,115194
42366,128708
42366,13992
42366,109478
42366,22632
42366,136428
42366,69487
42366,85825
42368,80045
42368,81963
42368,53979
42368,97789
42368,13323
42368,20298
42368,133631
42368,54680
42368,7793
42368,93074
42369,46794
42369,115388
42369,88341
42369,109739
42369,27942
42369,123880
42369,133502
42370,57311
42370,102153
42370,109465
42370,78992
42370,132776
42370,25775
42370,33676
42370,51292
42370,81820
42370,136758
42370,32626
42370,108022
42370,88501
42370,139434
42370,95626
42370,130455
42370,86426
42370,19140
42370,27438
42370,97721
42370,116224
42370,39250
42370,100626
42370,7881
42370,19397
42370,85739
42370,105976
42371,80367
42371,53571
42371,113573
42371,28410
42371,134971
42371,67357
42371,55684
42371,8500
42371,125265
42371,29954
42371,115107
42371,121624
42371,91509
42371,102029
42371,39111
42371,42369
42371,59065
42371,122061
42371,138397
42371,111045
42371,74498
42371,130965
42371,74502
42371,56691
42371,8000
42371,37303
42371,90236
42371,97893
42371,108328
42371,33671
42372,125211
42372,79140
42372,7345
42372,137558
42372,73731
42372,30237
42372,82933
42372,91180
42372,124069
42372,39983
42372,78478
42372,135762
42372,44865
42372,20321
42372,64563
42372,101917
42372,127863
42372,79417
42372,74635
42372,20278
42372,93908
42372,127105
42372,66138
42372,98436
42372,115684
42372,38440
42372,121878
42372,41439
42372,5324
42372,19353
42372,77798
42372,103316
42373,94241
42373,115994
42373,89202
42373,80067
42373,133846
42373,44213
42373,110915
42373,68372
42373,94850
42373,54739
42373,47202
42373,54795
42373,85930
42373,105745
42373,121614
42373,114067
42373,14002
42373,25156
42373,50366
42373,72234
42376,16032
42376,23137
42376,35869
42376,10220
42376,1975
42376,21616
42376,82671
42376,4364
42376,58560
42376,101953
42376,47040
42376,50805
42376,116061
42376,139392
42376,113699
42376,35482
42376,17624
42376,134059
42376,131838
42377,46478
42377,121496
42377,79813
42377,58573
42377,69673
42377,120126
42380,22578
42380,55791
42380,30618
42380,10107
42380,18601
42380,57114
42380,32358
42380,89476
42380,112479
42380,52209
42380,12135
42380,40441
42380,122734
42380,134086
42380,28383
42380,68872
42380,62326
42380,101162
42380,139418
42380,94194
42380,43440
42380,20772
42380,82404
42380,27525
42380,101543
42380,57903
42380,7532
42380,133093
42380,137264
42380,84914
42380,47068
42380,140533
42383,48678
42383,73356
42383,135446
42383,100523
42383,113892
42383,7739
42383,62219
42383,94807
42383,108811
42383,25570
42383,86205
42383,54947
42383,21318
42383,128946
42383,36263
42383,122455
42383,6742
42383,73268
42383,95788
42383,102445
42383,31419
42383,39789
42383,75748
42383,17413
42383,130893
42383,45658
42383,128708
42383,3274
42383,109478
42383,140645
42383,69487
42383,85825
42384,131575
42384,117351
42384,93120
42384,71416
42384,21567
42384,18654
42384,76686
42384,34055
42384,126367
42384,105854
42384,22834
42384,77947
42384,29488
42384,138913
42384,29879
42384,61918
42384,51398
42384,84036
42384,28812
42384,47070
42384,84663
42384,76748
42384,83327
42384,77562
42384,17144
42384,130916
42384,12010
42384,61072
42384,53923
42384,139173
42384,19198
42384,127408
42388,119130
42388,54246
42388,5674
42388,45733
42388,132535
42388,37911
42388,98242
42388,121161
42388,93220
42388,21806
42388,77199
42388,5653
42388,132072
42388,16062
42388,24977
42388,107120
42388,40278
42388,129740
42388,4366
42389,107223
42389,81037
42389,115368
42389,49783
42389,65508
42389,87611
42389,35909
42389,68960
42389,964
42389,135442
42389,39415
42389,10577
42389,16764
42389,129255
42389,1473
42389,94676
42389,6969
42390,139861
42390,91990
42390,113648
42390,51408
42390,7720
42390,20973
42390,101892
42390,42217
42390,63602
42390,72202
42390,105511
42390,68113
42390,19560
42390,29083
42390,115614
42390,1785
42390,36361
42390,55156
42390,133997
42390,8787
42390,101185
42390,59298
42390,133130
42390,57917
42390,135660
42390,95601
42390,59209
42390,96376
42390,61496
42390,40223
42390,30778
42391,121786
42391,34300
42391,133986
42391,140435
42391,27054
42391,118673
42391,108540
42391,56378
42391,119789
42391,126178
42391,101452
42391,57610
42391,78661
42391,26444
42391,56185
42391,137174
42391,122228
42391,48418
42392,50503
42392,61289
42392,98061
42392,23676
42392,29231
42392,87127
42392,69927
42392,62255
42392,4406
42392,11959
42392,20556
42392,14793
42392,2384
42392,109404
42392,100399
42392,73012
42392,53496
42392,52525
42392,28980
42392,129954
42392,90261
42392,39906
42392,127964
42392,103758
42392,83662
42392,92968
42392,486
42392,55213
42392,82625
42392,41586
42392,37053
42392,13224
42392,138210
42393,73176
42393,84066
42393,10894
42393,7807
42393,30533
42393,84810
42393,40059
42393,112765
42393,124391
42393,89556
42393,102915
42393,38503
42393,133468
42393,96123
42393,39129
42393,61776
42393,82304
42393,25057
42393,87909
42393,15133
42393,7935
42393,3334
42393,32124
42393,81541
42393,96833
42393,96801
42393,53364
42393,133975
42396,121519
42396,128800
42396,3760
42396,31315
42396,41834
42396,74396
42396,122584
42396,54841
42396,111582
42396,66860
42396,69915
42396,49538
42396,85822
42396,128877
42396,22282
42396,50637
42396,8207
42396,5294
42396,67247
42397,43829
42397,110029
42397,127024
42397,122191
42397,6203
42397,138113
42397,36338
42397,86559
42397,83852
42398,40253
42398,211
42398,107994
42398,122996
42398,128628
42398,62962
42398,73015
42398,51538
42398,88087
42398,120104
42398,135431
42398,127175
42398,38827
42398,120344
42398,30256
42398,44391
42398,100833
42398,91165
42398,74961
42398,99441
42398,113680
42398,69753
42398,99081
42398,59578
42398,1367
42398,10263
42398,140619
42398,25414
42398,7634
42398,42154
42398,27420
42398,58300
42398,38590
42401,111558
42401,133374
42401,74007
42401,136836
42401,138969
42401,16285
42401,46374
42401,46897
42401,78447
42401,15926
42401,134202
42401,119670
42401,97936
42401,135622
42401,134095
42401,86402
42401,107115
42401,113342
42401,14856
42401,3256
42401,115934
42401,110196
42401,81927
42401,83752
42401,97676
42401,25201
42401,111396
42401,41577
42401,23019
42401,62033
42401,67309
42401,12190
42404,42120
42404,52849
42404,53635
42404,5077
42404,130332
42404,120461
42404,84345
42404,19615
42404,62908
42404,107209
42405,47686
42405,52469
42405,21220
42405,89912
42405,29396
42405,132134
42405,56541
42406,37159
42406,117465
42406,94964
42406,90562
42406,26698
42406,14771
42406,29976
42406,98275
42406,112588
42406,128394
42406,53976
42409,90120
42409,32831
42409,36558
42409,92039
42409,49742
42409,6052
42409,69903
42409,4867
42409,41247
42409,65573
42409,34450
42409,59978
42409,6861
42409,26372
42409,41682
42409,136844
42409,104843
42409,18551
42409,117062
42409,27313
42409,104470
42409,84503
42409,74702
42409,64685
42409,37337
42409,116392
42409,71107
42409,25357
42409,120932
42409,93829
42409,115378
42409,96480
42410,74617
42410,74364
42410,121436
42410,125996
42410,94864
42410,134841
42410,49420
42410,125596
42410,16063
42410,5705
42410,40891
42410,103047
42410,135232
42410,18076
42410,64877
42410,12276
42410,46185
42410,14813
42414,23418
42414,37697
42414,139010
42414,128036
42414,46260
42414,139306
42414,95966
42414,92809
42414,61877
42414,117501
42414,6850
42414,58041
42414,7812
42414,73865
42414,89326
42414,7350
42414,62822
42414,98352
42414,83095
42414,139136
42414,115642
42414,71179
42414,35202
42414,118098
42414,87074
42414,103668
42414,45066
42414,94951
42414,65044
42414,124880
42414,10602
42414,88480
42417,34179
42417,17654
42417,42645
42417,61323
42417,140482
42417,133503
42417,129612
42417,34453
42417,23646
42417,106879
42417,2635
42417,57238
42418,120489
42418,128938
42418,9824
42418,118900
42418,39219
42418,68799
42418,120230
42418,107859
42418,95992
42418,50307
42418,67936
42418,46144
42418,131207
42418,6047
42418,119511
42418,1283
42418,36833
42418,117728
42418,91067
42418,120954
42418,102532
42418,74732
42418,57893
42418,109016
42418,110332
42418,22841
42418,11655
42418,10049
42418,93801
42418,50777
42418,63292
42418,89839
42419,116942
42419,37818
42419,77089
42419,49656
42419,134154
42419,24545
42419,68420
42419,102130
42419,78500
42419,57952
42419,90809
42420,99008
42420,59258
42420,66043
42420,127748
42420,91405
42420,65503
42420,128574
42420,63736
42420,53524
42420,104688
42420,85211
42420,18119
42420,132205
42420,73484
42420,108065
42420,70194
42420,119829
42420,132177
42420,71404
42420,63243
42420,74483
42420,31677
42420,69346
42420,59138
42420,28011
42422,4867
42422,6052
42422,36558
42422,90120
42422,6861
42422,92039
42422,84539
42422,41247
42422,65573
42422,34450
42422,11608
42422,59978
42422,26372
42422,104843
42422,136844
42422,50157
42422,134625
42422,106379
42422,32831
42422,104470
42422,27313
42422,49742
42422,116392
42422,41682
42422,71107
42422,115378
42422,74702
42422,128637
42422,18551
42422,93829
42422,96480
42423,90826
42423,6600
42423,46201
42423,22083
42423,80877
42423,25986
42423,106691
42423,61948
42423,107293
42423,46081
42423,9064
42424,121961
42424,81524
42424,4055
42424,18209
42424,62259
42424,14566
42424,88742
42424,86568
42424,140101
42424,48881
42424,66213
42424,49488
42424,56616
42424,133258
42424,33967
42424,137488
42424,102578
42424,12065
42424,51152
42424,67774
42424,72650
42424,6655
42424,89129
42424,85127
42424,12907
42424,37205
42424,14905
42424,3688
42425,42659
42425,75098
42425,104864
42425,15790
42425,86150
42425,94000
42425,89984
42425,69513
42425,4194
42425,126272
42425,4464
42425,46843
42425,33880
42425,33301
42425,88202
42425,99017
42425,3926
42425,138981
42425,42453
42425,71774
42425,58810
42425,46961
42425,19940
42425,76639
42425,65750
42425,61139
42425,33542
42425,137530
42425,129304
42425,80873
42425,76437
42425,53730
42430,99942
42430,88624
42430,76075
42430,96751
42430,101480
42430,64130
42430,79339
42430,70519
42430,52289
42430,85044
42430,24525
42430,85599
42430,42822
42430,80611
42430,68230
42430,62251
42430,117788
42430,93150
42430,31286
42430,15930
42430,72928
42430,55467
42430,136743
42430,14198
42430,35204
42430,125168
42431,23777
42431,28877
42431,124602
42431,90803
42431,39517
42431,59466
42431,37420
42431,117835
42431,62403
42431,114924
42431,136210
42431,117771
42431,129263
42431,83789
42431,84296
42431,10987
42431,97785
42431,103595
42431,54187
42431,46029
42431,101198
42431,110836
42431,1147
42431,80396
42431,80999
42431,108023
42431,7573
42431,43662
42431,25884
42431,62134
42431,104770
42431,59206
42431,55859
42432,140037
42432,86230
42432,55017
42432,131301
42432,102957
42432,70123
42432,11736
42432,55206
42432,55523
42432,16941
42432,24429
42432,121012
42432,78463
42432,15561
42432,84807
42432,73908
42434,27592
42434,33422
42434,43686
42434,67050
42434,10089
42434,35487
42434,102376
42434,117842
42434,133575
42434,16640
42434,33204
42434,46381
42434,14260
42434,132966
42434,67375
42434,22809
42434,92082
42434,51857
42434,96680
42434,58914
42434,46723
42434,35694
42434,38077
42434,30315
42434,6410
42434,130784
42434,30870
42434,131626
42434,127567
42434,11101
42434,118998
42434,139540
42435,56328
42435,70993
42435,87931
42435,15989
42435,117556
42435,122147
42435,119867
42435,18966
42435,53292
42435,66573
42435,51137
42435,123447
42435,103075
42436,123981
42436,74786
42436,95188
42436,18519
42436,39828
42436,58197
42436,8036
42436,15369
42436,105791
42436,134262
42436,79605
42436,4836
42436,61511
42436,81176
42436,63578
42436,68636
42436,20406
42436,88815
42436,99729
42436,94678
42436,112037
42436,4449
42436,135321
42436,85478
42436,44110
42436,52212
42436,124299
42436,32378
42436,55781
42436,86870
42436,96750
42437,5090
42437,92698
42437,43966
42437,38846
42437,9522
42437,79534
42437,77109
42437,44476
42437,111356
42437,41585
42437,114777
42437,70352
42437,42875
42437,125447
42437,115763
42437,34348
42437,18859
42437,121287
42437,127831
42437,30417
42437,131345
42437,31945
42437,137592
42437,44879
42437,121665
42437,67688
42437,134786
42437,135195
42437,99894
42437,35043
42437,18569
42437,37788
42437,68783
42438,72058
42438,91747
42438,50762
42438,64505
42438,42902
42438,137629
42438,58356
42438,7184
42439,75805
42439,83624
42439,5703
42439,17501
42439,78901
42439,100666
42439,75736
42439,938
42439,118507
42439,9437
42439,134586
42439,41944
42439,20774
42439,99355
42439,14961
42439,129203
42439,116341
42439,8869
42439,31881
42439,87850
42439,20192
42439,133732
42439,84510
42439,55195
42439,83051
42439,59461
42439,37643
42439,99349
42439,20871
42439,101078
42439,138233
42439,116724
42439,80635
42442,99644
42442,65359
42442,95549
42442,58543
42442,30580
42442,15651
42442,71464
42442,124366
42442,24880
42442,22751
42442,58544
42442,138018
42442,130845
42442,49802
42442,5687
42442,17404
42442,124731
42442,19201
42442,88921
42442,127980
42442,117689
42442,121290
42442,65997
42442,63358
42442,101626
42442,48066
42442,14600
42442,20857
42442,71308
42442,111268
42443,15311
42443,130536
42443,116986
42443,90149
42443,101783
42443,29004
42443,58651
42443,107534
42443,120427
42443,77408
42443,107364
42443,137398
42443,10587
42443,130733
42443,115307
42444,115110
42444,52414
42444,50391
42444,129819
42444,140108
42444,72219
42444,16896
42444,26694
42444,84300
42444,36700
42445,6730
42445,51320
42445,57263
42445,51580
42445,6967
42445,23035
42445,130015
42445,61360
42445,56058
42445,17304
42445,88920
42445,115940
42446,136317
42446,135681
42446,61362
42446,90193
42446,94493
42446,133417
42446,36432
42446,104655
42446,60051
42446,5776
42446,25944
42446,50743
42446,54379
42446,4495
42446,5261
42446,124653
42446,592
42446,31003
42446,52419
42446,13718
42446,67718
42446,75267
42446,89465
42446,61385
42446,14104
42446,123523
42446,83568
42446,52450
42446,62975
42447,44507
42447,27600
42447,7377
42447,11462
42447,33509
42447,49928
42447,88616
42447,41400
42447,25534
42447,91607
42447,3500
42447,127125
42447,32431
42447,98462
42447,39127
42447,84061
42447,123201
42447,1211
42447,25979
42447,11631
42447,59042
42447,8364
42447,69171
42447,74085
42447,78150
42447,78926
42447,380
42447,67954
42447,43051
42447,45961
42447,47594
42447,35010
42447,106269
42447,121841
42448,93102
42448,59002
42448,118231
42448,89855
42448,58670
42448,78718
42448,130232
42448,105543
42448,75526
42448,51303
42448,114490
42448,110438
42448,105986
42448,49467
42448,136045
42448,117845
42448,122670
42448,134158
42448,49533
42448,85242
42448,62116
42448,88075
42448,106720
42448,109705
42448,133007
42448,99625
42448,115281
42448,67165
42448,79888
42448,45134
42450,78555
42450,69847
42450,45030
42450,130062
42450,114335
42450,20758
42450,38380
42450,84825
42450,23643
42450,49007
42450,60248
42452,101782
42452,66890
42452,58295
42452,82886
42452,89006
42452,114701
42452,10908
42452,56046
42452,65189
42452,136312
42452,23984
42452,83713
42452,28503
42452,59314
42455,96505
42455,109184
42455,60706
42455,64744
42455,74392
42455,111909
42455,89211
42455,79702
42455,28953
42455,56804
42455,102305
42455,129511
42455,85574
42455,79656
42455,37431
42455,86983
42455,136635
42455,33869
42455,7525
42455,28907
42455,85206
42455,50168
42455,80202
42455,66338
42455,76494
42455,130139
42455,134173
42455,5321
42455,7017
42455,101229
42455,16274
42455,78960
42455,91181
42456,129534
42456,12351
42456,108534
42456,134359
42456,13231
42456,43899
42456,111034
42456,106601
42456,19813
42456,138912
42456,53508
42456,72602
42456,55544
42456,100408
42456,109729
42456,79795
42456,22233
42456,69557
42456,59990
42456,76580
42456,126217
42456,12323
42456,17684
42456,16311
42456,57778
42456,89141
42456,131135
42456,3969
42456,126869
42457,124342
42457,137997
42457,116942
42457,104517
42457,21018
42457,59781
42457,40279
42457,35223
42457,14082
42457,94455
42457,46274
42457,60846
42457,26248
42457,77795
42457,59657
42457,60468
42457,122112
42457,117294
42458,31570
42458,12169
42458,129825
42458,74996
42458,27088
42458,1003
42458,124366
42458,67364
42458,129629
42458,30157
42458,97396
42458,99520
42458,132998
42458,83771
42458,97652
42458,30759
42458,126662
42458,3223
42458,39597
42458,113592
42458,126468
42458,34057
42458,38782
42458,118893
42458,98207
42458,68098
42458,28215
42458,42642
42458,26562
42458,72414
42460,43309
42460,48675
42460,617
42460,6357
42460,76257
42460,28158
42460,6395
42460,81785
42460,15588
42460,125848
42460,93502
42460,103475
42460,8794
42460,106680
42460,38705
42460,25013
42460,100104
42460,79316
42460,68709
42460,63012
42460,110495
42460,45204
42460,138604
42460,31313
42460,136777
42460,74890
42460,56565
42460,8627
42460,94649
42460,97746
42460,62963
42460,103230
42460,69869
42460,74083
42461,2434
42461,128909
42461,128308
42461,111072
42461,17040
42461,81396
42461,24421
42461,9768
42461,113197
42461,88136
42461,24510
42461,84957
42461,76171
42461,122963
42461,75251
42461,105017
42461,131645
42461,72817
42461,116755
42461,34519
42461,106918
42461,17478
42461,127400
42461,56825
42461,98092
42461,32015
42461,52394
42461,1119
42462,124696
42462,13292
42462,98466
42462,138398
42462,101881
42462,13926
42462,93484
42462,58235
42462,132891
42462,90178
42462,104379
42462,46335
42462,129971
42462,123217
42462,103363
42462,58378
42462,81062
42462,116485
42464,119344
42464,11480
42464,23764
42464,81481
42464,121985
42464,9559
42464,54373
42467,27788
42467,118188
42467,97937
42467,119653
42467,9696
42467,96426
42467,66648
42467,4106
42467,49601
42467,43407
42469,55011
42469,640
42469,9813
42469,75562
42469,138900
42469,112870
42469,136720
42469,57986
42469,104526
42469,67661
42469,58883
42469,132744
42469,70213
42469,9128
42469,26052
42469,100401
42469,15887
42469,111830
42469,10438
42469,40027
42469,65332
42469,40222
42469,127818
42469,96994
42469,63816
42469,27982
42469,54517
42469,102366
42469,78814
42469,134568
42469,149
42469,132669
42470,7040
42470,34027
42470,134436
42470,14160
42470,68429
42470,87882
42470,45408
42470,108545
42471,137997
42471,124342
42471,116942
42471,37818
42471,104517
42471,77089
42471,21018
42471,134323
42471,40279
42471,49656
42471,134154
42471,24545
42471,60846
42471,14082
42471,35223
42471,70177
42471,131892
42471,26248
42471,90845
42471,38419
42471,77914
42471,102130
42471,78500
42471,77795
42471,60468
42471,57952
42471,38904
42471,90809
42471,68420
42471,125083
42473,73705
42473,90963
42473,130338
42473,110744
42473,137937
42473,7183
42473,109332
42473,125216
42473,87274
42473,31833
42473,63469
42473,199
42473,26478
42473,9930
42473,82588
42473,127792
42473,20742
42473,118566
42473,93306
42473,123219
42473,53095
42473,27202
42473,135494
42473,107686
42473,125712
42473,104006
42473,40460
42473,96185
42473,87138
42473,85888
42473,77994
42473,51140
42473,3838
42473,107228
42475,79654
42475,2378
42475,866
42475,22915
42475,133616
42475,54925
42475,35924
42475,48027
42475,86043
42475,64976
42475,15626
42475,9912
42475,93815
42475,4577
42475,97891
42475,37301
42475,139494
42475,71635
42475,39324
42475,79377
42475,125508
42475,50233
42475,50644
42475,69562
42475,338
42475,78004
42475,67796
42475,107900
42475,24193
42475,53212
42475,50835
42475,133696
42475,112791
42475,47913
42475,30860
42477,7156
42477,100023
42477,122268
42477,3713
42477,99723
42477,94045
42477,65758
42477,106793
42477,97339
42477,115796
42477,93078
42477,107794
42477,83511
42477,35048
42477,110448
42477,78979
42477,11768
42477,110339
42477,114107
42477,18602
42477,22300
42477,43044
42477,47537
42477,29426
42477,25298
42477,34820
42477,90258
42477,65313
42477,131773
42477,98525
42477,131723
42477,75071
42479,103908
42479,24092
42479,20863
42479,34169
42479,67140
42479,3776
42479,14912
42479,22756
42479,131350
42479,92995
42479,61545
42479,106647
42479,99219
42479,46411
42479,139165
42479,99844
42479,109651
42479,36650
42479,34826
42479,65481
42479,119302
42479,79137
42479,96619
42479,44485
42479,44196
42479,106600
42479,27340
42479,83293
42479,63511
42479,32491
42479,131238
42479,128461
42480,9111
42480,109891
42480,104640
42480,31353
42480,134702
42480,114866
42480,27730
42480,9117
42480,14739
42480,4340
42480,80664
42480,99356
42480,1697
42480,72640
42480,29682
42480,110880
42480,48268
42480,4170
42480,13565
42480,66842
42480,58508
42480,84705
42480,106834
42480,8349
42480,117121
42480,65924
42480,82172
42480,89106
42480,67657
42480,109913
42480,74792
42480,130430
42481,118766
42481,45896
42481,76443
42481,13674
42481,61695
42481,42693
42481,42265
42481,23552
42481,86704
42481,11948
42481,68282
42481,86928
42481,94080
42481,107846
42481,23862
42481,132817
42481,85430
42481,57648
42481,4780
42481,134823
42481,105796
42481,34578
42481,4573
42481,70683
42481,100081
42481,69514
42481,70838
42481,82439
42481,68760
42481,136202
42481,115911
42481,81720
42481,68601
42484,38538
42484,16687
42484,131893
42484,86343
42484,87522
42484,44686
42484,19826
42484,19443
42484,60850
42484,9507
42484,135499
42484,92038
42484,90610
42484,91919
42485,71622
42485,48103
42485,25718
42485,21227
42485,121018
42485,79824
42485,55167
42485,34630
42485,130172
42485,50519
42485,121707
42485,28270
42485,48509
42488,63708
42488,72521
42488,47782
42488,6128
42488,48071
42488,59471
42488,15351
42489,91619
42489,45871
42489,47420
42489,19622
42489,89687
42489,99508
42489,69235
42489,54748
42489,106344
42489,88401
42489,104094
42489,19462
42489,105744
42489,106461
42489,89894
42489,116305
42489,127493
42489,36521
42489,16572
42489,101265
42489,113812
42489,84449
42492,125085
42492,78039
42492,110053
42492,63504
42492,13763
42493,7341
42493,125881
42493,46611
42493,49532
42493,84829
42493,121178
42493,33343
42493,32483
42493,12110
42493,58957
42493,83567
42493,119716
42493,24323
42493,44515
42493,133674
42493,11394
42493,3855
42493,68972
42493,109276
42493,139545
42493,12241
42493,125387
42493,76384
42493,28526
42493,80782
42495,132827
42495,6434
42495,42225
42495,76684
42495,134212
42495,86541
42495,80286
42495,61305
42495,59014
42495,116625
42495,68273
42495,61980
42495,105897
42495,88681
42495,88350
42495,2812
42495,33019
42495,1745
42495,33219
42495,21717
42495,37202
42495,123829
42495,81883
42495,57613
42495,88330
42495,132766
42495,60771
42496,101406
42496,125744
42496,134845
42496,81804
42496,100748
42496,139165
42496,8134
42496,67619
42496,103908
42496,99219
42496,100664
42496,114209
42496,80832
42496,13760
42496,15609
42496,24092
42496,30435
42496,82897
42496,54116
42496,39526
42496,14912
42496,62587
42496,99844
42496,97432
42496,90254
42496,129643
42496,7432
42496,128339
42497,19325
42497,12529
42497,59339
42497,140704
42497,93049
42497,45424
42497,16614
42497,73217
42497,27349
42497,37891
42497,4293
42497,120040
42497,16234
42497,17614
42497,83460
42497,96557
42497,140421
42497,121010
42499,28495
42499,81186
42499,121362
42499,22431
42499,54979
42499,51619
42499,100568
42499,77504
42499,116211
42499,75125
42499,124191
42499,126465
42499,79449
42499,104333
42499,123051
42499,86342
42499,52135
42499,106222
42499,122749
42499,129404
42499,35114
42499,87839
42499,110786
42499,22379
42499,131203
42499,62131
42499,105885
42499,11521
42499,81451
42499,21222
42499,52826
42500,106192
42500,130254
42500,64449
42500,93268
42500,56591
42500,8357
42500,52859
42502,2706
42502,94063
42502,120560
42502,42936
42502,50818
42502,101241
42502,118457
42502,76077
42502,81158
42502,35035
42502,117070
42502,129133
42502,49258
42502,24893
42502,75868
42502,107111
42502,43615
42502,109308
42502,56784
42502,65214
42502,130005
42502,73231
42502,53188
42502,93072
42502,121309
42502,52256
42502,61514
42502,8197
42502,115520
42502,111154
42502,95229
42503,120356
42503,82338
42503,12560
42503,35308
42503,114370
42503,5116
42503,64414
42503,91402
42503,70720
42503,7958
42503,50810
42503,91107
42503,119392
42503,3376
42503,137562
42503,28884
42503,113920
42503,79311
42503,85722
42503,23016
42503,45450
42503,39016
42503,70676
42503,38398
42503,54860
42503,40230
42503,51420
42503,133377
42503,49817
42503,22790
42503,2671
42506,118670
42506,23648
42506,83096
42506,52125
42506,92226
42506,3724
42506,96748
42506,138745
42506,11359
42506,109346
42506,94988
42506,46517
42506,129263
42506,39517
42506,96808
42506,42983
42506,231
42506,15107
42506,7620
42506,84296
42506,86717
42506,37616
42506,116747
42506,128943
42506,80396
42506,84447
42506,20144
42506,109983
42506,75907
42506,37420
42506,110836
42506,16337
42506,55134
42507,53963
42507,89234
42507,69543
42507,48186
42507,12146
42507,75626
42507,30542
42507,105524
42507,89913
42507,131474
42507,23453
42507,102274
42507,73651
42507,34396
42507,57446
42507,39431
42507,131223
42507,119426
42507,21922
42507,3547
42507,74064
42507,28771
42507,29139
42507,6267
42507,72589
42507,121889
42507,33370
42507,122528
42507,86354
42507,25025
42507,2690
42508,77146
42508,122157
42508,64750
42508,46957
42508,131389
42508,86183
42508,99090
42508,108814
42508,54480
42508,90404
42508,111839
42508,48272
42508,30579
42508,120313
42508,129224
42508,47109
42508,67285
42508,94182
42508,74507
42510,2730
42510,113047
42510,128400
42510,21171
42510,124156
42510,123562
42510,3345
42510,20257
42510,105855
42510,102243
42510,98876
42510,10769
42510,33957
42510,66801
42510,136947
42510,138729
42510,60437
42510,47541
42510,136395
42510,80238
42510,13145
42510,20123
42511,134331
42511,58916
42511,15033
42511,128219
42511,11164
42511,119735
42511,117955
42511,6900
42511,56949
42511,124171
42511,28753
42511,38878
42511,43607
42511,125488
42511,81528
42511,72004
42511,1746
42511,25486
42511,63854
42511,100939
42511,74767
42511,78244
42511,121281
42511,11177
42511,111449
42511,87451
42511,48309
42511,93477
42511,105804
42511,137156
42511,62906
42511,66658
42513,21592
42513,72858
42513,92516
42513,36865
42513,47313
42514,34229
42514,79959
42514,128224
42514,79008
42514,9733
42514,100626
42514,71951
42514,103469
42515,13232
42515,53213
42515,4964
42515,78973
42515,8603
42515,90247
42515,134721
42515,128643
42515,73553
42515,10336
42515,19688
42515,34339
42515,55330
42515,15633
42519,59175
42519,57325
42519,34222
42519,10044
42519,135774
42519,9665
42519,55718
42519,19826
42519,70960
42519,133797
42519,109846
42519,36822
42519,121991
42519,105688
42519,36651
42519,126301
42519,98336
42519,47846
42519,32787
42519,55949
42519,137721
42519,81549
42519,1267
42519,32240
42519,72672
42519,118348
42519,46734
42519,127403
42519,121096
42519,110815
42519,58865
42519,9507
42519,43881
42522,114152
42522,9067
42522,61581
42522,66118
42522,71698
42522,34340
42522,717
42522,28329
42522,102123
42522,115595
42522,135755
42522,98474
42522,123126
42522,58635
42522,107665
42522,123400
42522,6676
42522,15134
42522,1883
42522,24240
42522,7987
42522,112948
42522,119260
42522,59251
42522,137700
42522,6996
42522,133071
42522,20958
42522,94278
42522,46758
42522,117262
42525,92024
42525,23378
42525,109084
42525,124763
42525,46740
42525,8082
42525,52796
42525,86090
42525,129843
42525,92766
42525,17596
42525,101276
42525,78407
42525,91169
42525,133187
42525,9223
42525,108436
42525,98216
42525,134875
42525,107985
42525,136972
42525,28522
42525,20689
42525,81150
42525,100312
42525,130158
42525,131660
42525,13511
42525,117779
42525,17621
42525,7941
42525,7651
42525,100110
42526,64104
42526,69461
42526,98560
42526,137367
42526,41602
42526,85780
42526,64798
42526,83533
42526,72118
42526,90182
42526,88854
42526,109795
42526,92440
42526,110750
42526,60413
42526,48535
42526,26712
42526,29680
42526,5605
42526,106848
42526,2374
42526,69845
42526,62517
42526,49945
42526,50454
42526,4372
42526,38332
42526,83793
42526,26515
42526,62013
42526,72942
42526,29415
42526,69558
42528,68178
42528,17040
42528,97753
42528,81396
42528,111072
42528,62585
42528,127376
42528,53866
42528,105670
42528,25033
42528,123239
42528,131645
42528,106918
42528,24421
42528,75251
42528,56825
42528,43849
42528,83641
42528,76171
42528,115908
42528,5665
42528,34519
42528,88136
42528,127400
42528,98092
42528,56130
42528,24055
42528,22063
42528,1231
42528,2763
42529,90781
42529,112166
42529,112874
42529,77062
42529,50806
42529,24507
42529,80088
42529,28873
42529,27488
42529,38724
42529,14916
42529,73708
42529,120419
42529,130202
42529,110613
42529,120786
42529,54875
42529,20230
42529,67865
42529,51036
42529,7255
42529,114421
42529,25477
42530,30288
42530,137522
42530,92123
42530,31740
42530,6843
42530,28823
42530,10075
42530,72141
42530,122699
42530,30707
42530,118836
42530,67451
42530,45270
42530,77475
42530,124267
42530,112415
42530,116919
42530,47625
42530,89389
42530,39089
42530,64883
42530,103462
42530,117827
42530,107887
42530,97087
42530,21122
42530,23076
42530,10611
42530,66278
42530,59033
42531,131620
42531,140555
42531,111140
42531,105531
42531,58880
42531,51001
42531,67382
42537,2622
42537,117389
42537,101924
42537,131647
42537,125673
42537,28372
42537,104221
42537,57205
42537,116189
42537,9663
42539,49443
42539,51813
42539,87068
42539,100157
42539,47127
42539,57911
42539,65413
42539,66131
42539,67030
42539,135172
42539,34424
42539,136157
42539,95668
42539,119193
42539,100760
42539,41161
42539,137723
42539,45020
42539,10509
42539,81259
42539,64422
42539,117516
42539,6927
42539,79153
42539,80478
42539,382
42539,90176
42539,118119
42539,4936
42539,68539
42539,59875
42540,111322
42540,1704
42540,13659
42540,81854
42540,124032
42540,107857
42540,95962
42540,65758
42540,69031
42540,15490
42540,129658
42540,122720
42540,99723
42540,122268
42540,100023
42540,106793
42540,3197
42540,23324
42540,42414
42540,31233
42540,122201
42540,60833
42540,85987
42540,18602
42540,91489
42540,43044
42540,9122
42540,83625
42540,56739
42540,47974
42540,34820
42540,11768
42540,31778
42541,96273
42541,74708
42541,95541
42541,83776
42541,96289
42541,47295
42541,54094
42541,76623
42541,91755
42541,78662
42541,10502
42541,125768
42541,139204
42541,95261
42541,76839
42541,11117
42541,127151
42541,125793
42541,13420
42541,73303
42541,115594
42541,74485
42541,23427
42541,20788
42541,134759
42541,21703
42541,100788
42541,72289
42541,53705
42541,39455
42541,104131
42543,137630
42543,84947
42543,98138
42543,70283
42543,93626
42543,89857
42543,35853
42543,43631
42543,62412
42543,118378
42545,41014
42545,30016
42545,36022
42545,53575
42545,139292
42545,117125
42545,119888
42545,34254
42545,108924
42545,38086
42545,98124
42545,116296
42545,11393
42545,69988
42545,79192
42545,89858
42545,91647
42545,136858
42545,58358
42545,25670
42545,126804
42545,12058
42545,103996
42546,6434
42546,113064
42546,112675
42546,80510
42546,126280
42546,3835
42546,95558
42546,61305
42546,98970
42546,133666
42546,42225
42546,87321
42546,61980
42546,119879
42546,131491
42546,37558
42546,132827
42546,97889
42546,139016
42546,86541
42546,68273
42546,24205
42546,116156
42546,75248
42546,91276
42546,81883
42546,132766
42546,60771
42546,123829
42546,129416
42546,88330
42546,21717
42547,134421
42547,49717
42547,35350
42547,120855
42547,85725
42547,33831
42547,75433
42547,89721
42547,39703
42547,3712
42547,105617
42547,62382
42548,130089
42548,90402
42548,132076
42548,123563
42548,41598
42548,53419
42548,97256
42549,126749
42549,60139
42549,108095
42549,127171
42549,56311
42549,118903
42549,97269
42549,135604
42549,117598
42549,108602
42549,52458
42549,15875
42549,31107
42549,21774
42549,51772
42549,15328
42549,102659
42549,108359
42550,99563
42550,68964
42550,135808
42550,87519
42550,120479
42550,46165
42550,52854
42550,63437
42550,14231
42550,57307
42550,86614
42550,131243
42550,87572
42550,32344
42550,72100
42550,33979
42550,124749
42550,2750
42550,127936
42550,9367
42550,68283
42551,17078
42551,114648
42551,78448
42551,108752
42551,83328
42551,131598
42551,39109
42551,23327
42551,46223
42551,67428
42551,133719
42551,105334
42551,39474
42551,57847
42551,58835
42551,21533
42551,70274
42551,85998
42551,77897
42551,5016
42551,88821
42551,121333
42551,8480
42551,69144
42551,109065
42551,83630
42551,25020
42551,129063
42551,72561
42551,71391
42551,49547
42551,121962
42552,20592
42552,69154
42552,126264
42552,102054
42552,25476
42552,126382
42552,126657
42552,52459
42552,29643
42552,138746
42552,43010
42552,58833
42552,59989
42552,99251
42552,36822
42552,743
42552,123558
42552,23268
42552,57600
42552,46506
42552,63916
42552,124242
42552,18053
42552,111368
42552,53204
42552,1267
42552,140734
42552,63999
42552,5607
42552,128615
42552,38725
42555,106296
42555,36186
42555,3723
42555,87352
42555,95311
42555,50433
42555,73884
42555,131418
42555,53037
42555,46248
42555,52796
42555,25660
42555,104922
42555,15159
42555,39984
42555,39885
42555,44925
42555,44773
42555,54601
42555,95779
42555,98691
42555,64446
42555,127058
42555,15882
42555,101744
42555,31175
42555,42968
42555,80076
42555,27436
42555,56475
42555,16894
42555,42176
42555,112721
42556,85879
42556,98345
42556,79785
42556,95701
42556,36095
42556,96460
42557,123573
42557,59720
42557,57599
42557,25152
42557,60258
42557,128007
42557,55632
42558,60931
42558,79350
42558,101849
42558,60844
42558,27529
42558,29055
42558,1732
42558,99732
42558,48797
42558,21728
42558,64646
42558,4132
42558,29465
42558,101508
42558,65335
42558,12355
42558,51485
42558,65137
42558,113745
42558,750
42558,59916
42558,109964
42558,109339
42558,61372
42558,126848
42558,26161
42558,64757
42558,119988
42558,74752
42558,76990
42558,29202
42558,93308
42559,81037
42559,94676
42559,49783
42559,15518
42559,115368
42559,964
42559,6969
42559,4168
42559,10844
42559,87611
42559,68960
42559,135442
42559,108020
42559,32501
42559,10577
42559,16764
42559,58887
42559,99903
42559,71280
42559,129255
42559,126675
42559,93750
42559,135332
42559,122510
42559,40479
42559,138441
42559,38193
42559,123796
42559,73278
42559,137231
42559,61102
42561,85051
42561,81594
42561,3653
42561,13113
42561,107850
42561,80271
42561,123016
42561,120525
42561,4229
42561,22927
42562,120971
42562,106836
42562,41183
42562,98331
42562,40258
42562,35509
42562,101939
42562,35871
42562,92238
42562,137351
42562,20744
42562,44290
42562,72317
42562,53541
42562,88884
42562,25726
42562,80213
42562,140289
42562,114988
42562,115700
42562,46955
42562,88708
42562,105848
42562,95871
42562,27941
42562,82515
42562,14000
42562,117089
42562,107295
42562,109726
42563,134421
42563,86090
42563,111714
42563,132466
42563,90649
42563,89721
42563,11050
42563,49717
42563,85725
42563,86919
42563,118726
42563,17138
42563,33831
42563,129605
42563,90086
42563,105753
42563,106894
42563,117515
42563,120855
42563,13777
42563,75433
42563,62382
42563,16075
42563,90261
42563,105251
42563,132285
42563,130158
42563,138210
42563,105617
42563,103758
42563,39906
42563,39703
42563,34217
42563,486
42566,106561
42566,60898
42566,58838
42566,140087
42566,92202
42566,104528
42566,127988
42566,79596
42566,105704
42566,37749
42566,130175
42566,40040
42566,112799
42566,67281
42566,36784
42566,64620
42566,134981
42566,138629
42566,3474
42566,11631
42566,55148
42566,31272
42566,15001
42566,78725
42566,101598
42566,117884
42566,80769
42566,42171
42566,31962
42570,107732
42570,32752
42570,52199
42570,31573
42570,18873
42570,51287
42570,30851
42570,48665
42570,81884
42570,47961
42570,109781
42570,78276
42570,135423
42570,104871
42570,125454
42570,72177
42570,83473
42570,66102
42570,57592
42570,100924
42570,64603
42570,127310
42570,79550
42570,127866
42570,21708
42570,14669
42570,13226
42570,87006
42570,101402
42570,30992
42570,114733
42570,49959
42571,105408
42571,1230
42571,126657
42571,3213
42571,23268
42571,126264
42571,40517
42571,7919
42571,20592
42571,41278
42571,15994
42571,125311
42571,70078
42571,70606
42571,68923
42571,60084
42571,61529
42571,10996
42571,7880
42571,35264
42571,74754
42571,86639
42571,135499
42571,53494
42571,38725
42571,70839
42571,138600
42571,80475
42571,78838
42571,23212
42571,6439
42571,106262
42572,3599
42572,64336
42572,37823
42572,119042
42572,81598
42572,135420
42572,16477
42572,140601
42572,22859
42572,38759
42572,66541
42572,103417
42572,58783
42572,49822
42572,57363
42572,68805
42572,63132
42572,130558
42572,93276
42572,33233
42572,112060
42572,122129
42572,19785
42572,112876
42572,116304
42572,86930
42573,50240
42573,119307
42573,121565
42573,17404
42573,137863
42573,125583
42573,97671
42573,78303
42573,97757
42573,103004
42574,116471
42574,119636
42574,99237
42574,115870
42574,139364
42574,28061
42574,62281
42574,112233
42574,115222
42574,59864
42574,88466
42574,33997
42574,57353
42574,80897
42574,116210
42574,7948
42575,67964
42575,25159
42575,57054
42575,131352
42575,72424
42575,113983
42575,48233
42575,85555
42575,8917
42575,37790
42575,57170
42575,67927
42575,33130
42575,139978
42575,24513
42575,139000
42575,49338
42575,65593
42575,67274
42575,48898
42575,9029
42575,138575
42575,105779
42575,8508
42575,84285
42575,41392
42575,121965
42575,88908
42575,58240
42575,74110
42575,14411
42575,130725
42575,15608
42576,1736
42576,125066
42576,36412
42576,23661
42576,47392
42576,126818
42576,71039
42576,125079
42576,52812
42576,51616
42576,5505
42576,82865
42576,59024
42576,123391
42576,19413
42576,48645
42576,139193
42576,122002
42576,90083
42576,85147
42576,78330
42576,67110
42576,68364
42576,54703
42576,51883
42578,94330
42578,38828
42578,50608
42578,30890
42578,112510
42578,117915
42578,36675
42578,48167
42578,14496
42578,135146
42578,128521
42578,99788
42578,58232
42578,12125
42578,69649
42578,133013
42578,40709
42578,101170
42578,66204
42578,70833
42578,24941
42578,14318
42578,87756
42578,102276
42578,2136
42578,66289
42578,74640
42579,82349
42579,139002
42579,103998
42579,106441
42579,7694
42579,46449
42579,43444
42579,126426
42579,84647
42579,38302
42579,113073
42579,105477
42579,80582
42579,107949
42579,94429
42579,124002
42579,1153
42579,86626
42579,118888
42579,7442
42579,92133
42579,73444
42579,21352
42579,79252
42579,57715
42579,97013
42579,46022
42579,130267
42579,4228
42579,7816
42579,100520
42582,126657
42582,4875
42582,15994
42582,139197
42582,70078
42582,37346
42582,3213
42582,126719
42582,71376
42582,1230
42582,60084
42582,61529
42582,70606
42582,76034
42582,10746
42582,77935
42582,45080
42582,86639
42582,25416
42582,6439
42582,131295
42582,23212
42582,41712
42582,70839
42582,7880
42582,80475
42582,114304
42582,138600
42582,106262
42582,139366
42582,69261
42582,78838
42583,111719
42583,38658
42583,65782
42583,133679
42583,11196
42583,95078
42583,126046
42583,13139
42583,72819
42583,7276
42583,83279
42583,111768
42583,42755
42583,93872
42583,86004
42583,40412
42583,116889
42583,38058
42583,15483
42583,90060
42583,110668
42583,42426
42583,34011
42583,73337
42583,118775
42583,45026
42583,92455
42583,98131
42583,42430
42583,131151
42583,88953
42583,31768
42583,132629
42584,13449
42584,44957
42584,125035
42584,122772
42584,138162
42584,23072
42584,92824
42584,133977
42584,31165
42584,100842
42584,132417
42584,65422
42584,25761
42584,124219
42584,31026
42584,7632
42584,23304
42584,91242
42585,32175
42585,66655
42585,100295
42585,27224
42585,20779
42585,70813
42585,109385
42585,114436
42585,56854
42585,85465
42585,1471
42585,43601
42588,66560
42588,71183
42588,32752
42588,60785
42588,27192
42588,46846
42588,12283
42588,42292
42588,39851
42588,45402
42588,57852
42588,58039
42588,41081
42588,24650
42588,39160
42588,75371
42588,126418
42588,67319
42588,71087
42588,88329
42588,128044
42588,39141
42588,84012
42588,51563
42588,89613
42588,82487
42588,5600
42588,118856
42588,50724
42588,24546
42588,55092
42588,100631
42590,56352
42590,133196
42590,92399
42590,29786
42590,107914
42590,108889
42590,134234
42590,29124
42590,47634
42590,93015
42590,130959
42590,16358
42590,86987
42590,77943
42590,4313
42591,57997
42591,43241
42591,40974
42591,32625
42591,21731
42591,127482
42591,119952
42591,79775
42591,19731
42591,59779
42591,29286
42591,103937
42591,117976
42591,37429
42591,8212
42591,3566
42591,70568
42591,117667
42591,32565
42591,32243
42591,23697
42591,111860
42591,16020
42591,12875
42591,126571
42591,44693
42591,109431
42591,72684
42591,115029
42591,71277
42591,12248
42591,9253
42592,104313
42592,132547
42592,70822
42592,89825
42592,14155
42592,129871
42592,29699
42592,118250
42592,25729
42592,4587
42592,49150
42592,140207
42594,40998
42594,89577
42594,124535
42594,12994
42594,105498
42594,140795
42594,99259
42594,4386
42594,20995
42595,24519
42595,23552
42595,42693
42595,85430
42595,134686
42595,22471
42595,107846
42595,67161
42595,118766
42595,13674
42595,126465
42595,74882
42595,100081
42595,88219
42595,70683
42595,132817
42595,21443
42595,39355
42595,81720
42595,32114
42595,69514
42595,88778
42595,122582
42595,5961
42595,118919
42595,127861
42595,108213
42595,560
42595,47556
42595,10418
42595,68601
42595,68206
42596,84109
42596,46947
42596,138642
42596,20375
42596,66741
42596,96988
42596,66786
42596,110876
42596,123986
42596,29859
42596,27208
42596,31482
42596,132467
42596,88251
42596,122553
42596,130066
42596,112244
42596,95952
42596,11006
42596,11571
42596,83169
42596,63745
42596,55359
42596,17166
42596,86970
42596,68976
42596,131315
42596,112263
42596,128077
42596,133298
42596,68489
42596,65314
42596,93921
42596,116015
42599,116661
42599,109533
42599,28868
42599,135415
42599,107282
42599,80493
42599,135868
42599,18377
42599,15363
42599,136739
42599,55551
42599,10454
42599,12189
42599,100226
42599,27028
42599,119030
42599,31698
42599,68622
42599,132250
42599,97361
42599,120827
42599,43696
42599,38118
42599,93297
42599,123180
42599,109198
42599,121993
42599,46192
42599,54628
42599,29700
42599,11591
42599,67638
42599,21572
42600,48512
42600,2899
42600,51555
42600,114177
42600,121275
42600,90665
42600,100473
42600,58015
42600,55158
42600,90509
42600,45412
42602,139298
42602,21226
42602,90861
42602,11762
42602,17447
42602,65699
42602,2088
42602,101671
42602,112752
42602,52980
42602,87300
42602,96728
42602,75177
42602,12516
42602,31265
42602,82564
42602,95589
42602,106029
42602,23120
42602,85431
42602,78151
42602,37759
42602,19790
42602,120872
42602,124650
42602,63332
42602,20024
42602,105677
42602,107691
42602,26159
42607,88854
42607,105253
42607,64104
42607,92440
42607,137367
42607,35469
42607,85808
42607,82858
42607,125425
42607,110750
42607,106715
42607,80400
42607,83533
42607,60413
42607,26712
42607,62013
42607,106848
42607,24157
42607,2374
42607,29680
42607,48535
42607,54283
42607,72118
42607,85780
42607,50454
42607,62517
42607,69845
42607,5605
42607,135974
42607,49945
42607,69558
42607,125055
42608,42869
42608,40283
42608,32230
42608,38051
42608,108273
42608,43047
42608,28436
42608,50392
42608,120378
42608,132480
42608,73237
42608,78246
42608,99645
42608,107502
42608,125686
42608,19742
42608,40550
42608,39146
42608,44164
42608,92392
42608,51584
42609,42043
42609,93467
42609,47512
42609,131074
42609,63313
42609,58993
42609,7635
42609,93934
42609,26986
42609,62416
42609,83941
42609,137586
42609,107483
42609,92826
42609,98767
42609,12648
42609,26414
42609,2045
42609,28911
42613,38837
42613,83364
42613,12357
42613,85575
42613,10177
42613,1495
42613,107909
42613,9894
42613,39957
42613,48522
42613,23721
42613,139360
42613,103807
42613,47769
42613,137685
42613,43611
42613,113761
42613,118976
42613,15230
42613,12177
42613,97386
42613,128010
42613,32262
42613,82401
42613,64044
42613,47270
42613,25985
42613,125957
42613,37726
42613,78694
42613,64602
42613,16765
42613,115848
42614,121314
42614,53584
42614,44168
42614,15900
42614,88467
42614,96018
42614,49972
42614,110838
42614,133701
42614,67912
42614,16222
42614,3326
42614,109870
42614,35489
42614,43555
42614,35901
42614,53104
42614,39190
42614,89169
42614,22943
42614,609
42614,75523
42614,133952
42614,122016
42614,17057
42614,28353
42614,62765
42614,19217
42614,139248
42614,114058
42614,137083
42614,81398
42616,94330
42616,102276
42616,128521
42616,68049
42616,66204
42616,35821
42616,2136
42616,104224
42616,70833
42616,52194
42616,57098
42616,108435
42616,79900
42616,135146
42616,120316
42616,36142
42616,94180
42616,24200
42616,26755
42616,117174
42616,128326
42616,24097
42616,12024
42616,112347
42616,133413
42616,111594
42616,132203
42618,132210
42618,116505
42618,73077
42618,118670
42618,135028
42618,96748
42618,51178
42618,53883
42618,3724
42618,57169
42618,106307
42618,52703
42618,124043
42618,19157
42618,34221
42618,137976
42618,73145
42618,37540
42618,131917
42618,101520
42618,63417
42618,75972
42618,28132
42618,20022
42618,123898
42618,56573
42618,61011
42618,53916
42618,128272
42618,137646
42618,118206
42618,103583
42620,22962
42620,87639
42620,124536
42620,15708
42620,16200
42620,91323
42620,11505
42620,37106
42620,138662
42620,50739
42620,45192
42620,59220
42620,12451
42620,36245
42620,54825
42620,53248
42620,64899
42620,15583
42620,93257
42620,85640
42620,93369
42620,120116
42620,105509
42620,116395
42620,36919
42621,73715
42621,53122
42621,60264
42621,44456
42621,108871
42621,120927
42621,134274
42621,77031
42621,60431
42621,140007
42621,96609
42621,53477
42621,85432
42621,9805
42622,79318
42622,9959
42622,105534
42622,42906
42622,140696
42622,15491
42622,116927
42622,97038
42622,90386
42622,137301
42622,924
42622,36289
42622,1696
42622,45211
42622,29677
42622,66327
42622,139847
42622,96270
42622,116778
42622,29446
42622,38164
42622,122895
42622,131958
42622,93485
42622,14515
42622,58817
42622,109598
42622,132972
42622,45875
42622,75781
42622,50432
42623,34289
42623,83794
42623,90049
42623,11872
42623,75905
42623,49369
42623,39681
42623,53504
42623,56264
42623,109883
42623,88156
42623,20398
42623,128802
42623,129551
42623,127466
42623,103977
42623,43518
42623,131484
42623,74872
42623,71491
42623,138438
42623,86607
42623,37689
42623,128715
42623,48269
42623,1184
42623,52651
42624,109533
42624,64170
42624,107282
42624,114103
42624,18377
42624,123180
42624,54628
42624,27028
42624,132250
42624,55551
42624,126308
42624,135415
42624,93297
42624,29700
42624,114822
42624,6774
42624,120875
42624,10454
42624,85927
42624,116661
42624,120143
42624,30921
42624,130770
42624,74071
42624,11591
42624,85130
42624,101890
42624,71644
42624,17809
42624,82619
42624,55020
42625,72170
42625,113966
42625,130165
42625,51531
42625,79306
42625,27959
42625,43713
42625,79
42625,59701
42627,126818
42627,93741
42627,117772
42627,47392
42627,118916
42627,80422
42627,110663
42627,119316
42627,137498
42627,115166
42627,43028
42627,121008
42627,78649
42627,1736
42627,72731
42627,36045
42627,92868
42627,125656
42627,77959
42627,115106
42627,25564
42627,15945
42627,15802
42627,361
42627,64949
42627,62417
42627,103935
42627,21198
42627,66917
42627,130594
42627,90380
42627,113169
42628,65243
42628,44542
42628,50481
42628,61034
42628,130700
42628,73682
42628,94426
42628,116591
42628,38216
42628,124868
42628,120375
42628,28658
42628,65157
42628,65590
42628,33933
42628,33412
42628,85595
42628,23087
42628,31112
42628,103259
42628,75151
42628,113816
42628,24891
42628,22678
42628,87691
42628,95025
42628,28402
42628,21313
42628,83868
42628,139182
42628,114362
42628,121053
42628,102280
42628,23693
42633,22180
42633,18611
42633,79303
42633,5116
42633,64414
42633,83340
42633,137562
42633,120968
42633,78377
42633,106075
42633,2103
42633,23776
42633,44385
42633,72344
42633,119392
42633,45021
42633,70676
42633,98175
42633,52678
42633,16455
42633,91107
42633,27885
42633,130208
42633,44713
42633,113633
42633,133377
42636,81767
42636,69107
42636,131608
42636,139764
42636,32788
42636,62030
42636,100892
42636,123948
42636,26357
42637,1538
42637,98815
42637,138877
42637,9442
42637,31611
42637,27631
42637,40416
42637,46051
42637,40837
42637,128571
42637,3744
42637,86257
42637,132406
42637,112336
42637,14055
42637,86736
42637,58824
42637,46404
42637,115795
42637,78296
42637,6818
42637,34239
42637,59771
42637,113194
42637,53038
42637,123108
42637,46222
42637,87785
42639,28083
42639,27048
42639,49590
42639,1509
42639,29369
42639,78293
42639,8897
42639,85665
42639,131375
42639,468
42639,44299
42639,52665
42639,97648
42639,55033
42639,47156
42639,5950
42639,2014
42639,103849
42639,106668
42639,35045
42639,127535
42639,53350
42639,35536
42639,115153
42639,14302
42639,83483
42639,7312
42639,56213
42642,77192
42642,131410
42642,136917
42642,119306
42642,21062
42642,108658
42642,95519
42642,94837
42642,92749
42642,82151
42642,117232
42642,63848
42642,63454
42642,78541
42642,29006
42642,136287
42642,12573
42642,56111
42642,43987
42642,105570
42642,3674
42642,126157
42642,133790
42643,106230
42643,48004
42643,79106
42643,90920
42643,63604
42643,70887
42643,7377
42643,106421
42643,77574
42643,38913
42643,87490
42643,124778
42643,41400
42643,120248
42643,38758
42643,57125
42643,34852
42643,21638
42643,2906
42643,56917
42643,72631
42643,134288
42643,40048
42643,75795
42643,14024
42643,25979
42643,35010
42643,7895
42643,78642
42643,123584
42643,101982
42643,4634
42643,23358
42643,19150
42645,7812
42645,112098
42645,9414
42645,108705
42645,40718
42645,55929
42645,5147
42645,30250
42645,9707
42645,80526
42645,83073
42645,65656
42645,89762
42645,53361
42645,20272
42645,8369
42645,71830
42645,72504
42645,4244
42645,83095
42645,106463
42645,119835
42645,118652
42645,103569
42645,117272
42645,64299
42645,106228
42645,26721
42645,11423
42645,97459
42645,28167
42645,68354
42645,126307
42646,98106
42646,99430
42646,95369
42646,53547
42646,19743
42646,21688
42646,69489
42646,6427
42646,98938
42646,81465
42646,37093
42646,18635
42646,74298
42646,103353
42646,59081
42646,13668
42646,28818
42646,128836
42646,17105
42646,111831
42646,137042
42646,115213
42646,4256
42646,2990
42646,105701
42646,138603
42646,54818
42646,109650
42646,108433
42646,8289
42646,14041
42647,27993
42647,103719
42647,105352
42647,14620
42647,59980
42647,53453
42647,95847
42647,106391
42647,131020
42647,70313
42647,93048
42647,75333
42647,97160
42647,14227
42647,72756
42647,120412
42647,68175
42650,40271
42650,10597
42650,1055
42650,111382
42650,101641
42650,36599
42650,17891
42650,105245
42650,123989
42650,127691
42650,57269
42650,119034
42650,327
42650,111816
42650,138259
42650,52429
42650,98320
42650,77018
42650,47810
42650,26405
42650,73639
42650,74337
42650,50939
42650,115242
42650,67832
42650,40022
42650,135066
42650,87142
42650,20981
42650,119705
42652,55016
42652,110664
42652,65634
42652,102893
42652,104401
42652,120738
42652,31673
42653,44540
42653,22894
42653,2502
42653,51436
42653,78952
42653,30921
42653,125157
42653,137657
42653,81496
42653,58839
42653,42250
42653,58359
42653,97771
42653,44678
42653,137359
42653,111803
42653,109765
42653,115999
42653,74622
42653,91760
42653,49264
42653,34405
42653,1742
42653,118696
42654,130740
42654,81304
42654,70309
42654,75206
42654,38657
42654,106589
42654,42387
42654,89672
42654,135461
42654,101562
42654,116963
42654,106929
42654,8376
42654,76155
42654,19294
42654,10930
42654,9041
42654,90416
42654,27520
42654,58931
42654,93930
42654,121305
42654,58407
42654,68166
42654,58846
42654,120326
42654,30808
42654,130367
42654,138616
42654,69483
42654,133338
42654,86365
42655,43402
42655,11407
42655,127381
42655,134083
42655,14797
42655,93506
42655,109599
42655,128652
42655,79755
42655,17192
42655,1082
42655,126181
42655,25365
42655,85551
42655,48028
42655,23606
42655,123917
42655,116352
42655,72740
42655,37884
42655,89379
42655,23731
42655,99837
42655,11312
42655,126606
42655,82118
42655,104732
42656,76754
42656,136069
42656,49340
42656,79246
42656,79712
42656,137440
42659,140079
42659,123421
42659,83910
42659,14206
42659,55066
42659,105563
42659,1399
42659,137834
42659,46965
42659,8210
42659,51520
42659,89653
42659,138145
42659,36210
42659,4988
42659,71866
42659,78258
42659,132601
42659,53199
42659,15789
42659,44944
42659,62121
42659,36135
42659,100483
42659,120754
42659,127296
42659,47914
42659,96712
42659,45745
42659,55142
42659,76625
42659,58376
42660,106421
42660,64872
42660,7377
42660,106230
42660,121041
42660,96112
42660,3775
42660,70887
42660,124778
42660,41400
42660,90920
42660,57934
42660,87154
42660,135238
42660,120248
42660,56917
42660,45961
42660,98719
42660,5132
42660,40048
42660,123709
42660,78642
42660,107087
42660,25979
42660,57125
42660,2906
42660,38262
42660,38913
42660,77574
42660,7895
42660,35010
42660,80579
42660,8374
42660,52263
42661,52283
42661,30880
42661,111905
42661,52204
42661,94446
42661,80863
42661,107698
42661,13398
42661,21231
42661,113504
42661,27221
42661,2312
42661,65535
42661,42127
42661,125641
42661,138555
42661,36329
42661,15439
42661,134459
42661,2369
42661,140396
42661,74272
42661,27952
42661,124538
42661,74022
42661,10681
42661,101135
42661,127979
42661,119669
42663,42172
42663,58915
42663,68911
42663,84510
42663,84438
42663,116724
42663,37643
42663,108801
42663,100395
42663,116341
42663,8869
42663,31881
42663,99349
42663,99355
42663,111178
42663,62969
42663,55733
42663,26606
42663,14961
42663,95203
42663,53669
42663,13567
42663,122799
42663,134280
42663,138233
42663,101078
42663,20871
42663,41944
42663,80635
42663,25757
42663,55310
42664,92698
42664,9522
42664,41585
42664,138971
42664,115763
42664,37788
42664,40463
42664,121586
42664,30417
42664,77109
42664,68689
42664,121287
42664,18859
42664,35043
42664,67688
42664,130968
42664,79534
42664,125447
42664,18569
42664,65496
42664,63682
42664,43966
42664,38846
42664,34348
42664,104149
42664,117347
42664,134743
42664,31442
42664,68783
42664,135195
42664,99894
42664,41368
42664,31945
42665,135551
42665,107846
42665,134686
42665,45896
42665,95292
42665,22471
42665,61695
42665,42693
42665,88226
42665,92927
42665,13674
42665,20136
42665,88219
42665,81451
42665,135487
42665,42265
42665,21443
42665,74882
42665,122582
42665,112685
42665,39355
42665,35158
42665,88778
42665,47556
42665,127861
42665,13019
42665,108213
42665,68921
42665,34578
42665,81720
42665,68601
42665,560
42666,67102
42666,15220
42666,65460
42666,109373
42666,84905
42666,43092
42666,129951
42666,121790
42666,103886
42666,37239
42666,112168
42666,106496
42666,53390
42666,48557
42666,692
42666,63805
42666,35870
42666,10173
42666,124907
42666,68084
42666,94627
42666,58324
42666,81300
42666,118609
42666,129273
42666,9943
42666,28586
42666,43503
42666,107198
42666,6254
42666,107672
42666,73707
42667,24778
42667,15464
42667,81102
42667,52755
42667,48884
42667,22039
42667,14778
42667,119978
42667,117832
42667,45372
42667,96533
42667,113173
42667,66914
42667,654
42667,68822
42667,128324
42667,86263
42667,99436
42667,119309
42667,48971
42667,34547
42667,78609
42667,28624
42667,125482
42667,38836
42667,126302
42667,55095
42667,42515
42667,77041
42667,36418
42667,46204
42667,38831
42667,77868
42669,62747
42669,50504
42669,78418
42669,19457
42669,114695
42669,61063
42669,91531
42670,27136
42670,85307
42670,95620
42670,78535
42670,47279
42672,117927
42672,47060
42672,88475
42672,82752
42672,75592
42672,61495
42672,52400
42672,58436
42672,138789
42672,22127
42672,118563
42672,79325
42672,70460
42672,72398
42672,132067
42672,125864
42672,74091
42672,25495
42672,82455
42672,101325
42672,12986
42672,92583
42672,13620
42672,35418
42672,99092
42672,98958
42672,98581
42672,129851
42673,289
42673,46478
42673,121496
42673,24125
42673,120126
42673,75374
42673,34018
42673,50879
42673,6131
42673,112033
42673,69673
42673,23856
42676,10944
42676,17412
42676,96490
42676,137863
42676,52276
42676,27951
42676,6477
42676,132115
42676,94082
42676,118393
42676,139716
42676,33322
42676,38107
42676,88921
42676,14126
42676,74309
42676,81641
42676,39717
42676,64022
42676,86846
42676,91981
42676,78484
42676,137989
42676,98840
42676,68896
42676,5896
42676,99242
42676,51322
42676,117770
42676,63537
42676,129338
42677,57581
42677,17078
42677,131598
42677,53907
42677,36106
42677,58835
42677,5999
42677,81135
42677,16501
42677,121333
42677,131376
42677,107281
42677,129063
42677,8480
42677,59753
42677,77897
42677,79092
42677,13901
42677,83630
42677,39112
42677,45373
42677,94586
42677,121962
42678,17795
42678,17950
42678,133520
42678,17102
42678,61636
42678,138184
42678,68407
42678,63793
42678,123305
42678,120620
42678,52772
42678,46642
42678,105835
42678,86860
42678,90365
42678,135876
42678,123662
42678,117413
42678,27347
42678,117905
42678,2951
42678,38953
42678,4098
42678,72338
42678,88680
42678,27769
42678,47378
42678,12862
42678,115415
42678,99902
42678,78198
42679,31617
42679,110950
42679,87638
42679,123487
42679,123376
42679,120963
42679,32209
42679,45188
42679,93058
42679,79627
42679,125278
42679,35358
42680,138290
42680,64017
42680,54739
42680,7127
42680,97517
42680,59204
42680,68372
42680,6400
42680,94850
42680,114201
42680,80067
42680,72234
42680,135946
42680,42207
42680,15064
42680,110915
42680,44213
42680,95394
42680,85930
42680,68038
42680,4581
42680,45989
42680,30623
42680,30313
42680,112270
42680,94976
42680,7149
42680,54795
42680,28246
42680,24612
42680,65597
42681,121275
42681,140304
42681,48512
42681,21805
42681,82051
42681,129861
42681,5988
42681,60020
42681,47543
42681,25223
42681,18566
42681,88988
42681,128677
42681,51653
42681,84333
42681,90665
42681,82830
42681,114177
42681,45412
42681,31381
42681,131402
42681,88307
42681,90509
42681,112519
42681,35504
42681,73951
42681,25746
42681,100473
42681,2899
42681,34966
42681,55158
42681,109535
42682,9131
42682,20557
42682,120193
42682,82943
42682,112253
42682,134700
42682,58718
42682,68920
42682,38649
42682,129245
42682,11828
42682,85914
42682,92935
42682,114891
42682,48483
42682,92996
42682,104875
42682,138692
42682,36134
42682,136065
42682,96774
42682,51036
42682,90804
42682,84104
42682,64302
42682,71467
42682,15564
42683,65129
42683,33908
42683,79784
42683,45884
42683,135731
42683,11511
42683,18716
42683,93439
42683,19434
42683,63440
42683,111660
42683,99570
42683,82533
42683,10737
42683,134181
42683,49625
42683,88349
42683,67811
42683,49846
42683,35876
42683,20069
42683,130002
42683,116776
42683,120256
42683,134876
42683,63192
42683,75297
42684,92137
42684,77360
42684,4875
42684,32887
42684,82927
42684,122621
42684,71220
42684,8161
42684,71376
42684,3858
42684,43010
42684,32112
42684,53494
42684,139197
42684,126657
42684,41278
42684,64249
42684,41712
42684,73173
42684,27911
42684,131357
42684,44923
42684,129968
42684,106262
42684,57945
42684,69261
42684,38725
42684,31643
42684,14878
42684,21419
42684,60277
42684,30470
42687,94045
42687,3713
42687,65758
42687,35048
42687,99723
42687,93078
42687,107794
42687,97339
42687,115796
42687,117420
42687,110339
42687,83511
42687,25298
42687,78979
42687,131723
42687,131773
42687,65313
42687,90258
42687,75071
42687,102355
42687,47537
42687,110448
42687,22300
42687,98525
42687,63663
42687,28685
42687,21474
42687,11768
42687,114107
42688,107389
42688,12315
42688,123453
42688,20777
42688,83807
42688,111519
42688,51769
42688,72844
42688,39502
42688,54991
42688,138831
42688,127553
42688,46801
42688,35912
42688,128348
42688,33859
42688,6208
42688,93732
42688,117540
42688,93770
42688,106009
42688,123612
42688,29250
42688,54529
42688,54572
42689,43142
42689,71676
42689,40752
42689,75166
42689,55376
42689,111068
42689,114319
42689,132232
42689,13689
42689,104283
42689,105272
42689,6261
42690,2859
42690,39639
42690,84407
42690,33964
42690,54048
42690,129990
42690,24287
42690,95098
42690,30443
42690,77286
42690,60000
42690,40666
42690,57843
42690,99087
42690,30414
42690,80898
42690,137928
42690,35844
42690,97016
42690,24757
42690,23464
42690,22031
42690,112695
42690,40226
42690,36763
42690,33839
42690,46409
42691,94048
42691,77252
42691,12383
42691,30220
42691,121213
42691,23904
42691,74975
42691,107801
42691,128807
42692,35349
42692,68475
42692,79813
42692,12988
42692,6131
42692,98984
42692,289
42692,33463
42692,45659
42692,34018
42692,75374
42692,2612
42692,121496
42692,76151
42692,69673
42692,58573
42692,14710
42692,52038
42692,46478
42692,126944
42692,8633
42692,78147
42692,120126
42692,135591
42692,24125
42692,50879
42692,99299
42692,119479
42692,134156
42692,4484
42692,136270
42692,23856
42693,81167
42693,37291
42693,30331
42693,14603
42693,24606
42693,100553
42693,137686
42693,115302
42693,123821
42693,118211
42693,86171
42693,116423
42693,33196
42693,138855
42693,50817
42693,20721
42693,106505
42693,79124
42693,60366
42693,47664
42693,38879
42693,19995
42693,113550
42693,9265
42693,105532
42693,5577
42693,109119
42693,52765
42695,102298
42695,68473
42695,22000
42695,90700
42695,16191
42695,110497
42695,33182
42695,7484
42695,1146
42695,55806
42695,10596
42695,21265
42695,43785
42695,94449
42695,90889
42695,90019
42695,53793
42695,59959
42695,46030
42695,24956
42695,16968
42695,86878
42695,58773
42695,100246
42695,105109
42695,27310
42695,93518
42695,57133
42695,112514
42695,116941
42696,134417
42696,120144
42696,107785
42696,52784
42696,33168
42696,12579
42696,105559
42696,29811
42696,9812
42696,131110
42696,51979
42696,13443
42696,43749
42696,98770
42696,60008
42696,69615
42696,87215
42696,72597
42696,1140
42696,61934
42696,117439
42696,134966
42696,54937
42696,78599
42696,1085
42696,15251
42696,110264
42696,63071
42696,18221
42696,10721
42696,79221
42696,28181
42696,69352
42696,74221
42698,23061
42698,10815
42698,107705
42698,21568
42698,40933
42698,93917
42698,13128
42698,15224
42698,25834
42698,66310
42698,129220
42698,95142
42698,89641
42698,47249
42698,102715
42698,40870
42698,47818
42698,116340
42698,13015
42698,112142
42698,136178
42698,127056
42698,16665
42698,35269
42698,127834
42698,108981
42698,42248
42698,131706
42698,95752
42698,124184
42698,88244
42698,31666
42700,83181
42700,71408
42700,7860
42700,7145
42700,14690
42700,98838
42700,13805
42700,20717
42700,84108
42700,97758
42700,109744
42700,95987
42700,33585
42700,51180
42700,87888
42700,48889
42700,88639
42700,84110
42700,53740
42700,62638
42700,69317
42700,41841
42700,75447
42700,89334
42700,97283
42700,80398
42700,2637
42700,28050
42700,57117
42700,56731
42700,46418
42703,35736
42703,138903
42703,131261
42703,123804
42703,125695
42703,5436
42703,8231
42703,49140
42703,14255
42703,129602
42704,46373
42704,52052
42704,56197
42704,31001
42704,34601
42704,16593
42704,98258
42704,140493
42704,14613
42704,136924
42704,36179
42704,66398
42704,95506
42704,98213
42704,24776
42705,89650
42705,121401
42705,112808
42705,29734
42705,26066
42705,26501
42705,62993
42705,8334
42705,63801
42705,11735
42705,12156
42705,107952
42705,24713
42705,85896
42705,106319
42705,109790
42705,77168
42705,94977
42705,137979
42705,21637
42705,88678
42705,37903
42705,119362
42705,69006
42705,117564
42705,33251
42705,100385
42705,83518
42705,44533
42705,98102
42705,26107
42705,22245
42705,116091
42705,91872
42706,129188
42706,69793
42706,65989
42706,117782
42706,25978
42706,29783
42706,86423
42706,51027
42706,11847
42706,124930
42706,117456
42706,80414
42706,60780
42706,120670
42706,74617
42706,48064
42706,52594
42706,108360
42706,9284
42706,16423
42706,55270
42706,138977
42706,51950
42706,16433
42706,13205
42706,44894
42706,139249
42706,59647
42706,86976
42706,12811
42706,88262
42708,81034
42708,131602
42708,50302
42708,119255
42708,98674
42708,29033
42708,44901
42708,72871
42708,112197
42708,59011
42708,17911
42708,121811
42708,34298
42708,21957
42708,11063
42708,116652
42708,37729
42708,41019
42708,128817
42708,90901
42708,84164
42708,134697
42708,4858
42708,28078
42709,87720
42709,50931
42709,15736
42709,128546
42709,82260
42709,31301
42709,64001
42709,37614
42709,121743
42709,5874
42709,98552
42709,30165
42709,71666
42709,56818
42709,112358
42709,40532
42709,113688
42709,83650
42709,128766
42709,35918
42709,61565
42709,66120
42709,3191
42709,106536
42709,46297
42709,97262
42709,33474
42709,61458
42709,474
42709,132823
42709,76208
42710,2379
42710,80329
42710,111137
42710,56398
42710,126213
42710,4207
42711,50525
42711,95103
42711,27392
42711,49924
42711,109506
42711,137755
42711,66741
42711,112244
42712,17240
42712,19711
42712,110534
42712,76319
42712,121776
42712,58035
42712,17517
42712,116872
42712,106247
42712,15081
42712,52744
42712,90588
42712,8923
42712,126320
42712,109962
42712,105469
42712,88560
42712,12448
42712,13817
42714,138957
42714,100384
42714,21250
42714,116616
42714,124112
42714,107310
42714,59500
42714,4393
42714,106067
42714,6573
42714,15345
42714,109734
42714,32437
42714,60002
42714,60723
42714,26080
42714,76037
42714,45452
42714,113825
42714,135286
42714,70242
42714,2720
42714,46688
42714,80290
42714,91225
42714,119694
42714,83749
42714,103526
42714,74741
42714,31871
42714,11519
42714,45648
42714,5445
42716,50195
42716,20951
42716,96593
42716,100611
42716,28014
42716,65048
42716,45212
42716,30212
42716,19419
42716,93829
42716,103093
42716,19455
42716,104470
42717,115166
42717,52683
42717,56776
42717,126818
42717,13483
42717,5505
42717,13484
42717,121049
42717,110663
42717,53172
42717,44170
42717,119316
42717,36412
42717,131131
42717,71039
42717,25564
42717,46393
42717,90380
42717,79240
42717,15802
42717,16499
42717,125079
42717,125656
42717,2094
42717,53454
42717,66917
42717,53412
42717,17580
42717,122299
42718,110759
42718,116793
42718,102679
42718,92649
42718,23121
42718,81792
42718,9992
42718,122757
42718,11486
42718,58027
42720,22180
42720,78182
42720,35308
42720,114370
42720,120356
42720,64414
42720,848
42720,12560
42720,45450
42720,18611
42720,7958
42720,50810
42720,129620
42720,119392
42720,72344
42720,25498
42720,68837
42720,137562
42720,5116
42720,79311
42720,49817
42720,28884
42720,22790
42720,70676
42720,38398
42720,39016
42720,40230
42720,54860
42720,23776
42720,3376
42720,39020
42721,128657
42721,58729
42721,120385
42721,123287
42721,110451
42721,114896
42721,52410
42721,118758
42721,47565
42721,42017
42721,3860
42721,83639
42721,6892
42721,64124
42721,54132
42721,60352
42721,124018
42721,98651
42721,67289
42721,76324
42721,93587
42721,138421
42721,107103
42721,70158
42721,136973
42721,112859
42721,127499
42721,127794
42721,48144
42721,25835
42721,75146
42723,134421
42723,86090
42723,136972
42723,90649
42723,5310
42723,89721
42723,111714
42723,13777
42723,39703
42723,120855
42723,85725
42723,75433
42723,86919
42723,73791
42723,132466
42723,20689
42723,90086
42723,77068
42723,105753
42723,33831
42723,129605
42723,58998
42723,62382
42723,16144
42723,130158
42723,105617
42723,3712
42724,53308
42724,109341
42724,108244
42724,75405
42724,88924
42724,53986
42724,123915
42724,57230
42724,135247
42724,113843
42724,75604
42724,962
42724,75511
42724,102535
42724,42279
42724,29010
42724,9830
42724,10373
42724,68600
42724,60039
42724,70480
42724,117297
42724,34291
42724,84529
42724,26314
42724,45574
42724,113140
42724,26915
42724,103488
42724,91266
42724,6471
42724,102040
42724,55740
42724,43022
42725,51027
42725,9284
42725,94864
42725,86976
42725,128433
42725,18390
42725,13205
42725,114392
42725,16423
42725,18076
42725,19575
42725,113967
42725,5790
42725,60780
42725,48975
42725,44894
42725,48064
42725,82275
42725,130270
42725,134030
42725,74617
42725,59647
42725,26537
42725,128201
42725,8432
42725,44308
42725,72714
42725,31929
42725,108360
42725,120670
42725,16433
42727,25667
42727,129534
42727,17684
42727,106601
42727,13231
42727,19813
42727,12351
42727,134359
42727,43899
42727,108534
42727,111034
42727,72602
42727,131070
42727,79795
42727,2281
42727,138912
42727,76486
42727,109729
42727,2410
42727,53508
42727,31331
42727,22233
42727,63840
42728,133217
42728,115164
42728,102098
42728,85872
42728,84573
42728,39633
42728,11618
42729,79513
42729,73731
42729,136795
42729,91180
42729,127105
42729,12753
42729,61837
42729,61648
42729,94889
42729,37353
42729,62104
42729,66170
42729,122777
42729,140191
42729,66377
42729,4334
42729,60554
42729,109582
42729,3514
42729,5392
42729,44865
42729,21715
42729,125211
42729,20321
42729,68807
42729,110075
42729,23572
42729,133011
42729,4594
42729,79140
42729,106309
42729,101917
42730,55114
42730,133494
42730,68952
42730,112008
42730,30200
42730,77123
42730,121726
42730,140673
42730,92553
42730,44305
42730,92037
42730,94612
42730,26934
42730,92187
42730,58255
42730,68241
42730,103511
42730,6031
42730,22441
42730,41806
42730,68506
42730,105690
42730,22684
42730,101042
42730,86086
42730,130320
42730,129812
42730,10053
42730,34275
42730,71364
42730,137375
42730,77805
42730,129085
42730,70776
42735,109373
42735,15220
42735,43503
42735,81300
42735,10173
42735,107672
42735,94543
42735,129951
42735,53390
42735,103886
42735,67102
42735,94627
42735,48557
42735,35870
42735,112168
42735,121790
42735,692
42735,63805
42735,65460
42735,64855
42735,128421
42735,58324
42735,68084
42735,6254
42735,37239
42737,92090
42737,14960
42737,139952
42737,117430
42737,16029
42737,103982
42737,45693
42737,8917
42737,135071
42737,33130
42737,99025
42737,86188
42737,31135
42737,59508
42737,7898
42737,122649
42737,15073
42737,28808
42737,37790
42737,96974
42737,110258
42737,20937
42737,13934
42737,44421
42737,8508
42737,25887
42737,88908
42737,30353
42737,55059
42737,15608
42737,110830
42737,44027
42737,72873
42739,119412
42739,96371
42739,51849
42739,60832
42739,73081
42739,128866
42739,71504
42739,116032
42739,62301
42739,80230
42739,65418
42739,87760
42739,70273
42739,40083
42739,42087
42739,19538
42739,96329
42739,125042
42739,139809
42739,537
42739,65642
42739,39673
42739,21398
42739,120352
42739,82343
42739,77004
42739,86912
42739,121156
42739,114250
42739,112261
42739,76130
42739,11683
42739,26127
42740,35251
42740,20900
42740,106192
42740,43213
42740,64449
42740,33160
42740,51266
42740,75372
42740,45280
42740,46752
42740,77218
42740,67625
42740,32642
42740,93268
42740,63069
42740,52859
42740,56591
42740,115794
42740,130254
42740,8357
42740,137890
42740,78292
42740,63882
42740,62630
42740,46389
42740,49810
42740,117865
42740,51415
42740,133487
42741,24085
42741,59817
42741,10429
42741,86907
42741,26251
42741,86032
42741,118034
42741,104504
42741,43718
42741,50435
42741,50408
42741,22160
42741,137054
42741,82921
42741,32516
42741,101143
42741,106919
42741,44484
42741,24960
42741,120466
42741,67607
42741,122819
42741,80502
42741,52119
42741,10719
42741,57469
42741,76534
42741,17054
42741,109021
42741,45609
42741,56638
42741,49789
42741,90408
42742,85508
42742,20611
42742,134528
42742,81025
42742,25614
42742,25424
42742,27738
42742,36791
42742,52738
42742,93640
42742,103313
42742,27369
42742,84882
42742,86594
42742,32943
42742,77283
42742,78815
42742,61060
42742,98567
42742,30820
42742,24903
42742,70404
42742,113971
42742,85663
42742,130392
42742,83208
42742,91129
42743,56696
42743,123483
42743,14506
42743,34598
42743,29163
42743,6648
42743,125609
42743,37123
42743,110896
42743,124943
42743,46060
42743,86945
42743,87027
42743,50390
42743,94915
42743,39292
42743,120777
42743,4878
42743,87477
42743,14617
42743,139048
42744,48375
42744,62726
42744,27142
42744,90836
42744,22013
42744,90377
42744,102874
42744,67724
42744,1495
42744,113761
42744,38837
42744,12357
42744,79537
42744,37543
42744,43657
42744,37124
42744,95182
42744,77411
42744,66803
42744,59322
42744,42011
42744,31486
42744,79235
42744,8797
42744,110189
42744,25236
42744,37304
42744,72189
42744,68833
42744,64602
42744,85321
42744,83364
42744,39329
42745,124342
42745,137997
42745,37818
42745,35223
42745,14082
42745,104517
42745,70177
42745,77089
42745,116942
42745,21018
42745,114932
42745,78500
42745,134323
42745,40279
42745,59781
42745,24545
42745,49656
42745,134154
42745,68420
42745,131892
42745,90845
42745,26248
42745,125083
42745,77914
42745,59657
42745,77795
42745,122112
42745,57952
42745,90809
42745,94455
42745,46274
42745,29633
42745,117294
42747,44457
42747,73645
42747,69131
42747,69181
42747,16953
42747,68700
42747,46625
42750,34388
42750,123028
42750,22966
42750,22906
42750,60657
42750,52223
42750,39944
42750,26691
42750,28869
42750,89640
42750,44461
42750,2956
42753,74713
42753,85466
42753,12344
42753,5533
42753,15494
42754,4548
42754,105227
42754,96000
42754,57978
42754,4204
42754,54111
42754,58155
42754,13994
42754,105907
42754,131156
42754,131860
42754,113298
42754,39760
42755,77827
42755,23462
42755,35037
42755,131241
42755,117229
42755,27696
42755,122877
42755,40557
42755,2371
42755,114928
42755,129908
42755,32511
42755,29511
42756,131909
42756,20263
42756,104192
42756,86407
42756,35154
42756,730
42756,78896
42757,99702
42757,116583
42757,51119
42757,61310
42757,97614
42757,118302
42757,13597
42757,95399
42757,89415
42757,105088
42757,23428
42757,114668
42757,130479
42757,72496
42757,105266
42757,20781
42757,34352
42757,135519
42757,81521
42757,21790
42757,88207
42757,51150
42757,135569
42757,72444
42757,91274
42757,107230
42757,68075
42757,63587
42757,126399
42757,121660
42757,132833
42757,69309
42761,17344
42761,138615
42761,138839
42761,60875
42761,83173
42761,28322
42761,36142
42761,91408
42761,111783
42761,62823
42761,104391
42761,34076
42761,65438
42761,68170
42761,77291
42761,134393
42761,14426
42761,126910
42761,76196
42761,73263
42761,15045
42761,15571
42761,132203
42762,6029
42762,80619
42762,59466
42762,90803
42762,136210
42762,97785
42762,1147
42762,24457
42762,70405
42762,51492
42762,84296
42762,10987
42762,80396
42762,755
42762,55859
42762,101446
42762,104770
42762,59206
42762,62134
42762,25884
42762,7573
42762,80999
42762,43662
42763,39050
42763,68415
42763,72397
42763,52688
42763,74543
42763,90707
42763,103146
42763,123490
42763,60412
42763,91544
42763,114975
42763,71328
42763,77701
42763,82355
42763,47316
42763,10309
42763,6991
42763,88062
42763,103334
42763,19496
42763,126686
42763,95720
42763,23949
42763,1060
42763,38071
42763,91632
42765,97382
42765,123882
42765,93595
42765,25640
42765,45808
42765,6413
42765,106831
42765,126035
42765,63097
42765,100171
42765,74129
42765,8596
42765,123712
42765,58181
42765,84378
42765,68408
42765,118947
42765,85765
42765,63101
42765,95797
42765,123370
42765,17774
42765,65769
42765,90305
42765,69967
42765,11755
42766,53547
42766,62301
42766,121317
42766,70273
42766,8660
42766,24863
42766,96371
42766,91759
42766,42087
42766,87513
42766,77985
42766,116032
42766,13076
42766,51849
42766,119412
42766,77356
42766,138559
42766,116308
42766,40083
42766,66939
42766,61556
42766,105326
42766,125042
42766,84462
42766,75285
42766,135351
42766,87760
42766,39673
42766,114250
42766,86912
42766,11683
42766,76130
42766,99922
42767,25867
42767,121762
42767,27428
42767,48431
42767,54923
42767,26629
42767,3877
42767,22095
42767,139541
42767,64456
42767,138792
42767,122366
42767,22211
42767,45617
42767,34024
42767,29380
42767,28120
42767,60131
42767,48085
42767,132114
42767,20035
42767,94630
42767,106799
42767,30538
42767,44116
42767,48920
42767,68252
42767,71434
42767,74151
42767,125518
42767,89945
42767,61557
42767,81453
42769,111440
42769,105787
42769,26879
42769,94313
42769,92924
42769,110602
42769,113770
42769,4544
42769,72617
42769,104817
42769,25017
42769,117017
42769,22087
42769,111825
42769,91209
42769,107615
42769,125221
42769,110770
42769,84512
42769,46921
42769,35303
42769,64326
42769,81069
42769,42895
42769,36411
42770,110675
42770,98181
42770,63690
42770,66593
42770,89563
42770,43083
42770,83456
42770,20293
42770,53154
42770,48605
42770,40690
42770,45841
42770,117372
42770,57076
42771,2786
42771,37253
42771,43524
42771,77334
42771,46933
42771,126266
42771,30987
42771,111759
42771,23736
42771,58754
42771,91080
42771,71350
42771,120084
42771,81277
42771,53677
42771,132565
42771,4592
42771,82496
42771,85223
42771,12659
42771,50125
42771,35476
42771,36481
42771,26820
42771,77597
42772,50355
42772,62143
42772,133869
42772,27281
42772,76863
42772,87502
42772,42951
42772,70066
42772,22150
42772,115332
42772,156
42773,140657
42773,111121
42773,16635
42773,28323
42773,7477
42773,130636
42773,130379
42773,70303
42773,118480
42773,9274
42773,16556
42773,47653
42773,71161
42773,80663
42773,113867
42774,122230
42774,126597
42774,12340
42774,126161
42774,134559
42774,118068
42774,139755
42774,67264
42774,23075
42774,22260
42774,75694
42774,59881
42774,125244
42774,107911
42774,87174
42774,108936
42774,8813
42774,81660
42774,21970
42774,126473
42774,19881
42774,134386
42774,45406
42774,32169
42774,57342
42774,137385
42774,88834
42774,22410
42774,25267
42774,96033
42774,107018
42774,53715
42774,109197
42776,56826
42776,32237
42776,125036
42776,60686
42776,15671
42776,108101
42776,13881
42776,47126
42776,49478
42776,57341
42776,87428
42776,63373
42776,115527
42776,140161
42776,70387
42776,84034
42776,462
42776,118114
42776,23365
42776,59824
42776,9193
42776,55670
42776,42206
42776,128466
42776,55645
42776,90307
42776,91351
42776,92301
42776,65523
42776,59239
42778,820
42778,30057
42778,48100
42778,56579
42778,9215
42778,122855
42778,55621
42778,58952
42778,6080
42778,76972
42778,127957
42778,120514
42778,111863
42778,93735
42778,81636
42778,137946
42778,61491
42778,10563
42778,7976
42778,72402
42778,67583
42778,128353
42778,123935
42778,94390
42778,58023
42778,43278
42779,3271
42779,79044
42779,43622
42779,33138
42779,132055
42779,75631
42779,69680
42779,59263
42779,21219
42779,73141
42779,84767
42779,7670
42779,74804
42779,64610
42779,45858
42779,14798
42779,81798
42779,41867
42779,35956
42779,31571
42779,65472
42779,126864
42779,36973
42779,43183
42779,100255
42779,120624
42779,54080
42779,58859
42779,27421
42779,11690
42779,49536
42779,2933
42780,138746
42780,61203
42780,104556
42780,79991
42780,36989
42780,97286
42780,6402
42780,139530
42780,70329
42780,52504
42780,31959
42780,26007
42780,81430
42780,54940
42780,92851
42780,51131
42780,42556
42780,22494
42780,60850
42780,87442
42780,19443
42780,71178
42780,108079
42780,81165
42780,37126
42780,98382
42780,129126
42780,67017
42780,59063
42780,120090
42780,63999
42780,56914
42782,38571
42782,53341
42782,95307
42782,29604
42782,56880
42782,76818
42782,88096
42782,64777
42782,10404
42782,113349
42782,89073
42782,95166
42782,893
42782,107872
42782,88218
42782,19435
42782,28248
42782,74474
42782,90923
42782,92297
42782,16706
42782,351
42782,87377
42782,59267
42782,48153
42782,59526
42782,41488
42782,21315
42782,97247
42782,111106
42782,42282
42782,122844
42782,49555
42782,116276
42784,86682
42784,112085
42784,24880
42784,65538
42784,93033
42784,127116
42784,137581
42784,20129
42784,123004
42784,5733
42784,3380
42784,87789
42784,885
42784,22673
42784,40998
42784,58077
42784,41467
42784,70245
42784,137200
42784,118631
42784,111751
42784,136513
42784,45938
42784,59454
42784,20726
42784,32760
42784,137994
42784,38576
42784,110374
42784,10157
42784,110861
42784,67388
42785,17739
42785,28495
42785,126013
42785,70058
42785,59098
42785,95122
42785,6202
42785,44502
42785,136865
42785,9788
42785,124652
42785,116895
42785,34196
42785,100238
42785,72473
42785,139706
42785,63129
42785,70903
42785,79388
42785,14119
42785,8343
42785,64513
42785,15079
42785,86858
42785,63928
42785,130878
42785,57312
42785,62167
42785,89592
42785,125051
42785,14752
42785,61069
42785,131580
42785,64482
42788,91093
42788,23378
42788,109084
42788,8082
42788,23410
42788,46740
42788,92024
42788,78726
42788,68163
42788,108436
42788,92766
42788,71230
42788,132963
42788,89757
42788,317
42788,62064
42788,61012
42788,35810
42788,17596
42788,3655
42788,70613
42788,74863
42788,50467
42788,95533
42788,13304
42788,78127
42788,409
42788,85245
42788,24724
42788,48982
42788,121111
42788,63297
42788,68066
42789,92705
42789,87015
42789,88807
42789,120146
42789,50417
42789,94663
42789,74514
42789,103658
42789,24847
42789,78613
42789,129396
42789,116710
42789,66381
42789,100454
42789,139876
42789,55225
42789,68736
42789,14600
42789,46077
42789,88464
42789,30810
42789,138069
42789,129260
42789,10151
42789,137701
42789,43913
42789,11325
42789,18575
42789,22867
42789,51322
42789,137989
42789,68896
42791,58795
42791,54396
42791,87347
42791,110291
42791,12199
42791,45610
42791,19919
42791,43725
42791,115391
42791,128186
42791,111547
42791,96368
42791,61077
42791,113766
42791,85628
42791,12979
42791,135488
42792,3288
42792,86230
42792,17062
42792,131301
42792,126040
42792,49037
42792,5606
42792,65358
42792,70400
42792,80376
42792,114476
42792,15561
42792,55017
42792,78138
42792,24811
42792,55206
42792,16941
42792,100049
42792,55445
42792,56363
42792,70123
42792,11736
42792,121012
42794,16202
42794,98021
42794,45465
42794,110202
42794,123524
42794,4991
42794,33891
42794,94902
42794,108302
42794,38358
42794,49168
42794,23878
42794,92558
42794,103875
42794,48306
42794,137233
42797,10469
42797,136209
42797,17795
42797,123305
42797,17956
42797,138184
42797,38953
42797,133520
42797,132128
42797,17950
42797,9921
42797,135876
42797,4928
42797,90365
42797,123662
42797,51665
42797,77029
42797,52772
42797,85474
42797,29882
42797,71799
42797,5191
42797,55022
42797,92613
42797,98161
42797,73416
42797,24632
42797,12862
42797,125585
42797,27858
42797,11204
42797,105650
42798,24513
42798,12951
42798,107090
42798,30487
42798,123096
42798,94261
42798,110258
42798,103982
42798,20937
42798,117430
42798,99297
42798,59056
42798,74110
42798,65910
42798,135071
42798,121965
42798,53304
42798,46320
42798,41392
42798,131894
42798,18420
42798,57276
42798,44421
42798,116852
42798,2353
42798,79731
42798,72999
42798,63495
42798,58240
42798,48898
42798,30986
42798,65593
42798,73379
42801,131607
42801,31123
42801,89388
42801,93357
42801,41409
42801,80377
42801,102347
42801,20563
42801,113830
42801,131106
42801,126567
42801,1110
42801,28878
42801,76754
42801,99489
42801,93051
42801,98884
42801,18026
42801,25925
42801,79749
42801,8729
42801,128018
42801,26203
42801,130028
42801,114196
42801,114399
42801,101513
42801,57594
42801,119238
42801,39933
42801,5441
42801,79014
42801,32919
42803,25867
42803,17602
42803,139541
42803,121762
42803,64456
42803,22211
42803,122366
42803,34024
42803,28120
42803,60131
42803,48085
42803,20035
42803,94630
42803,106799
42803,132114
42803,44116
42803,106954
42803,54923
42803,48920
42803,68252
42803,34175
42803,29818
42803,89945
42803,74151
42803,125518
42803,3877
42803,46008
42803,22095
42803,30538
42803,29380
42803,61557
42803,81453
42803,60680
42804,81113
42804,99851
42804,131978
42804,140295
42804,138201
42804,1120
42804,121736
42804,68475
42804,50646
42804,70125
42804,101700
42804,68893
42804,21458
42804,7268
42804,29622
42804,48967
42804,9783
42804,27624
42804,70423
42804,93278
42804,135867
42804,111146
42804,8041
42804,106995
42804,127932
42804,16836
42804,59451
42804,18627
42804,100744
42804,72973
42804,105043
42804,104576
42806,38571
42806,53341
42806,95307
42806,76818
42806,81437
42806,64777
42806,89073
42806,10404
42806,29604
42806,88218
42806,97247
42806,56880
42806,30184
42806,113349
42806,28248
42806,48153
42806,59526
42806,41488
42806,68914
42806,95166
42806,893
42806,21315
42806,107872
42806,111106
42806,85728
42806,50984
42806,76656
42806,88127
42806,114766
42806,92297
42806,16706
42806,42282
42806,122844
42806,111000
42807,76560
42807,61370
42807,124410
42807,72485
42807,83940
42807,71142
42807,96301
42807,140815
42807,51558
42807,137921
42807,87495
42807,32290
42807,85772
42807,30972
42807,71264
42807,56959
42807,110533
42807,43869
42807,5263
42807,78644
42807,80684
42807,48805
42807,14712
42807,40017
42807,25300
42807,12934
42807,49873
42807,19871
42807,35548
42807,97608
42807,81054
42807,76933
42807,12990
42808,66729
42808,7676
42808,16462
42808,84556
42808,131310
42808,66321
42808,49529
42808,94836
42808,132064
42808,48994
42808,93168
42808,36708
42808,79594
42808,84320
42808,29711
42808,113139
42808,92586
42808,33804
42808,132713
42808,67804
42808,124444
42808,31792
42808,92219
42808,10769
42808,96148
42808,83828
42808,1957
42808,55396
42808,103149
42808,136128
42808,49907
42808,41255
42810,137327
42810,9029
42810,99545
42810,120238
42810,7898
42810,27686
42810,137782
42810,24513
42810,116852
42810,133509
42810,8917
42810,55865
42810,85603
42810,109868
42810,48233
42810,138722
42810,131894
42810,107172
42810,104493
42810,139000
42810,59056
42810,53904
42810,46320
42810,30986
42810,30487
42810,127094
42810,94261
42810,38981
42810,96553
42810,122859
42810,94897
42810,52515
42810,73379
42811,45261
42811,25565
42811,911
42811,98565
42811,139491
42811,137374
42811,120174
42811,11323
42811,101935
42811,88185
42811,7773
42811,17202
42811,47803
42811,88385
42811,7741
42811,50078
42811,37653
42811,98117
42811,42914
42811,17617
42811,25206
42811,117326
42811,104456
42811,62410
42811,26723
42811,28989
42811,28041
42811,8664
42811,8222
42811,70095
42813,13860
42813,31461
42813,129150
42813,4529
42813,58349
42813,87573
42813,1030
42813,73480
42813,35716
42813,90675
42813,63344
42813,121998
42813,113066
42813,91913
42813,112528
42813,32544
42813,39416
42813,90900
42813,104202
42813,115745
42813,49005
42813,26921
42813,37961
42815,1563
42815,98447
42815,86428
42815,128529
42815,83023
42815,137262
42815,40814
42815,11668
42815,93922
42815,3773
42815,64541
42815,120081
42815,99616
42815,117391
42815,62447
42815,117459
42815,5325
42815,140766
42815,37315
42815,132673
42815,109239
42815,44335
42815,89980
42815,428
42815,48437
42815,34668
42815,33291
42815,74782
42815,86597
42815,95250
42815,50446
42815,31548
42815,41893
42815,101051
42816,90069
42816,117325
42816,68261
42816,36728
42816,125997
42816,92336
42816,108158
42816,94800
42816,12142
42816,30596
42816,53137
42816,75099
42816,3094
42816,120474
42816,83064
42816,110792
42816,47661
42816,54556
42816,127660
42817,25176
42817,122943
42817,113074
42817,14341
42817,94131
42817,9794
42817,40484
42820,41854
42820,14154
42820,66602
42820,123941
42820,95711
42820,131712
42820,5163
42820,121774
42820,102908
42820,12447
42820,81759
42820,109396
42820,108742
42820,128050
42820,116554
42820,62689
42820,38803
42820,36196
42820,65025
42820,136088
42820,57968
42820,28128
42820,39435
42820,89412
42820,55259
42820,128655
42820,99178
42820,16552
42820,19321
42820,28460
42820,12906
42820,110789
42821,63132
42821,16477
42821,93276
42821,49822
42821,22046
42825,103617
42825,91813
42825,43367
42825,1768
42825,20372
42825,44706
42825,21281
42825,25946
42825,28608
42825,60664
42825,102402
42825,117221
42825,19998
42825,79794
42825,41939
42827,71409
42827,139959
42827,63271
42827,68904
42827,25916
42827,117341
42827,85754
42827,140117
42827,29943
42827,125513
42827,3153
42827,101267
42827,99529
42827,140723
42827,30605
42827,8558
42827,136251
42827,123193
42827,102461
42827,107809
42827,47648
42827,10239
42827,38823
42827,78714
42827,7753
42827,94642
42827,63685
42827,83745
42827,49198
42827,97983
42827,74277
42829,49943
42829,2097
42829,82639
42829,83397
42829,15602
42829,132091
42829,28811
42829,91879
42829,76574
42829,82388
42829,81054
42829,12990
42829,11649
42829,54880
42829,41805
42829,73319
42829,93017
42829,57174
42829,40917
42829,111556
42832,45314
42832,114523
42832,21424
42832,20235
42832,117383
42832,46652
42832,57853
42832,76849
42832,132350
42832,4903
42832,12332
42832,2777
42833,66968
42833,2833
42833,93969
42833,113263
42833,80544
42833,22384
42833,130719
42833,77647
42833,40128
42833,98613
42833,94037
42833,45103
42833,37083
42833,86176
42833,86001
42833,5344
42833,58812
42833,76880
42833,98907
42833,127095
42833,99758
42833,89123
42833,125612
42833,95816
42833,20148
42833,75893
42833,73161
42833,17668
42833,79839
42833,34962
42833,62665
42833,91866
42834,70308
42834,5786
42834,134058
42834,42541
42834,34744
42834,52390
42834,29709
42834,52992
42834,10771
42834,14301
42834,44118
42834,21599
42834,112570
42834,11304
42834,99046
42834,122761
42834,66551
42834,79915
42834,45577
42834,92886
42834,79896
42834,76505
42834,130519
42834,50957
42834,32765
42834,103748
42834,15934
42834,37646
42834,126908
42834,116257
42834,46803
42834,110164
42835,133249
42835,78100
42835,63677
42835,17612
42835,69972
42835,45988
42835,3059
42835,3911
42835,75100
42835,122108
42835,105302
42835,112472
42835,158
42835,14631
42835,6981
42835,24799
42835,12562
42835,119227
42835,71649
42835,121028
42835,129777
42835,110008
42835,48357
42835,88720
42835,38350
42835,71475
42835,15378
42835,64755
42835,1196
42837,120747
42837,59298
42837,54871
42837,108652
42837,74059
42837,51408
42837,95601
42837,46516
42837,12933
42837,84978
42837,105511
42837,135660
42839,51876
42839,116398
42839,134609
42839,6838
42839,3518
42839,28238
42839,38363
42839,80393
42839,94534
42839,110263
42839,134154
42839,68420
42839,49656
42839,125083
42839,68777
42839,126968
42839,133661
42839,64169
42839,66253
42839,57952
42839,138106
42839,16131
42839,71026
42839,35225
42839,22066
42840,47249
42840,40933
42840,93917
42840,127834
42840,23061
42840,13015
42840,40870
42840,89641
42840,127056
42840,42248
42840,112142
42840,16665
42840,108981
42840,88244
42840,31666
42840,131706
42840,107705
42840,35077
42840,21568
42840,136178
42840,35269
42840,47818
42840,13128
42840,25834
42840,129220
42840,10815
42840,66310
42840,75684
42840,124184
42840,116340
42840,67877
42840,95752
42841,42753
42841,5005
42841,129540
42841,131233
42841,139717
42841,78460
42841,128808
42841,32514
42841,116468
42841,87168
42841,124421
42841,126510
42841,5578
42841,27845
42841,74184
42841,90659
42841,90146
42841,75327
42841,10027
42841,10022
42841,12050
42841,107830
42841,106061
42841,101612
42841,118220
42841,58776
42841,49655
42841,27748
42841,38903
42843,55791
42843,22578
42843,124741
42843,21808
42843,3820
42843,77856
42843,126899
42843,134232
42843,106236
42843,120403
42843,34020
42843,32358
42843,18601
42843,113229
42843,89341
42843,137264
42843,92772
42843,130258
42843,112101
42843,27525
42843,101543
42843,94194
42843,51972
42843,9589
42843,108751
42843,23073
42843,20772
42844,126339
42844,30180
42844,114463
42844,109896
42844,23229
42844,134596
42844,114977
42844,105574
42844,67546
42844,18144
42844,58558
42844,18750
42844,15348
42844,16739
42844,120607
42844,59517
42844,5871
42844,59848
42844,111115
42844,6023
42844,88713
42844,33042
42844,99309
42844,133629
42844,69373
42844,40421
42844,39739
42844,135646
42844,59932
42844,120050
42844,75828
42845,107670
42845,80867
42845,56110
42845,116199
42845,73831
42845,83344
42845,97976
42845,87994
42845,57870
42845,139682
42845,26648
42845,20520
42845,7983
42845,20210
42845,127850
42845,24401
42845,125027
42845,12342
42845,128678
42845,61664
42845,107912
42845,115936
42845,87844
42845,3631
42845,57633
42846,55078
42846,11989
42846,70918
42846,118031
42846,78946
42846,40088
42846,131500
42846,93628
42846,5830
42846,20185
42846,75495
42846,103370
42846,15541
42849,67012
42849,61864
42849,70297
42849,45249
42849,30835
42849,17449
42849,53168
42849,19071
42849,65850
42849,5155
42849,127420
42849,118421
42849,42390
42849,48383
42850,21388
42850,117044
42850,85307
42850,6723
42850,127672
42850,7583
42850,41661
42850,31099
42850,117986
42850,132970
42850,47279
42850,78535
42850,105503
42850,10531
42851,65799
42851,109576
42851,4571
42851,29643
42851,126809
42851,18651
42851,91714
42851,72077
42851,38910
42851,76856
42851,28731
42851,16687
42851,70987
42851,10214
42851,15267
42851,132979
42851,87618
42851,77061
42851,77071
42851,38926
42851,42855
42851,89638
42851,92307
42851,139464
42851,72885
42851,84191
42851,83343
42851,73241
42851,116974
42851,30277
42851,45966
42852,36558
42852,49574
42852,57422
42852,84414
42852,74702
42852,23573
42852,137048
42852,118342
42852,73866
42852,96480
42852,2889
42852,81860
42852,115378
42852,138806
42857,35876
42857,65129
42857,45884
42857,18716
42857,10737
42857,120256
42857,53555
42857,19434
42857,124173
42857,37294
42857,88349
42857,72746
42857,98492
42857,87186
42857,79784
42857,116902
42857,49846
42857,134181
42857,67811
42857,93439
42857,111660
42857,130002
42857,63440
42857,94485
42857,63192
42857,75297
42857,20069
42857,134876
42857,99570
42857,33908
42860,128741
42860,42928
42860,87474
42860,45462
42860,133212
42860,33682
42860,84306
42860,104112
42860,104096
42860,69822
42860,84766
42860,9003
42860,44372
42860,78684
42860,88614
42860,28243
42860,3273
42860,82754
42860,82514
42860,17319
42860,126423
42860,59607
42860,106646
42860,54961
42860,56868
42860,132316
42860,44045
42860,46718
42860,28746
42860,27695
42860,46369
42865,85562
42865,60053
42865,119602
42865,65567
42865,46794
42865,81988
42865,15412
42865,59528
42865,115388
42865,88341
42865,133502
42865,27942
42865,43382
42865,6562
42865,93026
42865,109739
42865,127523
42865,114470
42865,110556
42865,3390
42865,123546
42865,129970
42865,83997
42865,54845
42865,72154
42865,45126
42865,123880
42865,70559
42865,31946
42865,6542
42865,17762
42865,124518
42866,124764
42866,114892
42866,299
42866,38753
42866,37107
42866,113718
42866,111094
42866,131255
42866,121844
42866,101003
42866,125337
42866,88609
42866,41444
42866,56423
42866,108351
42866,137451
42866,35677
42866,36883
42866,70962
42866,1269
42866,77308
42866,116087
42866,16707
42866,125466
42866,55076
42866,10794
42866,73868
42866,27883
42869,11922
42869,130495
42869,125492
42869,92336
42869,47001
42869,37652
42869,28995
42869,112571
42869,129963
42869,133354
42869,24221
42869,75538
42869,103101
42869,37415
42869,12142
42869,82440
42869,94800
42869,30596
42869,120474
42869,84576
42869,53137
42869,16853
42869,3094
42869,83064
42869,54556
42869,47661
42869,11771
42869,55709
42869,127660
42869,66962
42869,110792
42869,75099
42869,33588
42872,104504
42872,43718
42872,93539
42872,10719
42872,64368
42872,32516
42872,28229
42872,52119
42872,57426
42872,37731
42872,117640
42872,32048
42872,60050
42872,109021
42875,138964
42875,115302
42875,105532
42875,121295
42875,74036
42875,95588
42875,137185
42875,15660
42875,14349
42875,14603
42875,107429
42875,137686
42875,4500
42875,111033
42875,118494
42875,44432
42875,35083
42875,94734
42875,113367
42875,113365
42875,19960
42875,106505
42875,135871
42875,51603
42875,80820
42875,111014
42875,113550
42875,41220
42875,5577
42875,129463
42875,38791
42876,38910
42876,29643
42876,18651
42876,109576
42876,87618
42876,4571
42876,16687
42876,28731
42876,38926
42876,743
42876,65799
42876,78685
42876,76856
42876,45966
42876,25154
42876,15267
42876,91714
42876,42855
42876,92307
42876,10214
42876,90819
42876,89638
42876,17986
42876,53665
42876,72077
42876,39627
42876,74165
42876,97907
42876,94751
42876,66864
42878,32149
42878,88939
42878,83348
42878,51919
42878,64719
42878,51444
42878,33243
42878,89789
42878,138787
42878,134352
42878,118192
42878,71632
42878,125665
42878,10366
42878,100961
42878,70013
42878,81910
42878,87134
42878,101902
42878,1886
42878,123332
42878,10244
42878,41388
42878,138607
42878,78492
42878,114478
42878,128208
42880,41976
42880,81854
42880,124032
42880,100023
42880,111322
42880,69031
42880,107857
42880,122268
42880,3197
42880,47877
42880,99723
42880,106793
42880,13659
42880,1704
42880,89200
42880,23324
42880,31233
42880,43044
42880,97859
42880,122720
42880,138360
42880,110448
42880,85987
42880,18602
42880,11768
42880,60833
42880,83625
42880,122201
42880,34820
42880,25298
42880,90258
42880,75071
42880,90946
42882,40589
42882,108551
42882,64265
42882,95742
42882,111563
42882,97886
42882,83943
42882,10113
42882,7933
42882,133881
42882,50153
42885,120853
42885,46018
42885,69161
42885,124564
42885,45541
42886,74281
42886,19561
42886,51061
42886,2243
42886,62993
42886,107952
42886,67959
42886,74090
42886,100385
42886,73106
42886,8669
42886,99928
42886,112443
42886,130825
42886,95487
42886,68718
42886,100799
42886,64868
42886,88678
42886,137979
42886,86644
42886,26107
42886,26066
42886,39609
42886,32092
42886,85143
42886,85456
42886,105136
42886,109315
42886,112505
42886,11676
42886,106319
42886,89939
42888,93174
42888,18978
42888,32107
42888,9342
42888,46794
42888,131362
42888,87642
42888,111021
42888,119602
42888,99805
42888,67626
42888,3928
42888,127912
42888,124747
42888,114470
42888,105762
42888,3283
42888,75834
42888,63612
42888,37728
42888,21065
42888,59117
42888,116928
42888,27942
42888,123546
42888,38801
42888,81731
42888,27662
42888,93834
42888,86429
42888,77180
42890,24163
42890,121230
42890,9161
42890,43210
42890,90926
42890,75482
42890,41283
42890,23629
42890,4125
42890,102303
42890,126128
42890,56453
42890,45254
42890,64900
42890,112891
42890,115333
42890,115897
42890,15578
42890,61525
42892,18177
42892,106096
42892,138228
42892,69881
42892,86335
42892,56079
42892,95335
42892,63909
42892,42306
42892,117026
42892,106017
42892,130068
42892,112805
42892,93547
42892,128357
42892,27589
42892,100633
42892,14551
42892,83459
42892,114024
42892,33657
42892,90472
42892,28207
42892,17080
42892,87816
42892,105005
42892,71845
42892,112194
42892,62820
42892,127694
42892,31840
42894,137997
42894,124342
42894,116942
42894,37818
42894,35223
42894,131892
42894,70177
42894,90845
42894,104517
42894,77089
42894,21018
42894,40279
42894,94455
42894,46274
42894,134154
42894,49656
42894,24545
42894,60846
42894,68420
42894,59781
42894,26248
42894,114932
42894,14082
42894,38419
42894,59657
42894,102130
42894,122112
42894,78500
42894,77795
42894,60468
42894,90809
42894,117294
42894,125083
42895,32731
42895,45093
42895,101405
42895,21037
42895,1118
42895,88545
42895,63025
42895,54329
42895,18454
42895,46407
42895,25969
42895,55494
42895,18909
42895,4446
42895,106078
42895,38433
42895,93464
42897,129778
42897,67640
42897,132452
42897,138227
42897,13307
42897,113040
42897,63859
42897,110202
42897,70335
42897,78237
42897,76808
42897,64072
42897,32226
42897,33891
42897,111848
42897,94902
42897,8522
42897,24662
42897,20036
42897,128015
42897,135730
42897,23878
42897,60715
42897,107599
42897,61899
42897,92571
42897,48306
42897,75016
42897,53198
42897,131163
42897,137233
42897,132337
42897,76146
42898,9537
42898,110918
42898,134306
42898,44503
42898,48457
42898,108090
42898,114273
42898,88303
42898,53343
42898,4798
42898,109033
42898,115536
42898,83649
42898,108787
42898,48178
42898,132427
42898,12800
42898,98334
42898,85186
42898,127046
42898,16650
42898,74566
42898,112089
42898,89453
42898,72926
42900,35509
42900,8734
42900,104830
42900,85047
42900,106836
42902,60144
42902,81542
42902,59324
42902,67964
42902,106335
42902,69184
42902,96206
42902,35679
42902,67477
42902,93974
42902,34151
42902,128090
42902,131352
42902,4503
42902,105779
42902,27632
42902,46501
42902,5322
42902,15390
42902,117582
42902,20274
42902,133689
42902,135437
42902,92799
42902,138452
42902,131242
42902,111838
42902,4080
42902,75205
42902,23190
42902,77074
42902,95095
42902,75408
42903,30101
42903,49745
42903,60128
42903,110470
42903,118320
42903,13513
42903,21195
42903,25191
42906,94438
42906,73954
42906,2431
42906,75829
42906,2695
42906,38273
42907,64342
42907,18458
42907,120402
42907,17223
42907,31087
42907,39830
42907,122439
42907,57217
42907,113446
42907,129103
42907,118454
42907,55826
42907,48260
42907,6352
42907,136558
42907,99028
42907,99400
42907,42527
42907,85472
42907,14175
42907,13784
42907,12204
42907,19668
42907,22884
42907,109227
42907,77216
42907,30823
42907,68380
42907,44277
42907,20652
42907,51346
42908,98171
42908,70197
42908,100734
42908,11793
42908,123680
42908,110397
42908,136180
42908,41958
42908,83377
42908,91524
42908,18650
42908,55004
42909,54048
42909,2859
42909,21090
42909,107579
42909,6375
42909,24757
42909,28392
42909,82713
42909,121775
42909,40226
42909,102785
42912,13121
42912,34051
42912,49545
42912,108970
42912,118789
42912,17489
42912,140667
42912,37386
42912,107144
42912,30767
42912,55836
42912,116048
42913,27841
42913,30301
42913,51780
42913,7991
42913,65084
42913,4910
42913,65440
42913,21099
42913,104540
42913,71307
42913,65021
42913,66726
42913,18185
42913,59482
42916,80259
42916,58277
42916,140816
42916,134269
42916,86522
42916,95222
42916,105104
42916,12808
42916,57119
42916,138004
42916,105387
42916,63171
42916,8685
42916,75860
42916,38710
42916,14817
42916,114420
42916,2787
42916,59672
42916,50472
42916,120267
42916,66893
42916,110328
42916,10188
42916,34824
42916,114129
42916,140570
42916,36863
42916,54920
42916,58613
42916,122999
42916,139944
42916,1011
42916,125476
42919,68711
42919,85905
42919,111674
42919,5008
42919,43052
42919,70263
42919,42030
42919,54072
42919,36321
42919,14056
42919,105905
42919,12273
42919,22695
42919,102191
42919,130224
42919,110244
42919,83189
42919,101579
42919,22565
42919,92075
42919,67652
42919,2078
42919,57914
42919,1769
42919,135061
42919,51271
42919,128581
42919,7536
42919,36006
42919,16009
42919,128358
42919,78091
42924,23537
42924,107152
42924,35951
42924,55622
42924,21744
42924,3249
42924,7522
42924,40554
42924,133670
42924,99217
42924,40861
42924,118440
42924,72708
42924,45930
42924,140147
42924,126556
42924,29904
42924,72888
42924,378
42924,125654
42924,62470
42924,3305
42924,137425
42924,76941
42924,38321
42924,41655
42924,84047
42924,46950
42924,134019
42924,47337
42924,118773
42924,53518
42925,77482
42925,4518
42925,116346
42925,47087
42925,106874
42925,3531
42925,2180
42925,128746
42925,77963
42931,88854
42931,64104
42931,80400
42931,83533
42931,18670
42931,41602
42931,29680
42931,109795
42931,92440
42931,110750
42931,69461
42931,60413
42931,105253
42931,26712
42931,137367
42931,85780
42931,69845
42931,48535
42931,125425
42931,51505
42931,2374
42931,62517
42931,82858
42931,38332
42931,54758
42931,49945
42931,72118
42931,50214
42931,83793
42931,138777
42931,60978
42931,69558
42931,109384
42932,125744
42932,134845
42932,139165
42932,8134
42932,103908
42932,101406
42932,67619
42932,100664
42932,99219
42932,89097
42932,131350
42932,81804
42932,30435
42932,13760
42932,82897
42932,114209
42932,80832
42932,17023
42932,106647
42932,24092
42932,39526
42932,134077
42932,14912
42932,98347
42932,118824
42932,46068
42932,97432
42932,129643
42932,36650
42932,91288
42932,62587
42932,7432
42934,15225
42934,20271
42934,125699
42934,129771
42934,31434
42934,119683
42934,23699
42934,13739
42934,70665
42934,99532
42934,11669
42934,59357
42934,105997
42934,124688
42934,100720
42935,94956
42935,136159
42935,80767
42935,17213
42935,107316
42935,24345
42935,140130
42935,20133
42935,18380
42936,48764
42936,47242
42936,123660
42936,96787
42936,68560
42936,69114
42937,13232
42937,53062
42937,85231
42937,50094
42937,41071
42937,78973
42937,90166
42937,109370
42937,32489
42937,48847
42937,91389
42937,86218
42937,128350
42937,50899
42937,85495
42937,44362
42937,8242
42937,53213
42937,87355
42937,73553
42937,39115
42937,93656
42937,91125
42937,91664
42937,92021
42937,15633
42937,73144
42937,101938
42937,1764
42937,34339
42937,1021
42938,57573
42938,111702
42938,60998
42938,26995
42938,39536
42938,76955
42938,120310
42938,94247
42938,113296
42938,24075
42938,137981
42938,7748
42938,34725
42938,55763
42938,62948
42938,137449
42938,136299
42938,20064
42938,126091
42938,84487
42938,27607
42938,83502
42938,116160
42938,15597
42938,105068
42938,116680
42938,100697
42938,104111
42938,109565
42938,46492
42939,106760
42939,131544
42939,79871
42939,99331
42939,86170
42939,61958
42939,39430
42939,75239
42939,61225
42939,137765
42939,98906
42939,95466
42939,103764
42939,30675
42939,32288
42939,54234
42939,72994
42939,15932
42939,115921
42939,56336
42939,62935
42939,123068
42939,123731
42939,73542
42939,4498
42939,37744
42939,76455
42939,15005
42939,2313
42940,49715
42940,71496
42940,22998
42940,8862
42940,54134
42940,24850
42940,17227
42940,71154
42940,47155
42940,5923
42940,9102
42940,1654
42940,88238
42940,38208
42940,51177
42940,42995
42940,49295
42940,139301
42940,76514
42940,1084
42940,96578
42940,133124
42940,110607
42940,19028
42940,116659
42940,8790
42940,59034
42940,4696
42940,84995
42940,82739
42943,30125
42943,56285
42943,133776
42943,62809
42943,57362
42943,70658
42943,84816
42943,21660
42943,116997
42943,23209
42943,7590
42943,66363
42943,67587
42943,124635
42943,53053
42943,131489
42943,47317
42943,57549
42943,122526
42943,26387
42943,128216
42943,136530
42943,57288
42943,34248
42943,89693
42943,124958
42943,32581
42943,71787
42943,48048
42943,5919
42943,136600
42943,106434
42943,62824
42944,13504
42944,135752
42944,96685
42944,86022
42944,14689
42944,129547
42944,133548
42944,74301
42944,102282
42944,57688
42944,10668
42944,98373
42944,119811
42944,47860
42944,61521
42944,63742
42944,109159
42944,69279
42944,87424
42944,71235
42944,29657
42944,136503
42944,136681
42944,16010
42944,28897
42944,85676
42944,81677
42944,95500
42944,83782
42944,30398
42944,89380
42944,52103
42944,42564
42946,107389
42946,12315
42946,57546
42946,80752
42946,138831
42946,123453
42946,83807
42946,82116
42946,37555
42946,111519
42946,127553
42946,39502
42946,93770
42946,6208
42946,51769
42946,13728
42946,72844
42946,123612
42946,33859
42946,117540
42946,35912
42946,103235
42946,139137
42946,42717
42946,6614
42946,29250
42946,67252
42946,57315
42946,54572
42946,10781
42946,98380
42946,54529
42946,121735
42948,89282
42948,117741
42948,69499
42948,100665
42948,88787
42948,121358
42948,127572
42948,14791
42948,9733
42948,130276
42948,63334
42948,28031
42948,48248
42948,18591
42948,63861
42948,42035
42948,84594
42948,77477
42948,140094
42948,88641
42948,26823
42948,113077
42948,77292
42948,113456
42948,125232
42948,86054
42948,105976
42949,46915
42949,127833
42949,3929
42949,75942
42949,95447
42949,113676
42949,14968
42949,8912
42949,18525
42949,79645
42949,112782
42949,59709
42949,39279
42949,87018
42949,119510
42949,71521
42949,9249
42949,102497
42949,111147
42949,99576
42949,81412
42949,15610
42949,53363
42949,88601
42949,39298
42949,74351
42949,32165
42949,20157
42949,34510
42949,63431
42949,125427
42954,124013
42954,109941
42954,107118
42954,136556
42954,135001
42954,62437
42954,72356
42954,21162
42954,11176
42954,83682
42954,3354
42954,43930
42954,15982
42954,2390
42954,129298
42954,112595
42954,116922
42954,121682
42954,18950
42954,124226
42954,82704
42954,54160
42954,125748
42954,21548
42954,1440
42954,56216
42954,1659
42954,88688
42954,31610
42954,136979
42955,121141
42955,118974
42955,22411
42955,132619
42955,111049
42959,86907
42959,24085
42959,59817
42959,26251
42959,43718
42959,30304
42959,60050
42959,32516
42959,56638
42959,101143
42959,41151
42959,68745
42959,120466
42959,67607
42959,8150
42959,53917
42959,52119
42959,37731
42959,122819
42959,118465
42959,106919
42959,57469
42959,24960
42959,137054
42959,109021
42959,18831
42959,70938
42959,90408
42960,135420
42960,57363
42960,69069
42960,64336
42960,49822
42960,70863
42960,112876
42960,82903
42960,539
42960,122129
42960,115880
42960,103417
42960,58783
42960,992
42960,35994
42960,78130
42960,101865
42960,119042
42960,19785
42960,57031
42960,31724
42960,34564
42960,96225
42960,87286
42960,120417
42960,70549
42960,137744
42960,38759
42960,110645
42960,20187
42960,19311
42960,130558
42960,131935
42960,50184
42961,135270
42961,93227
42961,68230
42961,72928
42961,14653
42961,127132
42961,96078
42961,2543
42961,54670
42961,55467
42961,8911
42961,134733
42961,29194
42961,2879
42961,63695
42961,19374
42961,125168
42961,41101
42961,136743
42961,28398
42961,111019
42961,74212
42961,15447
42961,73139
42961,63896
42961,45255
42961,86982
42961,44579
42961,87416
42961,49852
42961,12345
42961,114154
42961,44667
42961,31286
42961,17600
42962,124166
42962,68002
42962,53547
42962,125053
42962,66506
42962,419
42962,24021
42962,137514
42962,65100
42962,67569
42962,31359
42962,67376
42962,95369
42962,46505
42962,69489
42962,59081
42962,17105
42962,112568
42962,98106
42962,98457
42962,39748
42962,131344
42962,103353
42962,111831
42962,99430
42962,91687
42962,79068
42962,56064
42962,4256
42962,81465
42962,62168
42962,77465
42963,53547
42963,98106
42963,99430
42963,59081
42963,19743
42963,21688
42963,69489
42963,98938
42963,17105
42963,4256
42963,81465
42963,54818
42963,128836
42963,13668
42963,103353
42963,46505
42963,18635
42963,28818
42963,115213
42963,126732
42963,137042
42963,109650
42963,95369
42963,74298
42963,37093
42963,2990
42963,108433
42963,8289
42963,14041
42965,71916
42965,118846
42965,40605
42965,3268
42965,110441
42965,35629
42965,124210
42965,82645
42965,75806
42965,7232
42965,108323
42968,29604
42968,48153
42968,38571
42968,53341
42968,88218
42968,113349
42968,95307
42968,56880
42968,65606
42968,19435
42968,10404
42968,88096
42968,89073
42968,44147
42968,95166
42968,59526
42968,893
42968,41488
42968,68914
42968,107872
42968,64777
42968,27348
42968,97247
42968,81437
42968,30184
42968,74474
42968,114766
42968,85728
42968,59267
42968,116276
42968,16706
42968,21315
42968,111000
42968,122844
42968,55690
42969,118387
42969,68590
42969,66208
42969,98920
42969,11652
42969,35361
42969,55315
42969,138975
42969,46962
42969,86545
42969,121108
42969,26678
42969,59120
42969,42066
42969,87426
42969,62752
42969,107516
42969,91188
42969,140760
42969,43649
42969,133948
42969,97687
42969,18165
42969,70256
42969,117532
42969,139469
42969,63946
42969,110010
42969,23951
42969,74652
42969,81251
42971,55669
42971,6578
42971,118445
42971,90312
42971,82237
42971,20932
42971,55777
42971,61015
42971,109958
42971,88386
42971,59497
42971,19605
42971,29301
42971,28665
42971,136805
42971,51236
42971,4430
42971,116435
42971,128839
42971,17637
42971,56330
42971,131932
42971,35042
42971,1842
42971,89232
42971,26357
42971,6271
42971,100892
42971,75747
42971,100703
42971,102144
42971,117742
42971,62030
42973,96371
42973,91759
42973,73081
42973,65418
42973,112261
42973,60832
42973,119412
42973,116032
42973,21997
42973,101594
42973,126202
42973,138559
42973,51849
42973,39673
42973,116308
42973,129983
42973,43777
42973,12373
42973,40083
42973,126951
42973,120352
42973,29517
42973,22019
42973,105326
42973,96329
42973,65642
42973,120022
42973,121156
42973,76130
42973,56017
42973,136331
42973,11683
42973,77004
42973,99922
42976,74818
42976,1854
42976,135345
42976,99233
42976,13272
42976,7176
42976,207
42976,75692
42976,48354
42976,92842
42976,26955
42976,78687
42976,132812
42976,71614
42976,3130
42976,82801
42976,107062
42976,30502
42977,124166
42977,68002
42977,59081
42977,419
42977,85065
42977,53547
42977,31359
42977,125053
42977,79068
42977,80869
42977,66506
42977,67376
42977,65100
42977,89951
42977,81465
42977,21688
42977,131901
42977,84526
42977,91084
42977,1535
42977,136880
42977,136025
42977,98457
42977,103353
42977,56064
42977,126732
42977,4256
42977,69489
42977,115213
42977,98938
42977,46505
42977,67569
42978,106932
42978,66344
42978,128660
42978,75444
42978,102635
42978,114090
42978,127778
42978,69982
42978,138848
42978,139529
42978,65697
42985,98111
42985,123401
42985,70894
42985,6142
42985,16370
42985,39086
42985,57495
42985,86821
42985,97378
42985,5627
42985,136642
42985,122005
42985,72117
42985,53952
42989,136175
42989,138228
42989,54448
42989,56079
42989,70497
42989,62307
42989,95335
42989,118159
42989,83459
42989,117026
42989,106017
42989,102965
42989,62820
42991,100748
42991,130468
42991,15609
42991,22163
42991,137209
42991,38130
42991,3776
42991,13760
42991,36466
42991,8134
42991,139165
42991,114209
42991,63470
42991,46411
42991,13252
42991,80832
42991,67150
42991,63582
42991,18410
42991,90254
42991,111520
42991,32073
42991,90151
42991,6435
42991,54445
42991,2770
42991,7432
42991,53279
42991,76814
42991,80748
42991,45354
42991,4302
42992,122268
42992,111322
42992,47877
42992,89200
42992,3197
42992,117420
42992,106793
42992,107857
42992,90946
42992,81854
42992,1704
42992,13659
42992,34820
42992,60833
42992,48439
42992,43044
42992,100023
42992,104475
42992,114170
42992,124032
42992,35048
42992,29426
42992,122720
42992,75071
42992,74516
42992,18602
42992,122201
42992,98525
42992,114107
42992,83511
42992,85987
42992,9122
42993,96780
42993,67964
42993,93974
42993,69184
42993,78647
42993,20587
42993,8864
42993,79475
42993,46501
42993,131352
42993,23190
42993,59721
42993,5322
42993,25159
42993,105759
42993,49084
42993,15390
42993,4503
42993,20274
42993,133689
42993,24041
42993,135437
42993,131242
42993,138452
42993,67477
42993,77074
42993,113983
42993,75205
42993,4080
42993,55127
42993,95095
42993,75408
42994,93555
42994,111137
42994,79073
42994,79291
42994,55314
42994,27822
42994,93454
42994,36030
42994,73594
42994,99522
42994,88985
42994,89103
42994,131077
42994,20514
42994,28206
42994,41685
42994,19061
42994,59726
42994,32925
42994,83232
42994,86400
42994,128306
42994,46014
42994,22412
42994,98541
42994,11122
42994,109470
42994,110577
42994,75309
42994,111913
42994,63800
42994,10166
42997,42967
42997,14844
42997,85965
42997,19202
42997,86892
42997,105517
42997,130869
42997,132416
42997,121520
42997,94553
42997,125066
42997,33387
42997,130951
42997,78144
42997,70697
42997,1736
42997,41326
42997,12238
42997,36531
42997,9545
42997,76396
42997,68544
42997,90013
42997,94135
42997,3854
42997,71152
42997,75969
42997,133815
42997,130578
42997,135695
42997,72915
42997,83313
42997,60171
42997,54703
42999,139298
42999,65699
42999,106029
42999,124650
42999,131380
42999,117346
42999,23394
42999,37759
42999,63332
42999,71247
42999,75177
43000,43887
43000,6929
43000,41261
43000,69099
43000,21111
43000,66187
43000,99419
43000,28832
43000,55999
43000,73538
43000,61777
43000,33417
43000,122988
43000,20444
43000,53270
43000,124286
43000,61433
43000,109189
43000,38687
43000,103361
43000,63023
43000,98360
43000,25662
43000,106749
43000,118700
43000,129585
43000,58965
43000,50861
43000,90684
43000,84858
43000,54671
43000,12853
43000,115537
43001,28285
43001,87513
43001,121317
43001,21997
43001,105326
43001,91759
43001,132295
43001,95621
43001,71759
43001,31144
43001,77484
43001,128150
43001,84462
43001,56750
43001,50811
43001,132431
43001,8660
43001,139114
43001,129281
43001,59540
43001,33534
43001,77356
43001,120022
43001,116421
43001,81913
43001,126202
43001,4533
43001,67590
43001,40537
43001,122340
43001,69878
43001,22900
43001,50841
43005,87154
43005,106230
43005,48004
43005,3775
43005,121041
43005,79106
43005,59539
43005,38758
43005,33509
43005,90744
43005,82789
43005,140016
43005,112324
43005,67025
43005,96112
43005,40048
43005,25979
43005,45961
43005,129887
43005,7895
43005,84341
43005,126789
43005,59042
43005,123584
43005,14024
43005,101982
43005,86989
43005,29230
43005,55148
43005,78725
43005,9318
43005,31272
43005,38064
43005,72826
43007,37489
43007,65909
43007,77036
43007,33216
43007,85097
43007,93880
43007,62533
43007,113182
43007,101358
43007,96876
43007,76239
43007,132470
43007,60434
43007,42493
43007,50969
43007,17743
43008,85877
43008,130381
43008,98917
43008,37818
43008,19341
43008,21018
43008,38124
43008,77089
43008,26248
43008,34016
43008,78669
43008,133397
43008,95346
43008,24545
43008,127791
43008,75382
43008,127201
43008,43535
43008,6973
43008,12633
43008,3389
43008,59537
43008,117294
43008,69169
43008,59642
43008,120307
43008,109066
43008,43163
43008,15207
43008,54004
43008,28940
43009,18755
43009,37968
43009,66507
43009,73745
43009,36171
43009,74104
43009,104455
43009,82210
43009,57845
43009,54438
43009,32969
43009,116724
43009,84510
43009,48071
43009,59471
43009,71989
43009,72521
43009,6128
43009,47782
43009,16335
43009,15351
43009,116855
43009,126950
43009,123227
43009,127774
43009,1426
43009,112658
43009,71849
43009,4646
43009,29402
43009,139747
43013,95002
43013,67275
43013,66180
43013,1542
43013,127853
43013,138834
43013,86857
43013,28979
43013,89167
43013,30708
43013,9073
43013,49104
43013,61594
43013,27645
43013,130872
43013,22863
43013,35353
43013,74721
43013,75850
43018,43657
43018,48375
43018,102874
43018,95182
43018,62726
43018,31486
43018,25236
43018,20295
43018,1495
43018,10177
43018,79537
43018,38837
43018,37124
43018,22013
43018,77411
43018,59322
43018,62237
43018,89367
43018,110189
43018,90836
43018,90377
43018,68833
43018,39957
43018,25985
43018,32262
43018,83364
43018,85575
43018,97386
43018,64602
43018,37726
43022,124836
43022,47925
43022,121324
43022,135847
43022,81748
43022,110920
43022,66909
43022,57920
43022,117586
43022,60303
43022,45924
43022,90403
43023,134609
43023,116398
43023,51876
43023,61488
43023,3518
43023,28238
43023,38363
43023,134685
43023,6838
43023,94534
43023,80393
43023,68777
43023,68420
43023,49656
43023,134154
43023,110263
43023,126968
43023,133661
43023,125083
43023,71026
43023,66253
43023,57952
43023,138106
43023,16131
43023,22066
43023,35225
43024,1473
43024,94054
43024,101277
43024,107223
43024,89308
43024,81606
43024,23759
43024,139768
43024,126761
43024,69526
43024,117762
43024,68960
43024,23875
43024,16764
43024,112156
43024,123796
43024,81037
43024,64830
43024,38193
43024,93426
43024,12704
43024,9153
43024,51819
43024,10577
43024,126553
43024,93813
43024,110804
43024,108020
43024,73278
43024,61102
43024,99903
43025,59036
43025,108894
43025,63672
43025,80908
43025,78848
43025,56980
43025,96436
43025,39790
43025,9994
43025,13745
43025,28119
43025,127279
43025,39021
43025,15050
43025,58341
43025,72698
43025,116799
43025,88699
43025,79277
43025,135280
43025,73155
43025,61542
43025,103691
43025,78337
43025,97910
43025,22642
43025,78869
43025,38431
43025,113
43025,38317
43025,57214
43025,5620
43025,101689
43027,87639
43027,22962
43027,124536
43027,15708
43027,16200
43027,91323
43027,11505
43027,138662
43027,50739
43027,45192
43027,59220
43027,37106
43027,12451
43027,36245
43027,115693
43027,53248
43027,54825
43027,93257
43027,85640
43027,64899
43027,15583
43027,105509
43027,93369
43027,120116
43027,116395
43027,36919
43028,22756
43028,33805
43028,103369
43028,27669
43028,67150
43028,35397
43028,90151
43028,125655
43028,13252
43028,39137
43028,10250
43028,58176
43028,15184
43028,136220
43028,30630
43028,119302
43028,54403
43028,83293
43028,73738
43028,41497
43028,134607
43028,32491
43028,73078
43028,45354
43028,36466
43028,66444
43028,63511
43028,4302
43030,125035
43030,10220
43030,94585
43030,1975
43030,117143
43030,13449
43030,119273
43030,122772
43030,100842
43030,32671
43030,65242
43030,3532
43030,101953
43030,15868
43030,40885
43030,17313
43030,61914
43030,135222
43030,93302
43030,124430
43030,109630
43030,92824
43030,21616
43030,120388
43030,72335
43030,79005
43030,80776
43038,111899
43038,111383
43038,99720
43038,60679
43038,17806
43038,81460
43038,40087
43038,127575
43038,41470
43038,132329
43038,3706
43038,127277
43038,50036
43038,10571
43038,17894
43038,5949
43038,61580
43038,92066
43038,50030
43038,4433
43038,68185
43038,9420
43038,87621
43038,135382
43038,52653
43038,103225
43038,13905
43038,41578
43038,117710
43038,125967
43038,88811
43038,39436
43038,35472
43041,16766
43041,91197
43041,94262
43041,61049
43041,2742
43041,20028
43041,113555
43041,31473
43041,82187
43041,15131
43041,56307
43041,62462
43041,50025
43041,48305
43041,139462
43041,129300
43041,11550
43041,21456
43041,15055
43041,45037
43041,30736
43041,114840
43041,74413
43042,107285
43042,36510
43042,89440
43042,19449
43042,109508
43042,73554
43042,79104
43042,59291
43043,86506
43043,101144
43043,106807
43043,5872
43043,115059
43043,75837
43043,139021
43043,126458
43043,35407
43043,53278
43043,83404
43043,81316
43043,93008
43043,126511
43043,12222
43043,135657
43043,107439
43043,33352
43043,12196
43043,84533
43043,36187
43043,104469
43043,75475
43043,64158
43043,117493
43043,136203
43043,85150
43043,28829
43043,84528
43043,133389
43044,104802
43044,86160
43044,12846
43044,136513
43044,110871
43044,17446
43044,123004
43044,94557
43044,20858
43044,110374
43044,108083
43044,89795
43044,91641
43044,77728
43044,117859
43044,1533
43044,87106
43044,118750
43044,6440
43044,36606
43044,10157
43044,54619
43044,11476
43044,99379
43046,54650
43046,132616
43046,69863
43046,42432
43046,14172
43046,117352
43046,15651
43046,113505
43046,97396
43046,125245
43046,114006
43046,70483
43046,91435
43046,50240
43046,107418
43046,50206
43046,20995
43046,49802
43046,61170
43049,68498
43049,95098
43049,11147
43049,127369
43049,40666
43049,74428
43049,54048
43049,28392
43049,33839
43049,82713
43049,20999
43049,25629
43049,132512
43049,89501
43049,111979
43049,6375
43049,87457
43049,88693
43049,24740
43049,94950
43049,102610
43049,52803
43049,10636
43049,36940
43049,87744
43049,91079
43049,28800
43049,94023
43050,39425
43050,47419
43050,19152
43050,51207
43050,52434
43050,108828
43050,60334
43050,83622
43050,100627
43050,15130
43050,104808
43050,124563
43050,76031
43050,85252
43050,34410
43050,22495
43050,133244
43050,87086
43050,40678
43050,90910
43050,99887
43050,3687
43050,68186
43050,27263
43050,30171
43050,103095
43050,4837
43050,39316
43050,94031
43050,127003
43050,46053
43050,56199
43051,78423
43051,70101
43051,107464
43051,15680
43051,124028
43051,130214
43051,84156
43052,104595
43052,96853
43052,6267
43052,89234
43052,48844
43052,11769
43052,23453
43052,28771
43052,13204
43052,3930
43052,40778
43052,136910
43052,32199
43052,132758
43052,81694
43052,50258
43052,115088
43053,75704
43053,18016
43053,13996
43053,79225
43053,100852
43053,86760
43053,99323
43053,65557
43053,100913
43053,25121
43053,72909
43053,4940
43053,120960
43053,82482
43053,48758
43053,110177
43053,20299
43053,14009
43053,33528
43053,11244
43053,35767
43053,38183
43053,40937
43053,97118
43053,54922
43053,137773
43053,123666
43053,8624
43055,79163
43055,129736
43055,19094
43055,35564
43055,120825
43055,1839
43055,125533
43055,17052
43055,68072
43060,35348
43060,42859
43060,56621
43060,88367
43060,92791
43060,107789
43060,103990
43060,73556
43060,55964
43060,40840
43060,106443
43060,121433
43060,2835
43060,27923
43060,90557
43060,23289
43060,50217
43060,111730
43060,33046
43060,67875
43060,59531
43060,106452
43060,123456
43060,78434
43060,91483
43060,129446
43060,24615
43060,116550
43060,47826
43060,77479
43060,4033
43060,125231
43060,4157
43060,50841
43061,75209
43061,90192
43061,48996
43061,25517
43061,98108
43061,40871
43061,49117
43061,126954
43061,102487
43061,140761
43061,79783
43061,19524
43061,45859
43061,32941
43061,13370
43061,47888
43061,36904
43061,131292
43061,74999
43061,34109
43061,101261
43061,107806
43061,109732
43061,120551
43061,26122
43061,132291
43061,117904
43061,52736
43061,48974
43061,32103
43061,117566
43061,94165
43061,9606
43062,46505
43062,69489
43062,109650
43062,4256
43062,126732
43062,95369
43062,138603
43062,74298
43062,37093
43062,18635
43062,111831
43062,8289
43062,108433
43062,115213
43062,137042
43064,124342
43064,137997
43064,14082
43064,35223
43064,116942
43064,104517
43064,21018
43064,24545
43064,60846
43064,26248
43064,38419
43065,78807
43065,46072
43065,85201
43065,83629
43065,91410
43065,87214
43065,23926
43065,124788
43065,6365
43065,93113
43065,867
43065,8822
43065,103227
43065,108202
43065,24961
43065,123128
43065,61503
43065,65032
43065,76097
43065,18449
43065,136804
43065,91945
43065,128318
43065,99005
43065,91431
43065,695
43066,84960
43066,121775
43066,20737
43066,108610
43066,6375
43066,102610
43066,11640
43066,107280
43066,136598
43066,43625
43066,138378
43066,62649
43066,33353
43066,112408
43066,20999
43066,7540
43066,7056
43066,39505
43066,42574
43066,94032
43066,69423
43066,129759
43066,8550
43066,36202
43066,94465
43066,67173
43066,78034
43068,20430
43068,63105
43068,60144
43068,46501
43068,133689
43068,20587
43068,57170
43068,4503
43068,69184
43068,25159
43068,14480
43068,27632
43068,77074
43068,75205
43068,35679
43068,67964
43068,15390
43068,8864
43068,7541
43068,29927
43068,23190
43068,91975
43068,112502
43068,34151
43068,24041
43068,105779
43068,113983
43068,105759
43068,59721
43068,67477
43068,20274
43068,131352
43068,138452
43068,135437
43074,128064
43074,55071
43074,137772
43074,53330
43074,1074
43074,89903
43074,4214
43074,67448
43074,101148
43074,13917
43074,8427
43074,99229
43074,97204
43074,77821
43074,83845
43074,81260
43074,76854
43074,127548
43074,64463
43074,80226
43074,80514
43074,88573
43074,89520
43074,59076
43077,3934
43077,19546
43077,103239
43077,74829
43077,89635
43077,105845
43077,28821
43077,138467
43077,39389
43077,21421
43077,28951
43077,41759
43077,4416
43077,69844
43077,45694
43077,20291
43077,124816
43077,76582
43077,1936
43077,102518
43077,17025
43077,70368
43077,48168
43077,137621
43077,139936
43077,36305
43077,75855
43077,88603
43077,4977
43077,32963
43077,52853
43077,84769
43079,18651
43079,29643
43079,38910
43079,109576
43079,4571
43079,16687
43079,87618
43079,42855
43079,28731
43079,76856
43079,45966
43079,10214
43079,15267
43079,65799
43079,743
43079,90819
43079,92307
43079,78685
43079,53665
43079,74165
43079,97907
43079,38926
43079,17986
43079,39627
43079,89638
43079,72077
43079,94751
43079,17810
43079,66864
43081,60783
43081,79287
43081,53
43081,70133
43081,78967
43081,23702
43081,51692
43081,15236
43081,112204
43081,41314
43081,85550
43081,106074
43081,10916
43081,109173
43081,49803
43081,60802
43081,90364
43081,70492
43081,105042
43081,114119
43081,23618
43081,102841
43081,121052
43081,42332
43081,138140
43081,41500
43081,9155
43081,10385
43081,87859
43081,14116
43081,39733
43081,75997
43081,41735
43082,99484
43082,54937
43082,61934
43082,138112
43082,74045
43082,138176
43082,56050
43082,95031
43082,9624
43082,72090
43082,128871
43082,14142
43082,28181
43082,82231
43082,73666
43082,63894
43082,24194
43082,123675
43082,94729
43082,134992
43082,34263
43082,78599
43082,110165
43082,125393
43082,35235
43082,34281
43082,10797
43082,5543
43082,3180
43082,139162
43082,22393
43082,90385
43082,74221
43082,113206
43083,29418
43083,27136
43083,132970
43083,1345
43083,47639
43083,43073
43083,119382
43083,31099
43083,95620
43083,79817
43083,6723
43083,117044
43083,47279
43083,5885
43083,6816
43083,21388
43083,98283
43083,87674
43083,54694
43083,105765
43083,121430
43083,118912
43083,26602
43083,64120
43083,67839
43083,117986
43083,11478
43083,105503
43083,78535
43083,102849
43083,44253
43083,10531
43085,108094
43085,11297
43085,108191
43085,126046
43085,103727
43085,27617
43085,32834
43085,39503
43085,77348
43085,116063
43085,40286
43085,97704
43085,139993
43087,3213
43087,15994
43087,105408
43087,126657
43087,61529
43087,70606
43087,23268
43087,1230
43087,77935
43087,41278
43087,10746
43087,45080
43087,53494
43087,4875
43087,37346
43087,70078
43087,64762
43087,41712
43087,126462
43087,121267
43087,135499
43087,80475
43087,78838
43087,7880
43087,25416
43087,35264
43087,71376
43087,74754
43087,23212
43087,138600
43087,129968
43087,69261
43088,106102
43088,135058
43088,11248
43088,62901
43088,116456
43088,84578
43088,6693
43088,89590
43088,66073
43088,4553
43088,8066
43088,32753
43088,16346
43088,40349
43088,120311
43088,53142
43088,34045
43088,59999
43088,113715
43089,124293
43089,111558
43089,110428
43089,78447
43089,3256
43089,55569
43089,59052
43089,66006
43089,82787
43089,98584
43089,119670
43089,10521
43089,12190
43089,67309
43089,111396
43089,26429
43091,113242
43091,19748
43091,101680
43091,78353
43091,132776
43091,46500
43091,68854
43091,122756
43091,44844
43091,61402
43091,122459
43091,34569
43091,63334
43091,55244
43091,18768
43091,62346
43091,93867
43091,20852
43091,111176
43091,104919
43091,55915
43091,21591
43091,128170
43091,95527
43091,96098
43091,66446
43092,56466
43092,139192
43092,106609
43092,126688
43092,107233
43092,8257
43092,68887
43092,140279
43092,130628
43092,38616
43092,104053
43092,34415
43092,140318
43092,112465
43092,77491
43092,115185
43092,80982
43092,104220
43092,92963
43092,481
43092,83286
43092,82280
43092,14288
43092,101183
43092,35823
43092,103760
43092,95991
43092,93161
43092,140315
43092,129252
43092,97009
43092,7673
43094,36489
43094,127163
43094,111947
43094,110115
43094,137366
43094,132326
43094,68456
43095,124342
43095,137997
43095,116942
43095,104517
43095,37818
43095,24545
43095,77089
43095,21018
43095,114932
43095,131892
43095,60846
43095,14082
43095,70177
43095,90845
43095,49656
43095,134154
43095,35223
43095,90809
43095,68420
43095,40279
43095,46274
43095,94455
43095,59781
43095,78500
43095,38419
43095,60468
43095,29633
43095,125083
43095,117294
43095,122112
43095,77795
43095,59657
43097,3213
43097,105408
43097,90730
43097,28365
43097,2531
43097,23268
43097,80475
43097,7919
43097,71181
43097,61529
43097,34251
43097,41347
43097,89695
43097,20592
43097,25476
43097,130807
43097,63916
43097,126264
43097,41278
43097,68491
43097,124242
43097,32887
43097,115026
43097,98239
43097,62762
43097,99992
43097,126665
43097,70934
43097,34214
43097,70078
43097,10996
43097,48671
43101,137826
43101,39993
43101,75491
43101,83045
43101,130729
43101,65984
43101,85742
43101,17817
43101,85567
43101,46162
43101,11622
43101,89991
43101,89119
43101,129278
43101,118104
43101,109185
43101,97099
43101,127808
43101,81172
43101,116696
43101,58696
43101,71258
43101,139893
43101,56472
43101,56063
43101,64344
43101,49152
43101,27317
43101,83430
43101,11826
43101,37581
43102,22886
43102,90182
43102,29680
43102,98560
43102,80400
43102,4372
43102,137367
43102,83533
43102,85780
43102,18670
43102,64104
43102,76390
43102,60413
43102,24157
43102,48535
43102,106848
43102,41602
43102,62517
43102,54758
43102,33193
43102,125425
43102,38332
43102,2374
43102,70437
43102,26515
43102,109172
43102,125055
43102,52188
43102,72942
43102,29415
43102,113390
43102,20508
43104,44040
43104,100202
43104,81901
43104,94340
43104,47589
43104,102934
43104,109272
43104,109716
43104,82013
43104,90598
43104,89637
43104,134675
43104,121544
43104,40582
43104,29153
43104,72953
43104,139217
43104,3487
43104,69805
43104,112707
43104,129418
43104,134991
43104,90718
43104,28256
43104,139753
43104,48155
43105,13004
43105,55742
43105,120633
43105,6746
43105,102888
43105,78890
43105,70639
43105,91796
43105,127009
43105,129516
43105,123646
43105,56555
43105,119270
43105,33455
43105,54846
43105,133884
43105,21908
43105,770
43105,19527
43105,76479
43105,88384
43105,49813
43105,35993
43105,25980
43105,28007
43105,45494
43105,95489
43105,78507
43105,7413
43105,57149
43105,8392
43105,15213
43105,84817
43106,113573
43106,67470
43106,20667
43106,20928
43106,137670
43106,28410
43106,63455
43106,67015
43106,53999
43106,78209
43106,138037
43106,82676
43106,8146
43106,134537
43106,111045
43106,99882
43106,8579
43106,120488
43106,66432
43106,82059
43106,49533
43106,104148
43106,94306
43106,44672
43106,39149
43106,51556
43106,3540
43106,5327
43106,34047
43106,4436
43106,133007
43109,112900
43109,9288
43109,20379
43109,23881
43109,67402
43109,108448
43109,4141
43109,94655
43109,79811
43109,62083
43109,17926
43109,88067
43109,140138
43109,85251
43109,82928
43109,54406
43109,86992
43109,140078
43109,97851
43109,103757
43109,95553
43109,67435
43109,102333
43109,95643
43109,117037
43109,109916
43109,118086
43109,91694
43109,140163
43109,108794
43109,42912
43109,53972
43111,21517
43111,49509
43111,74647
43111,50123
43111,17256
43111,116322
43111,109791
43111,5552
43111,39291
43111,59198
43111,2752
43111,46540
43111,52205
43111,44566
43111,97445
43111,73049
43111,84480
43111,112527
43111,84691
43111,15652
43111,59512
43111,458
43111,87506
43111,83244
43111,48500
43111,20494
43111,42916
43111,1712
43111,41873
43111,66224
43111,119971
43111,133913
43112,54302
43112,44702
43112,108266
43112,91090
43112,83792
43112,81088
43112,83873
43112,10033
43112,81872
43112,130708
43112,133984
43114,120981
43114,84405
43114,31189
43114,102550
43114,34559
43114,74473
43114,18544
43114,132707
43114,29021
43114,46531
43114,48536
43114,52447
43114,116396
43114,102034
43114,140414
43114,116187
43114,45155
43114,71803
43114,88100
43114,18228
43114,49999
43114,88298
43114,131757
43114,99808
43114,1232
43114,102834
43114,139025
43116,114807
43116,48678
43116,15976
43116,113892
43116,128946
43116,122455
43116,25570
43116,73356
43116,54947
43116,135446
43116,86205
43116,21318
43116,36263
43116,6742
43116,75748
43116,100523
43116,31419
43116,128708
43116,12822
43116,130893
43116,73268
43116,22632
43116,39789
43116,45658
43116,136428
43116,140645
43116,102445
43116,95788
43116,17413
43116,22001
43116,69487
43117,4472
43117,100122
43117,110738
43117,71220
43117,57790
43117,111780
43117,42609
43117,27911
43117,91919
43117,78624
43117,47786
43117,102054
43117,138450
43117,16649
43117,64249
43117,44419
43117,131357
43117,32700
43117,135537
43117,129228
43117,78497
43117,113069
43117,108564
43119,96806
43119,140238
43119,78462
43119,101447
43119,22711
43119,139793
43119,78431
43119,13547
43119,100203
43119,86838
43124,54794
43124,104594
43124,58322
43124,129266
43124,27981
43124,30520
43124,104741
43124,88962
43124,114136
43124,74390
43124,56037
43124,11328
43124,87670
43124,9125
43124,16247
43124,79893
43124,96286
43124,36550
43124,66467
43124,99981
43125,510
43125,47481
43125,91464
43125,61268
43125,97529
43125,77308
43125,69088
43125,138116
43125,51713
43125,70962
43125,128627
43125,104434
43125,101999
43126,72888
43126,99217
43126,3249
43126,120269
43126,107152
43126,378
43126,133670
43126,62470
43126,39697
43126,112674
43126,116431
43126,75255
43126,82186
43126,23537
43126,71386
43126,115450
43126,104013
43126,137425
43126,38321
43126,118867
43126,134418
43126,39735
43126,12192
43126,127336
43126,86221
43126,40169
43126,41401
43126,20011
43126,136891
43126,55622
43126,21645
43128,25159
43128,8864
43128,113983
43128,79398
43128,37790
43128,120238
43128,138325
43128,45693
43128,41337
43128,112502
43128,121696
43128,99025
43128,111838
43128,4080
43128,63188
43128,72873
43128,75408
43128,36718
43129,5355
43129,66146
43129,99726
43129,17493
43129,56911
43129,110269
43129,70834
43129,8983
43129,19438
43129,131744
43129,71488
43129,41423
43129,120026
43129,59097
43129,48363
43129,73816
43129,140450
43129,53857
43129,140027
43129,27357
43129,100206
43129,118207
43129,122663
43129,67810
43129,43266
43129,74557
43129,139866
43129,83388
43129,524
43129,53424
43129,37813
43130,6591
43130,92430
43130,1690
43130,65750
43130,131984
43130,91040
43130,53730
43130,61201
43131,33138
43131,3271
43131,79044
43131,64610
43131,75631
43131,73141
43131,59263
43131,41867
43131,81798
43131,139776
43131,48937
43131,43183
43131,7670
43131,35956
43131,69680
43131,84767
43131,74804
43131,84141
43131,132055
43131,110600
43131,126864
43131,27421
43131,41552
43131,49536
43131,54080
43131,58859
43131,100255
43131,1811
43131,119251
43131,11690
43131,120624
43131,2933
43132,18954
43132,53907
43132,17078
43132,32912
43132,57847
43132,64704
43132,31084
43132,130618
43132,11492
43132,105334
43132,21533
43132,39109
43132,46223
43132,23327
43132,58835
43132,20084
43132,44587
43132,103431
43132,16534
43132,5016
43132,125033
43132,123628
43132,81135
43132,8480
43132,102885
43132,71019
43132,13901
43132,72561
43132,71391
43132,93074
43132,101313
43132,49547
43132,102666
43135,119784
43135,33802
43135,103922
43135,55728
43135,135439
43135,72121
43135,61720
43135,39019
43135,46526
43135,30931
43135,113576
43135,16715
43135,28805
43135,9752
43135,9469
43135,61840
43135,33968
43135,72135
43135,136581
43136,108968
43136,94209
43136,48186
43136,57441
43136,64165
43136,6160
43136,14938
43136,110531
43136,64935
43136,67105
43136,12146
43136,96123
43136,41273
43136,33244
43136,30990
43136,139336
43136,104086
43136,66271
43136,54515
43136,138643
43136,74352
43136,6585
43136,124709
43136,30840
43136,663
43136,94781
43136,32982
43136,135030
43136,54626
43136,86832
43136,113957
43136,89522
43139,139698
43139,71037
43139,121637
43139,92294
43139,73530
43139,39410
43139,107835
43139,62178
43139,112262
43139,18202
43139,65786
43139,75817
43139,41383
43139,76739
43139,69219
43139,116353
43139,31894
43139,93129
43140,65723
43140,44143
43140,53845
43140,112324
43140,27690
43140,131955
43140,103402
43140,73555
43140,113327
43140,25960
43140,34695
43140,39302
43140,8312
43140,115077
43140,9318
43140,137852
43140,16738
43140,101592
43140,122248
43140,99214
43140,121611
43140,20317
43140,24593
43140,41441
43140,54176
43140,81109
43140,26681
43140,64598
43140,12154
43140,73788
43140,13800
43140,77522
43140,40960
43140,56200
43141,66381
43141,88464
43141,128473
43141,58480
43141,113155
43141,5647
43141,134268
43141,68343
43141,106457
43141,30580
43141,123929
43141,10368
43141,120031
43141,62813
43141,126794
43141,131119
43141,138351
43141,135707
43141,112796
43141,124708
43141,125345
43141,95170
43141,129260
43141,16127
43141,10151
43141,59934
43141,68896
43141,106150
43141,90990
43141,10233
43142,135737
43142,73473
43142,106828
43142,28846
43142,38709
43142,17210
43142,109743
43142,70452
43142,4596
43142,18794
43142,90640
43142,98463
43142,4158
43142,117552
43143,95352
43143,139121
43143,103081
43143,116275
43143,82421
43143,136048
43143,123280
43143,21480
43143,135932
43143,73692
43143,55307
43143,43804
43143,37586
43143,55947
43143,18459
43143,43814
43143,35198
43143,21843
43143,54388
43143,134993
43144,3934
43144,19546
43144,103239
43144,4416
43144,89635
43144,105845
43144,28821
43144,138467
43144,39389
43144,28951
43144,69844
43144,20386
43144,20291
43144,124816
43144,45694
43144,84786
43144,76582
43144,102518
43144,137621
43144,48168
43144,139936
43144,75855
43144,124477
43144,36305
43144,41759
43144,4977
43144,88603
43144,32963
43144,70505
43144,52853
43144,84769
43144,78183
43145,30038
43145,46656
43145,113231
43145,46669
43145,111577
43145,72896
43145,13956
43145,86881
43145,83593
43145,128803
43145,9211
43145,56241
43145,63772
43145,113530
43145,130223
43145,96693
43145,114214
43145,72895
43145,134738
43145,59589
43145,74167
43145,110150
43145,39870
43145,62961
43145,46263
43145,94552
43147,73831
43147,116199
43147,114897
43147,4399
43147,61664
43147,26648
43147,139682
43147,20520
43147,7983
43147,124331
43147,45521
43147,107912
43147,115936
43147,23613
43147,107763
43147,40039
43147,20210
43147,116615
43147,97901
43147,130408
43147,56110
43147,107670
43147,127850
43147,80867
43147,12342
43147,97976
43147,116303
43147,57633
43147,57870
43147,14190
43147,136607
43147,48105
43150,126657
43150,41278
43150,90730
43150,15994
43150,4875
43150,86639
43150,74754
43150,71376
43150,77935
43150,138600
43150,125311
43150,25476
43150,41712
43150,62160
43150,79740
43150,7051
43150,6439
43150,73173
43150,53494
43150,35817
43150,139366
43150,17633
43150,24685
43150,44923
43150,126719
43150,38725
43150,23212
43150,38750
43150,78838
43150,10746
43150,69261
43150,106262
43152,98938
43152,419
43152,90829
43152,69489
43152,19743
43152,137514
43152,105701
43152,81465
43152,89951
43152,31359
43152,68002
43152,119197
43152,113610
43152,121156
43152,84526
43152,103353
43152,56064
43152,65100
43152,108433
43152,62168
43152,91687
43152,111508
43152,115213
43152,77465
43152,37093
43152,111435
43152,39748
43152,116455
43152,80251
43152,125053
43152,74298
43152,80869
43153,56298
43153,46333
43153,1934
43153,17331
43153,6456
43153,127808
43153,85728
43154,13444
43154,17134
43154,82451
43154,43653
43154,103693
43154,113431
43154,133826
43154,76976
43154,13407
43154,91449
43154,59032
43154,109762
43154,133504
43154,66155
43154,95900
43154,98414
43154,65143
43154,107986
43154,92081
43154,53746
43154,104120
43154,27704
43154,67239
43154,118816
43154,95322
43154,5763
43154,48115
43154,113323
43154,132832
43154,60350
43154,76347
43154,137606
43154,77993
43157,33866
43157,105039
43157,97762
43157,78671
43157,13069
43157,45024
43157,47333
43157,56639
43157,9386
43157,39295
43157,90144
43159,28839
43159,91816
43159,46337
43159,18751
43159,101102
43159,71622
43159,5425
43159,21227
43159,121018
43159,3327
43159,12569
43159,79824
43159,55167
43159,101069
43159,32484
43159,92065
43159,70501
43159,34630
43159,15221
43159,129546
43159,130172
43159,67925
43159,50519
43159,54664
43159,99640
43159,5022
43159,39713
43159,25567
43159,48509
43159,28270
43160,61190
43160,54519
43160,77671
43160,81737
43160,103210
43160,103944
43160,100619
43160,48348
43160,44054
43160,133373
43160,81894
43160,93835
43160,16929
43160,113478
43160,2178
43160,79992
43160,103459
43160,59800
43160,23157
43160,18572
43160,139804
43160,23130
43160,79886
43160,68519
43160,100435
43161,131314
43161,139053
43161,63837
43161,111453
43161,34683
43161,139557
43161,81703
43161,104133
43161,13377
43161,13234
43161,23095
43161,112195
43161,6532
43161,72726
43161,67570
43161,78919
43161,29559
43161,60591
43161,43870
43161,97147
43161,132162
43161,109545
43161,135096
43161,86622
43161,28038
43161,99735
43161,99475
43161,61463
43161,76689
43161,33004
43161,91381
43161,62432
43161,81375
43161,113138
43162,83338
43162,64148
43162,113420
43162,34950
43162,88807
43162,137863
43162,120146
43162,96490
43162,137342
43162,65331
43162,17349
43162,2563
43162,100454
43162,71069
43162,75666
43162,10944
43162,97757
43162,125583
43162,100786
43162,21402
43162,73335
43162,22485
43162,111268
43162,84920
43162,135958
43162,78484
43162,74048
43162,98840
43162,137989
43162,137950
43162,71308
43162,60010
43162,76735
43163,8271
43163,43365
43163,70365
43163,118508
43163,109460
43163,76634
43163,54044
43163,93298
43163,93497
43163,92220
43163,122865
43163,43977
43163,41613
43163,50242
43163,129209
43163,99187
43163,39252
43163,81377
43163,43040
43163,138212
43163,117958
43164,62331
43164,106205
43164,104704
43164,112549
43164,32517
43164,83393
43164,132465
43164,58087
43164,119788
43164,58147
43164,34989
43164,131383
43164,590
43164,86372
43164,71789
43164,138336
43164,76904
43164,15713
43164,24520
43164,97545
43167,98216
43167,129843
43167,96081
43167,106263
43167,40804
43167,124763
43167,130336
43167,135040
43167,35646
43167,106653
43167,61512
43167,91169
43167,39277
43167,71784
43167,136803
43167,128955
43168,71119
43168,104042
43168,45984
43168,18562
43168,101346
43168,124796
43168,139543
43168,135708
43168,65626
43168,49148
43168,132615
43168,36769
43168,3951
43168,134524
43168,111163
43168,133761
43168,43269
43168,1480
43168,97941
43168,133200
43168,13367
43168,48046
43168,136041
43168,111077
43168,126039
43168,63641
43168,118409
43168,135020
43168,47111
43168,14845
43168,108617
43171,39341
43171,110813
43171,52838
43171,66663
43171,85742
43171,103600
43171,117667
43171,9253
43171,117177
43171,103937
43171,55688
43171,35245
43171,97099
43171,39993
43171,130729
43171,23697
43171,22824
43171,83045
43171,48090
43171,17817
43171,85567
43171,139893
43171,11826
43171,83430
43171,89119
43171,57724
43171,49152
43171,46162
43171,32625
43171,121071
43171,4610
43171,134162
43171,72684
43171,37581
43172,90069
43172,117325
43172,68261
43172,36728
43172,125997
43172,92336
43172,108158
43172,94800
43172,12142
43172,30596
43172,53137
43172,75099
43172,3094
43172,120474
43172,83064
43172,110792
43172,47661
43172,54556
43172,127660
43173,65080
43173,122752
43173,29079
43173,38130
43173,2770
43173,21339
43173,47454
43173,111823
43173,96619
43173,54474
43173,76814
43173,58599
43173,100511
43173,117624
43173,54969
43175,124696
43175,130913
43175,13292
43175,56283
43175,132891
43175,72259
43175,138398
43175,27306
43175,57966
43175,58235
43175,54826
43175,123217
43175,13926
43175,103363
43175,35473
43176,77109
43176,68689
43176,27711
43176,9522
43176,11414
43176,42875
43176,111356
43176,38846
43176,43966
43176,34348
43176,121586
43176,63682
43176,125447
43176,36710
43176,63945
43176,52882
43176,121287
43176,121665
43176,57313
43176,131079
43176,44879
43176,18569
43176,85576
43176,104149
43176,108513
43176,15884
43176,35043
43177,72501
43177,113430
43177,63162
43177,7268
43177,16716
43177,68893
43177,13939
43177,57303
43177,77117
43177,127932
43177,7308
43179,69461
43179,103346
43179,69845
43179,51505
43179,132244
43179,66425
43179,68888
43180,73554
43180,109508
43180,19449
43180,36510
43180,104615
43181,44493
43181,86107
43181,66464
43181,6559
43181,9138
43181,139718
43181,41225
43181,96753
43181,21219
43181,65987
43181,11976
43181,31820
43181,25827
43181,124751
43181,89603
43181,78032
43181,58568
43181,46045
43181,124845
43181,99161
43181,33138
43181,58845
43181,127898
43181,131346
43181,24560
43181,8903
43181,122935
43181,73141
43181,118240
43181,25069
43181,39486
43181,128621
43181,11341
43183,82430
43183,100827
43183,37697
43183,3591
43183,2853
43183,92809
43183,95966
43183,53767
43183,46260
43183,60429
43183,11579
43183,111384
43183,40718
43183,119437
43183,55929
43183,100508
43183,53896
43183,132923
43183,6558
43183,29964
43183,72171
43183,109192
43183,58982
43183,56595
43183,132701
43183,112098
43183,71830
43183,71964
43183,11397
43183,90448
43183,89762
43183,81226
43183,43261
43183,4244
43183,29897
43185,82829
43185,83978
43185,56410
43185,139763
43185,67840
43185,63691
43185,58878
43185,137630
43185,84947
43185,98138
43185,114331
43185,113665
43185,85363
43185,49579
43185,93626
43185,76035
43185,95336
43185,134551
43185,138230
43185,7855
43185,62412
43185,132751
43185,119019
43185,119333
43185,103568
43185,118378
43186,61376
43186,129563
43186,76543
43186,103094
43186,22302
43186,27474
43186,123402
43186,88751
43186,122256
43186,22427
43186,12236
43186,23687
43186,86957
43186,113891
43186,88301
43186,38032
43186,133698
43186,58273
43186,15636
43186,48860
43186,126512
43186,130
43186,139909
43186,131253
43186,49274
43186,114039
43186,115930
43186,61526
43186,94721
43186,48970
43186,115489
43186,126784
43189,126657
43189,25476
43189,42609
43189,62762
43189,32887
43189,36427
43189,23268
43189,118314
43189,105408
43189,126264
43189,20592
43189,86639
43189,126719
43189,7919
43189,53494
43189,21155
43189,122621
43189,125311
43189,44923
43189,25070
43189,138550
43189,35817
43189,126665
43189,78624
43189,32060
43189,1497
43189,41712
43189,70934
43189,14536
43189,110940
43189,556
43189,24559
43189,7880
43190,86311
43190,91873
43190,13831
43190,64193
43190,80321
43190,34604
43190,124810
43190,120940
43190,111114
43190,130154
43190,16344
43190,104860
43190,30325
43190,64190
43190,49890
43190,30995
43190,46060
43190,17453
43190,56696
43190,125609
43190,48117
43190,6648
43190,50047
43190,64529
43190,63478
43190,29163
43190,139086
43190,71560
43190,7972
43190,105613
43190,99435
43192,105030
43192,113026
43192,7897
43192,74571
43192,112854
43192,19324
43192,58008
43192,44208
43192,57132
43192,64935
43192,104086
43192,81156
43192,123720
43192,16450
43192,49381
43192,40129
43192,119426
43192,124197
43192,13759
43192,11915
43192,81975
43192,10424
43192,115161
43192,19570
43192,76737
43192,35222
43192,7507
43192,107992
43194,120251
43194,56727
43194,70420
43194,88359
43194,119955
43194,38695
43194,104703
43194,44756
43194,138102
43194,47994
43194,105626
43194,52158
43194,131830
43194,12703
43194,58053
43194,68886
43194,66530
43194,107501
43194,131486
43194,109794
43194,103704
43194,110494
43194,122562
43194,106376
43194,108171
43194,41836
43194,22687
43194,132836
43194,127752
43194,6423
43194,10455
43194,78704
43196,121762
43196,17602
43196,38330
43196,139541
43196,25867
43196,64456
43196,138792
43196,121090
43196,122366
43196,31396
43196,45617
43196,7394
43196,34024
43196,119172
43196,132114
43196,106954
43196,94630
43196,48431
43196,44116
43196,29818
43196,34175
43196,71434
43196,3877
43196,29380
43196,30538
43196,116998
43196,22095
43196,61557
43196,60680
43196,20331
43196,128603
43196,40427
43196,20325
43199,138972
43199,122259
43199,39679
43199,9279
43199,23662
43199,134037
43199,49317
43199,87275
43199,26303
43199,100342
43199,84060
43199,70439
43199,78673
43199,75084
43199,123723
43199,38164
43199,44471
43199,113578
43199,128037
43201,7202
43201,9373
43201,37655
43201,92942
43201,3601
43201,33033
43201,130277
43201,118139
43201,34094
43201,69040
43201,124230
43201,38451
43201,3948
43201,74206
43201,68226
43201,40835
43201,69895
43201,127463
43201,93075
43201,77212
43201,134545
43201,132074
43201,78681
43201,107410
43201,44931
43201,58762
43201,77287
43201,133602
43201,32935
43202,140304
43202,2899
43202,48512
43202,21150
43202,21805
43202,47543
43202,74482
43202,25746
43202,11838
43202,51555
43202,51653
43202,58015
43202,128677
43202,12455
43202,100473
43202,5988
43202,82051
43202,31381
43202,88307
43202,125859
43202,34278
43202,132838
43202,131402
43202,35504
43202,112519
43202,73951
43202,131324
43202,18566
43202,90665
43202,109535
43202,89771
43202,134613
43203,28286
43203,74270
43203,86162
43203,16759
43203,83003
43203,37139
43203,98712
43203,28666
43203,139267
43203,19001
43203,27674
43203,89071
43203,16992
43203,11443
43203,42336
43203,67219
43203,102567
43203,104872
43203,21849
43203,132160
43203,73572
43203,107457
43205,15981
43205,16737
43205,129638
43205,128797
43205,132345
43205,130457
43205,132257
43205,7057
43205,28355
43205,43062
43205,35518
43205,46365
43205,127894
43205,35939
43205,8929
43205,2725
43207,95011
43207,69049
43207,12043
43207,75852
43207,139428
43207,74867
43207,22786
43207,22083
43207,6600
43207,24861
43207,106691
43207,7548
43207,31183
43207,25816
43207,129152
43207,79635
43207,111975
43207,128956
43207,90826
43207,59620
43207,67760
43207,21379
43207,107293
43207,25986
43207,80877
43207,124994
43207,46201
43207,79159
43207,9064
43207,29836
43207,99585
43207,118029
43207,111638
43207,37948
43208,46688
43208,119694
43208,2979
43208,107310
43208,20362
43208,97768
43208,118937
43208,80290
43208,89118
43208,14925
43208,54663
43208,118975
43208,88676
43208,44062
43208,135954
43208,130415
43208,136665
43208,95156
43208,74741
43208,20947
43208,13526
43208,12307
43208,11519
43208,6573
43208,140659
43208,97537
43208,22082
43208,4309
43208,91225
43208,45648
43208,11821
43208,135286
43208,73671
43210,74916
43210,100650
43210,113659
43210,128806
43210,108177
43210,97481
43210,43035
43210,135478
43210,69990
43210,49315
43210,122168
43210,25591
43210,35263
43210,127237
43210,4619
43210,72913
43210,61844
43210,19745
43210,68647
43210,54829
43210,124559
43210,125514
43210,32688
43210,78075
43210,7783
43210,134425
43210,130601
43210,139245
43210,110678
43211,75837
43211,67900
43211,2672
43211,86509
43211,84533
43211,135657
43211,8425
43211,134263
43211,133117
43211,107333
43211,93008
43211,92070
43211,18970
43211,85150
43211,117493
43211,65
43211,64158
43211,57108
43211,18043
43211,19203
43211,17626
43211,60774
43211,65040
43211,12196
43211,33352
43211,3310
43211,107439
43211,126458
43211,129852
43211,50795
43211,114366
43211,19074
43211,133389
43211,136203
43214,41014
43214,31761
43214,36022
43214,73907
43214,53575
43214,79192
43214,30016
43214,913
43214,108924
43214,117125
43214,120282
43214,119888
43214,34254
43214,84364
43214,126804
43214,139292
43214,98509
43214,38086
43214,68155
43214,11393
43214,116296
43214,69988
43214,87251
43214,57023
43214,7091
43214,102996
43214,91647
43214,136858
43214,103996
43214,29394
43214,110795
43214,12058
43214,56005
43215,99994
43215,20019
43215,9286
43215,11667
43215,46621
43215,100765
43215,83598
43215,92643
43215,122500
43215,82088
43215,4482
43215,119223
43215,96105
43215,87095
43215,35910
43215,100526
43215,25246
43215,62641
43215,59360
43216,119130
43216,54246
43216,13204
43216,128518
43216,5674
43216,45733
43216,37911
43216,38797
43216,98242
43216,73243
43216,93220
43216,132072
43216,121500
43216,21806
43216,77199
43216,138478
43216,10831
43216,40911
43216,4366
43216,121161
43216,24977
43216,106285
43216,5653
43216,52009
43216,62441
43216,107120
43216,115088
43216,8513
43216,132535
43217,115319
43217,59320
43217,48280
43217,64953
43217,13109
43217,98784
43217,108068
43217,31977
43217,81388
43217,25965
43217,95757
43217,11243
43217,61220
43217,133102
43217,22967
43217,74437
43217,8547
43217,91116
43217,36891
43217,50725
43217,72700
43217,3054
43217,61744
43217,52829
43217,62212
43217,93727
43217,11522
43217,65917
43217,52391
43217,87899
43217,52109
43217,79614
43217,116049
43217,58395
43217,37677
43218,29286
43218,50890
43218,136159
43218,20133
43218,139502
43218,7360
43219,12620
43219,56875
43219,96791
43219,86777
43219,137387
43219,104729
43219,12511
43219,23058
43219,101519
43219,132597
43219,90599
43219,46696
43219,60696
43219,24438
43219,124554
43219,140536
43219,45363
43219,97210
43219,14628
43219,52818
43219,120667
43219,122489
43219,64516
43219,68821
43219,55600
43219,36571
43219,3822
43220,23268
43220,15994
43220,71376
43220,126657
43220,70606
43220,41278
43220,1230
43220,70839
43220,45080
43220,139197
43220,37346
43220,64762
43220,35264
43220,23212
43220,74754
43220,131295
43220,77935
43220,70078
43220,61529
43220,38725
43220,25416
43220,105307
43220,138600
43220,23078
43220,129968
43220,556
43220,78838
43220,7527
43220,139366
43220,125311
43220,114304
43220,69261
43222,122713
43222,52732
43222,74558
43222,14535
43222,46221
43222,15037
43222,109624
43224,10242
43224,73246
43224,924
43224,12197
43224,52139
43224,140551
43224,49099
43224,90386
43224,71576
43224,23328
43224,72580
43224,99749
43224,15911
43224,124255
43224,105989
43224,108637
43224,84060
43224,128632
43224,10132
43224,132034
43224,78707
43224,83729
43224,21119
43224,102045
43224,102209
43224,52680
43224,113416
43224,72144
43224,84154
43224,74926
43224,68567
43224,76969
43226,5624
43226,60980
43226,99311
43226,118376
43226,93419
43226,62504
43226,95697
43226,48433
43226,67459
43226,51568
43226,3574
43226,107712
43226,76912
43226,72566
43226,129995
43226,74262
43226,100541
43226,134956
43226,64687
43226,106046
43227,91975
43227,133943
43227,138452
43227,109610
43227,101252
43227,35679
43227,5322
43227,67477
43227,4503
43227,133235
43227,79398
43227,70463
43227,41337
43227,59721
43227,63188
43227,55127
43227,113983
43227,119527
43227,24041
43228,50988
43228,31002
43228,40929
43228,52479
43228,8560
43228,126937
43228,42073
43228,120134
43228,53235
43228,128688
43228,94133
43228,15415
43228,111108
43228,74799
43228,53276
43228,56013
43228,58759
43228,117333
43228,65482
43228,29900
43228,30139
43228,79882
43228,132981
43228,27665
43228,19167
43228,3026
43228,116094
43228,42209
43228,1251
43228,74410
43228,5827
43228,128569
43230,133509
43230,8917
43230,127094
43230,55865
43230,109868
43230,85555
43230,48233
43230,8508
43230,96974
43230,37790
43230,138722
43230,7898
43230,30487
43230,123096
43230,139000
43230,86188
43230,14960
43230,53904
43230,59962
43230,30986
43230,13934
43230,94261
43230,55059
43230,15608
43230,46320
43230,120238
43230,48898
43230,117430
43230,134671
43230,11885
43230,72873
43232,20891
43232,11231
43232,26120
43232,106946
43232,24518
43232,21002
43232,118799
43232,4894
43232,53958
43232,126459
43232,61174
43232,49347
43232,39895
43232,35344
43232,48542
43232,106407
43232,133957
43232,36005
43232,97748
43232,28187
43232,47871
43232,71433
43232,129342
43232,115533
43232,129210
43232,121068
43232,127318
43232,24921
43232,129785
43233,43735
43233,84316
43233,22529
43233,39442
43233,111478
43233,3335
43233,86398
43233,98577
43233,95076
43233,21243
43233,134555
43233,48520
43233,75484
43233,19740
43233,72769
43233,58684
43233,8834
43233,112417
43233,105928
43233,81571
43233,59422
43233,125420
43233,44111
43233,55248
43233,122339
43233,135711
43233,136767
43233,63809
43233,52148
43233,103664
43233,40894
43233,3728
43233,99380
43233,115660
43236,56776
43236,27969
43236,14840
43236,126818
43236,76929
43236,30880
43236,125066
43236,105123
43236,9545
43236,78649
43236,132416
43236,43028
43236,1736
43236,130869
43236,82865
43236,130594
43236,10642
43236,77254
43236,90058
43236,110243
43236,103421
43236,134549
43236,77959
43236,48645
43236,18526
43236,3854
43236,59024
43236,67110
43236,49682
43236,24656
43236,14643
43236,86654
43236,106539
43236,234
43238,115310
43238,89476
43238,89341
43238,30618
43238,22578
43238,60223
43238,62326
43238,71922
43238,21808
43238,55791
43238,78993
43238,82604
43238,63812
43238,106236
43238,5286
43238,58217
43238,33097
43238,10763
43238,121350
43238,137751
43238,52209
43238,121675
43238,66606
43238,101162
43238,34020
43238,121101
43238,134883
43238,129939
43241,43709
43241,89820
43241,35378
43241,9268
43241,64362
43241,77322
43241,100944
43241,121348
43241,124624
43241,8325
43241,40391
43242,77914
43242,137997
43242,124342
43242,21018
43242,116942
43242,37818
43242,104517
43242,70177
43242,90845
43242,77089
43242,38419
43242,114932
43242,59657
43242,59781
43242,49656
43242,134154
43242,24545
43242,46274
43242,94455
43242,90809
43242,68420
43242,122112
43242,131892
43242,35223
43242,60846
43242,14082
43242,125083
43242,78500
43242,77795
43242,60468
43242,29633
43242,117294
43243,112281
43243,25536
43243,28660
43243,40344
43243,139333
43243,112588
43243,751
43243,28726
43243,67551
43243,78954
43243,27044
43243,12975
43243,95082
43243,67197
43243,38900
43243,83871
43243,58829
43243,64432
43243,90390
43243,38984
43243,135792
43243,9439
43243,42114
43243,114159
43243,60206
43243,67956
43243,13220
43243,47759
43243,121475
43243,124197
43243,96216
43244,27505
43244,139531
43244,32731
43244,101405
43244,1118
43244,88545
43244,23948
43244,63025
43244,64061
43244,44115
43244,46407
43244,25969
43244,126441
43244,52933
43244,113181
43244,111443
43244,105230
43244,18909
43244,34878
43244,110123
43244,44871
43244,106078
43244,124212
43244,77171
43244,12619
43244,49508
43244,123313
43244,123739
43244,93464
43244,52611
43244,36036
43244,91546
43246,17442
43246,35233
43246,128935
43246,118015
43246,134153
43246,74445
43246,86635
43250,113352
43250,85921
43250,88529
43250,63526
43250,140586
43250,87758
43250,132092
43250,26614
43250,113272
43250,129542
43250,66315
43255,25130
43255,16629
43255,60942
43255,81037
43255,23759
43255,110413
43255,75238
43255,94054
43255,71065
43255,78282
43255,98960
43255,70933
43255,128495
43255,122510
43255,88748
43255,51819
43255,83072
43255,103390
43255,123196
43255,93426
43255,107734
43255,92107
43255,42924
43255,25809
43255,37901
43255,59186
43255,124713
43255,16761
43256,81953
43256,137804
43256,2330
43256,108497
43256,94958
43256,67837
43256,10888
43256,53182
43256,32214
43256,75618
43256,8889
43256,114345
43256,96686
43256,77403
43256,120892
43256,56163
43256,72666
43256,62227
43256,8811
43256,96812
43256,89862
43256,15244
43256,71457
43256,100052
43256,15595
43256,102491
43256,63197
43256,78262
43256,99030
43256,8809
43256,42709
43257,12609
43257,162
43257,19166
43257,96926
43257,60785
43257,116080
43257,128734
43257,14859
43257,42033
43257,53290
43257,72177
43257,62659
43257,53618
43257,21708
43257,87698
43257,109781
43257,133599
43257,99232
43257,95440
43257,19005
43257,127310
43257,132118
43257,80385
43257,31524
43257,68786
43257,102752
43257,30992
43257,67489
43257,99970
43257,58030
43257,55145
43259,102499
43259,7564
43259,103312
43259,89040
43259,103387
43259,108772
43259,64773
43259,2068
43259,48834
43259,24457
43259,14445
43259,10252
43259,61911
43259,82226
43259,24416
43259,27963
43259,71686
43261,114064
43261,69196
43261,101694
43261,115811
43261,55541
43261,86839
43261,105564
43261,35954
43261,114207
43261,112820
43261,16309
43261,98801
43261,91988
43261,18511
43261,100643
43261,81343
43261,106909
43261,107140
43261,101807
43261,114378
43261,36787
43261,78102
43261,42697
43261,86805
43263,45258
43263,80296
43263,53337
43263,34125
43263,88395
43263,17802
43263,5693
43263,17131
43263,120944
43263,11799
43263,26592
43263,136461
43263,131876
43264,132061
43264,106671
43264,115525
43264,92100
43264,51980
43264,9813
43264,112870
43264,76111
43264,58600
43264,17234
43264,27842
43264,19055
43264,55011
43264,87046
43264,86686
43264,134189
43264,38973
43264,122153
43264,75809
43264,57936
43264,28208
43264,105270
43264,58883
43264,108407
43264,11187
43264,40255
43265,27936
43265,78529
43265,54722
43265,67373
43265,26075
43265,67532
43265,105522
43265,51050
43265,43787
43265,140354
43265,4665
43265,128418
43265,115176
43265,74793
43265,126014
43265,73937
43265,135556
43265,55423
43265,11575
43265,24334
43265,13793
43265,135621
43265,104269
43265,135455
43265,76908
43265,53379
43266,14778
43266,3148
43266,114194
43266,92300
43266,111028
43266,84839
43266,65299
43266,106220
43266,119309
43266,54591
43266,45848
43266,13389
43266,124733
43266,2885
43266,110519
43266,46204
43266,35157
43266,122140
43266,128023
43266,122356
43266,124710
43267,15692
43267,30935
43267,80543
43267,26474
43267,13915
43267,47222
43267,103019
43268,13444
43268,13615
43268,17134
43268,22651
43268,54644
43268,107986
43268,48409
43268,122911
43268,95322
43268,13407
43268,57879
43268,6616
43268,23863
43268,4884
43268,71155
43268,136502
43268,59032
43268,137759
43268,66155
43268,63983
43268,93267
43268,53507
43268,39000
43268,112277
43268,23620
43268,139421
43268,115046
43268,127283
43268,76347
43268,137606
43268,100101
43268,134663
43268,125960
43269,50608
43269,48380
43269,30890
43269,72988
43269,48167
43269,94330
43269,84484
43269,99788
43269,66204
43269,34110
43269,20114
43269,133013
43269,2136
43269,84269
43269,91408
43269,24067
43269,32464
43269,87756
43269,74640
43269,102276
43269,117915
43269,101170
43269,67098
43269,66289
43269,115616
43269,69649
43269,58189
43270,56975
43270,57397
43270,11040
43270,37428
43270,38506
43270,83366
43270,37217
43271,137852
43271,118604
43271,86277
43271,55549
43271,75716
43271,119349
43271,65235
43271,139626
43271,57001
43271,26681
43271,139310
43271,115077
43271,53845
43271,121611
43271,94178
43271,99214
43271,64598
43271,105449
43271,112575
43271,49210
43271,61950
43271,47102
43271,118424
43271,111343
43271,110546
43271,61179
43271,16738
43271,62955
43271,73027
43271,56200
43271,65779
43272,140583
43272,85513
43272,70499
43272,64664
43272,93355
43272,18421
43272,55163
43272,36434
43272,46307
43272,20330
43272,28809
43272,39492
43272,108293
43272,109852
43272,123155
43272,89068
43273,12189
43273,45963
43273,93297
43273,137526
43273,71644
43273,125070
43273,286
43273,81496
43273,24052
43273,61288
43273,117255
43273,117980
43273,121104
43273,42250
43273,82292
43275,22139
43275,78944
43275,34178
43275,78741
43275,99833
43275,47595
43275,135668
43275,131320
43275,50116
43275,123596
43275,49923
43275,59395
43275,118927
43275,81217
43275,130850
43275,55139
43275,108913
43275,70143
43275,7077
43275,85611
43275,42570
43275,123250
43275,113724
43275,101986
43275,38883
43276,72731
43276,36045
43276,88389
43276,115166
43276,33591
43276,12870
43276,110663
43276,53172
43276,139453
43276,44170
43276,119316
43276,53141
43276,80422
43276,80336
43276,90380
43276,25564
43276,84002
43276,66917
43276,64949
43276,98851
43276,52283
43276,122299
43276,49855
43276,51883
43276,21198
43276,17580
43276,89105
43276,107721
43276,86248
43276,139193
43276,27221
43276,80863
43278,124754
43278,44541
43278,56357
43278,70309
43278,75206
43278,58099
43278,106589
43278,56838
43278,51324
43278,69644
43278,135461
43278,81304
43278,37501
43278,89672
43278,54086
43278,61797
43278,140317
43278,121580
43278,26633
43278,19294
43278,10930
43278,41917
43278,131477
43278,132918
43278,135634
43278,93930
43278,102972
43278,59359
43278,67074
43278,108599
43278,30240
43278,76155
43278,24076
43278,130367
43280,139107
43280,52586
43280,112436
43280,114553
43280,109900
43280,67710
43280,40456
43280,134577
43280,35163
43281,136416
43281,139382
43281,121866
43281,113200
43281,135627
43281,37164
43281,32727
43281,12365
43283,35333
43283,57734
43283,120399
43283,19211
43283,86057
43284,9477
43284,63861
43284,28031
43284,20852
43284,113088
43285,98061
43285,50503
43285,23676
43285,34530
43285,115422
43285,86902
43285,20556
43285,112897
43285,61289
43285,62255
43285,11959
43285,87127
43285,73012
43285,69927
43285,92011
43285,100399
43285,28980
43285,53496
43285,90261
43285,62106
43285,109404
43285,37053
43285,113682
43285,93765
43285,55213
43285,82625
43285,13224
43285,138210
43285,14793
43285,129954
43285,39906
43285,127964
43287,17253
43287,34873
43287,96099
43287,100586
43287,11284
43287,67813
43287,48230
43287,13120
43287,112113
43287,71739
43287,29953
43287,99806
43287,86629
43287,40442
43287,76087
43287,10216
43287,82394
43287,25684
43287,140436
43287,67887
43287,71662
43287,22700
43287,5847
43287,40380
43287,12912
43287,115048
43287,90879
43287,113586
43287,69688
43287,70196
43287,124947
43287,26507
43287,3046
43288,64104
43288,90182
43288,88854
43288,51505
43288,98560
43288,4372
43288,38332
43288,110750
43288,83533
43288,80400
43288,72118
43288,109795
43288,69461
43288,60413
43288,105253
43288,26712
43288,29680
43288,48535
43288,49945
43288,106848
43288,103346
43288,64798
43288,85780
43288,41602
43288,125425
43288,82858
43288,50214
43288,138777
43288,125055
43288,69558
43288,124572
43288,83793
43291,123524
43291,94902
43291,64072
43291,76146
43291,91099
43291,32226
43292,73907
43292,91231
43292,36022
43292,53575
43292,101332
43292,40869
43292,138847
43292,25169
43292,46785
43292,16195
43292,105154
43292,120282
43292,125433
43292,117125
43292,98509
43292,139292
43292,41402
43292,116296
43292,124924
43292,69988
43292,34254
43292,38086
43292,12058
43292,25670
43292,57023
43292,81478
43292,70524
43292,106934
43292,79965
43292,58358
43292,22652
43292,7091
43292,111829
43293,63145
43293,138763
43293,37283
43293,89962
43293,12579
43293,19033
43293,28939
43293,40294
43293,103860
43294,124746
43294,104853
43294,27293
43294,101984
43294,124224
43294,64074
43294,88888
43294,58124
43294,91172
43294,46917
43294,110205
43294,130428
43294,139388
43294,111780
43294,14050
43294,18132
43294,65804
43294,49487
43294,47494
43297,81804
43297,101406
43297,125744
43297,67140
43297,100748
43297,15609
43297,13760
43297,103908
43297,19807
43297,14912
43297,80832
43297,24092
43297,131350
43297,99844
43297,97432
43297,134845
43297,100664
43297,106647
43297,82897
43297,54116
43297,18410
43297,99219
43297,114209
43297,72508
43297,139165
43297,39526
43297,8134
43297,90254
43297,30435
43297,129643
43297,67619
43297,7432
43298,76240
43298,28264
43298,97275
43298,36051
43298,57178
43298,84120
43298,78600
43298,70349
43298,83369
43298,103981
43298,45306
43298,53670
43298,38462
43298,105731
43298,25595
43298,127353
43298,53314
43298,45400
43298,101532
43298,99460
43298,34782
43298,26456
43298,44635
43298,15963
43298,63293
43298,57339
43298,76665
43300,70718
43300,18663
43300,16620
43300,123504
43300,119061
43300,56263
43300,64820
43300,52206
43300,76447
43300,121547
43300,1572
43300,74534
43300,53725
43300,101730
43300,27958
43300,67685
43300,133982
43300,90196
43300,32253
43300,85609
43300,67878
43300,78023
43300,83609
43300,107827
43300,109837
43300,116525
43300,75078
43300,27986
43300,66985
43300,97739
43300,46246
43300,107790
43302,21155
43302,77360
43302,87522
43302,90730
43302,78760
43302,89359
43302,1722
43302,26139
43302,60277
43302,98736
43302,104625
43302,3084
43302,86343
43302,87936
43302,98874
43302,104853
43302,98239
43302,74859
43302,103515
43302,62160
43302,7523
43302,46884
43302,130547
43302,123137
43302,125505
43305,118766
43305,92927
43305,135551
43305,39355
43305,75637
43305,78866
43305,59098
43305,27964
43305,62131
43305,11948
43305,100081
43305,16826
43305,139719
43305,81720
43305,32114
43305,131580
43305,91254
43305,70903
43305,86858
43305,12183
43305,5961
43305,88778
43305,127861
43305,47359
43305,112685
43305,10418
43305,47556
43305,9496
43305,135726
43305,45410
43305,108213
43305,67161
43306,10136
43306,119312
43306,92479
43306,98086
43306,131831
43306,83638
43306,116181
43306,41676
43306,84244
43306,53540
43306,8362
43306,124252
43306,596
43306,71798
43306,3356
43306,9186
43306,88810
43306,28254
43306,12300
43306,38668
43306,78033
43306,35463
43306,14524
43306,9350
43306,140620
43306,134873
43306,119760
43306,85064
43307,76034
43307,105408
43307,15994
43307,1230
43307,90730
43307,37346
43307,79740
43307,25476
43307,71220
43307,4875
43307,61529
43307,41278
43307,126719
43307,71376
43307,86639
43307,21155
43307,80475
43307,48136
43307,41712
43307,17633
43307,113069
43307,110940
43307,25416
43307,129968
43307,23212
43307,121267
43307,5002
43307,70934
43307,138550
43307,24559
43307,44923
43307,106819
43308,122145
43308,68822
43308,80299
43308,58601
43308,80944
43308,115592
43308,127788
43308,51721
43308,30663
43308,34547
43308,352
43308,46995
43308,104889
43312,3723
43312,106296
43312,50433
43312,87352
43312,73884
43312,131418
43312,52796
43312,95311
43312,46248
43312,25660
43312,44925
43312,104922
43312,53037
43312,15159
43312,44773
43312,39984
43312,98691
43312,95779
43312,135111
43312,61533
43312,64446
43312,54601
43312,127058
43312,15882
43312,80076
43312,31175
43312,27436
43312,56475
43312,42968
43312,42176
43312,112721
43312,101744
43313,3723
43313,49717
43313,134421
43313,104922
43313,15159
43313,52796
43313,50433
43313,86090
43313,106296
43313,87352
43313,112721
43313,25660
43313,132466
43313,5310
43313,46248
43313,95311
43313,131418
43313,13777
43313,101744
43313,108473
43313,64446
43313,75433
43313,127058
43313,31175
43313,39703
43313,42968
43313,16894
43314,71928
43314,8560
43314,138174
43314,65482
43314,117333
43314,52354
43314,40929
43314,30139
43314,52479
43314,74799
43314,136400
43314,111108
43314,15415
43314,58759
43314,107289
43314,93725
43314,94133
43314,29900
43314,27665
43314,1251
43314,81681
43314,132981
43314,74410
43314,53822
43314,42209
43314,3055
43314,48389
43314,5827
43314,28157
43314,5717
43314,128569
43314,126270
43315,60880
43315,53186
43315,98829
43315,49933
43315,92933
43315,121425
43315,74475
43315,8950
43315,55557
43315,8118
43315,49223
43315,124610
43315,139365
43315,293
43315,107808
43315,63843
43315,56729
43315,9744
43315,11026
43319,109243
43319,96853
43319,25025
43319,23453
43319,28771
43319,112832
43319,37797
43319,115768
43319,72589
43319,89234
43319,13204
43319,3547
43319,122528
43319,126240
43319,83850
43319,62151
43319,93881
43319,60037
43319,30120
43319,44464
43319,81694
43319,41208
43319,6520
43319,16062
43319,84486
43319,3930
43319,97225
43319,55319
43319,115088
43319,2690
43319,50258
43320,87154
43320,98719
43320,7377
43320,106230
43320,3775
43320,106421
43320,38758
43320,90920
43320,64872
43320,79106
43320,70887
43320,63604
43320,41400
43320,124778
43320,2906
43320,57934
43320,120248
43320,56917
43320,96112
43320,38913
43320,78642
43320,57125
43320,40048
43320,93594
43320,38262
43320,77574
43320,135238
43320,35010
43320,8374
43322,112334
43322,27880
43322,52529
43322,130266
43322,39080
43322,82308
43322,114913
43322,84701
43322,17672
43322,13794
43322,15445
43322,5338
43322,127486
43322,557
43322,42720
43322,137617
43322,85632
43322,59470
43322,30223
43322,7209
43322,52278
43322,126834
43322,55666
43322,121694
43322,57680
43322,66732
43322,75075
43322,130262
43322,89469
43322,107304
43323,37993
43323,135989
43323,60385
43323,9212
43323,6292
43323,63392
43323,90642
43323,97130
43323,101331
43323,120767
43323,87753
43323,73174
43323,109477
43323,46913
43323,115264
43323,76823
43323,3115
43323,40305
43323,56167
43324,120591
43324,75993
43324,90562
43324,41273
43324,82508
43324,110664
43324,43006
43324,98130
43324,126198
43324,5959
43324,63689
43324,136787
43324,72893
43324,135702
43324,10076
43324,13786
43324,120738
43324,91388
43324,107958
43324,57750
43324,100323
43324,6860
43324,92688
43324,17603
43325,50987
43325,29842
43325,118701
43325,140114
43325,22156
43325,128798
43325,10890
43325,5591
43325,75641
43325,131096
43325,21275
43325,34238
43325,22683
43325,123527
43325,7759
43325,22858
43325,32447
43325,111030
43325,40415
43325,28555
43326,59249
43326,22734
43326,111156
43326,58221
43326,139303
43326,113878
43326,47665
43326,65525
43326,44347
43326,38503
43326,53216
43326,46459
43326,7832
43326,44358
43326,8420
43326,110716
43326,136787
43326,100749
43326,18870
43326,49512
43326,13867
43326,122323
43326,70654
43326,125270
43326,38195
43326,49201
43326,23406
43326,72482
43326,18919
43326,48022
43326,92688
43328,139698
43328,71037
43328,121637
43328,75817
43328,18202
43328,2895
43328,62178
43328,73530
43328,65786
43328,112262
43328,26888
43328,92294
43328,107835
43328,114779
43328,69219
43328,116353
43328,31894
43328,47095
43328,93129
43328,65616
43329,36045
43329,27969
43329,72731
43329,52683
43329,5505
43329,131131
43329,36412
43329,79240
43329,81787
43329,25564
43329,44170
43329,46393
43329,110663
43329,13483
43329,80422
43329,16499
43329,23661
43329,5267
43329,90380
43329,93741
43329,62417
43329,21198
43329,15945
43329,361
43329,66917
43329,64949
43329,98851
43329,15802
43329,113169
43329,122299
43329,103935
43329,119316
43330,106016
43330,8001
43330,35251
43330,51199
43330,43213
43330,130926
43330,97726
43330,33934
43330,23097
43330,44442
43330,106019
43330,97878
43330,48625
43330,33332
43330,60548
43330,64449
43330,44779
43330,37849
43330,61820
43330,120593
43330,136248
43330,23921
43330,26451
43330,90880
43330,51415
43330,128564
43330,125647
43330,61874
43330,124575
43331,20282
43331,139481
43331,113930
43331,100766
43331,133278
43331,21170
43331,95646
43331,56299
43331,122390
43331,96885
43331,65615
43331,75128
43331,99572
43331,14671
43331,44240
43331,101176
43331,18969
43331,79642
43331,120486
43331,32386
43331,102080
43331,38447
43331,56584
43331,103173
43331,54716
43331,98224
43331,135051
43331,53836
43331,27979
43331,33276
43331,91160
43331,13101
43331,51523
43333,67718
43333,48595
43333,133605
43333,69328
43333,42879
43333,106170
43333,94493
43333,75267
43333,71669
43333,136317
43333,135681
43333,90193
43333,22309
43333,24508
43333,61362
43333,592
43333,104655
43333,31003
43333,82772
43333,137865
43333,133417
43333,133096
43333,25944
43333,52419
43333,123523
43333,136293
43333,74018
43333,50743
43333,111194
43333,67655
43333,78013
43335,132696
43335,53576
43335,12867
43335,100410
43335,28347
43335,44885
43335,80217
43335,40752
43335,76627
43335,12299
43335,4292
43335,37228
43336,119785
43336,57551
43336,112569
43336,84560
43336,119966
43336,96853
43336,18560
43336,37323
43336,67345
43336,135981
43336,39982
43336,29116
43336,62444
43336,95129
43336,12878
43336,44489
43336,125794
43336,114181
43336,67552
43336,36898
43336,44562
43336,73815
43336,140189
43336,663
43336,33765
43336,64822
43336,15988
43336,68749
43336,53423
43336,56190
43336,102352
43336,89522
43337,115779
43337,86778
43337,59779
43337,104087
43337,52838
43337,19731
43337,48090
43337,35245
43337,23697
43337,55688
43337,117177
43337,12248
43337,52681
43337,88345
43337,36029
43337,24996
43337,4610
43338,5279
43338,72236
43338,112071
43338,5178
43338,115346
43338,105893
43338,93245
43338,126179
43338,131861
43338,65478
43338,14423
43338,105122
43338,15127
43338,98758
43338,2259
43338,51999
43338,25958
43338,15274
43338,9643
43338,67248
43338,14320
43338,101494
43338,81519
43338,119945
43338,58936
43338,19452
43339,5988
43339,48512
43339,51555
43339,114177
43339,140304
43339,128677
43339,52095
43339,47543
43339,75807
43339,131402
43339,121275
43339,60020
43339,65454
43339,12455
43339,98900
43339,51653
43339,129861
43339,34966
43339,25223
43339,45412
43339,31381
43339,90509
43339,125859
43339,34278
43339,132838
43339,73951
43339,109535
43339,2899
43339,90665
43339,55158
43339,134613
43340,128877
43340,118073
43340,111582
43340,18199
43340,22282
43341,126639
43341,108517
43341,19696
43341,98889
43341,51865
43341,58278
43341,88311
43341,76503
43341,71477
43341,45226
43341,132921
43341,56473
43341,140023
43341,114066
43341,128189
43341,65345
43341,133366
43341,26651
43341,51423
43341,71036
43341,45099
43341,109446
43341,130352
43341,63400
43341,96366
43341,119361
43341,96847
43341,122395
43341,108832
43341,133507
43341,135735
43342,38856
43342,40324
43342,30035
43342,22488
43342,83348
43342,33243
43342,131572
43342,123156
43342,65640
43342,119449
43342,34694
43342,7596
43342,59374
43342,123056
43342,110525
43342,91627
43342,44653
43342,113931
43342,64719
43342,70013
43342,1886
43342,56920
43342,76771
43342,10244
43342,81475
43342,140651
43342,113617
43342,57543
43342,72578
43342,133405
43343,33268
43343,116327
43343,18097
43343,121051
43343,33914
43343,24224
43343,125829
43343,84717
43343,125591
43343,29397
43343,107746
43343,71796
43343,6966
43343,112687
43343,88063
43343,61826
43343,80112
43343,108649
43343,91574
43343,101741
43343,2233
43343,48846
43343,66287
43343,23148
43343,53758
43343,73458
43343,89574
43344,90424
43344,43709
43344,136797
43344,139470
43344,74598
43344,43924
43344,9268
43344,125914
43344,121348
43344,61986
43344,140472
43344,89820
43344,110490
43344,75548
43344,53732
43344,140065
43344,7405
43344,70048
43344,4690
43344,101839
43344,124624
43344,77322
43344,129562
43344,8325
43344,3675
43344,36246
43344,87577
43344,98624
43344,40391
43344,89454
43344,17068
43345,5484
43345,398
43345,34287
43345,42123
43345,48224
43345,8821
43345,93707
43345,78022
43345,11378
43345,54631
43345,29556
43345,103422
43345,15503
43345,122076
43345,46890
43345,12194
43345,78129
43345,44087
43346,96647
43346,21653
43346,114118
43346,134965
43346,75613
43346,127741
43346,120561
43346,104894
43346,17790
43346,952
43346,19024
43346,77206
43346,125623
43346,30078
43346,31360
43346,52084
43346,118226
43346,58443
43346,88502
43346,43948
43346,97722
43346,115146
43346,104367
43346,55594
43346,45159
43346,100195
43346,106370
43346,75202
43346,81780
43346,125431
43346,102104
43346,21871
43346,82743
43347,34066
43347,75125
43347,109793
43347,118800
43347,96091
43347,16830
43347,139976
43347,101743
43347,113106
43347,86606
43347,88226
43347,127297
43347,123051
43347,32452
43347,120824
43347,22431
43347,111775
43347,122749
43347,117990
43347,121785
43347,126465
43347,114290
43347,67308
43347,11521
43347,52622
43347,135393
43347,63045
43347,121238
43347,117931
43347,12425
43347,52826
43347,59565
43347,6656
43351,96646
43351,9673
43351,34288
43351,16154
43351,13991
43351,16726
43351,56935
43351,7643
43351,57756
43351,102871
43351,90205
43351,138713
43353,51199
43353,106016
43353,44442
43353,125647
43353,16060
43353,128564
43353,35251
43353,33934
43353,37849
43353,61820
43353,120593
43353,33332
43353,136248
43353,41034
43353,23097
43353,97726
43353,26451
43353,117844
43353,43213
43353,106019
43353,97878
43353,51415
43353,90880
43353,60548
43353,64449
43353,126977
43353,816
43353,39573
43353,88177
43353,124575
43353,43747
43353,111635
43354,22578
43354,139917
43354,10763
43354,27699
43354,113229
43354,5286
43354,21808
43354,84579
43354,55791
43354,106236
43354,112479
43354,137751
43354,58217
43354,63812
43354,82604
43354,101162
43354,66606
43354,62326
43354,52209
43354,121675
43354,124234
43354,108751
43354,121101
43354,57445
43355,81329
43355,68785
43355,9038
43355,65435
43355,131167
43355,61478
43355,21848
43355,89331
43355,49920
43355,97557
43355,126751
43355,14983
43355,22306
43355,32325
43355,39440
43355,122904
43355,61559
43355,23911
43355,117609
43355,106967
43355,71744
43355,97708
43355,113207
43355,26966
43355,128746
43355,77963
43355,73663
43355,110565
43355,70503
43355,132585
43355,41300
43355,17108
43357,31494
43357,111446
43357,124872
43357,19286
43357,50744
43357,65483
43357,91114
43357,84211
43357,80160
43357,4583
43357,25613
43357,127452
43357,5251
43357,65066
43357,23691
43357,133190
43357,121605
43357,7300
43357,92812
43357,127140
43357,17823
43359,107152
43359,3249
43359,99217
43359,45930
43359,112674
43359,116431
43359,83389
43359,75255
43359,71386
43359,118867
43359,71968
43359,24927
43359,89582
43359,134019
43359,22481
43359,118773
43359,3305
43359,130902
43359,93317
43359,39735
43359,12192
43359,127336
43359,60646
43359,69692
43359,20011
43359,41655
43359,13521
43359,77901
43359,133972
43359,104041
43360,101169
43360,91549
43360,61081
43360,73386
43360,61968
43360,82553
43360,26877
43360,134547
43360,89521
43360,49491
43360,57837
43360,43820
43360,73370
43360,33834
43360,115897
43360,58169
43360,89069
43360,4733
43360,8164
43360,22321
43362,69529
43362,43591
43362,107272
43362,81857
43362,98763
43362,69299
43362,11184
43362,17801
43362,75031
43362,112353
43362,87976
43362,138569
43362,4723
43363,133509
43363,85555
43363,48233
43363,7898
43363,110258
43363,127094
43363,27686
43363,96974
43363,55865
43363,31135
43363,109868
43363,15608
43363,131414
43363,67927
43363,14960
43363,94897
43363,79437
43363,86188
43363,59962
43363,74251
43363,113912
43363,11885
43363,59508
43363,41438
43363,30353
43364,51665
43364,21322
43364,59139
43364,17956
43364,92780
43364,58571
43364,120066
43364,17795
43364,136712
43364,58295
43364,119902
43364,133520
43364,86158
43364,2196
43364,38953
43364,63515
43364,27347
43364,19303
43364,38764
43364,119559
43364,4325
43364,100417
43364,61636
43364,78198
43364,123662
43364,117413
43364,89730
43364,134454
43364,77850
43364,121795
43364,103741
43364,99902
43365,27788
43365,118188
43365,119653
43365,9696
43365,96426
43365,49601
43365,66648
43365,4435
43365,105336
43365,123706
43368,5748
43368,120713
43368,80953
43368,32274
43368,130152
43368,115772
43368,125344
43368,32657
43371,81901
43371,100202
43371,47589
43371,139217
43371,124214
43371,126515
43371,103672
43371,58353
43371,12176
43371,3992
43371,86788
43371,39412
43371,114482
43371,40582
43371,64923
43371,12145
43371,129418
43371,34631
43371,113444
43371,118090
43371,98426
43371,112707
43371,49787
43371,23133
43371,47485
43371,72953
43371,134991
43371,32613
43372,132968
43372,53523
43372,48401
43372,113746
43372,78354
43372,66461
43372,114532
43372,64839
43372,59903
43372,44427
43372,42456
43372,129244
43372,26685
43372,104228
43372,100757
43372,85185
43372,28579
43372,40084
43372,51361
43372,4644
43372,37148
43372,108467
43372,133513
43372,41030
43372,139691
43372,52343
43372,128589
43372,128154
43372,134583
43372,33543
43372,23885
43373,128090
43373,95258
43373,59324
43373,22780
43373,97574
43373,68495
43373,72424
43373,66957
43373,88347
43373,38091
43373,138575
43373,52451
43373,125849
43373,118936
43373,78572
43373,95452
43373,55019
43373,29927
43373,112502
43373,112345
43373,1753
43373,44796
43373,3367
43373,111838
43373,6906
43373,103339
43373,23190
43374,9717
43374,102672
43374,44239
43374,36377
43374,137768
43374,55123
43374,2155
43374,2604
43374,13971
43374,46035
43374,51253
43374,92811
43374,79904
43374,21913
43374,71329
43374,140008
43374,80036
43374,118477
43374,86439
43374,73765
43374,11934
43374,61715
43374,114377
43374,76538
43374,133716
43374,59442
43374,85864
43374,110162
43374,92746
43374,95167
43374,82797
43374,69019
43375,88023
43375,60020
43375,75807
43375,25746
43375,2899
43375,11838
43375,88988
43375,114177
43375,129861
43375,58015
43375,88307
43375,90509
43375,73951
43375,48512
43375,90665
43375,109535
43375,5988
43375,78171
43376,73361
43376,78867
43376,80572
43376,71740
43376,117839
43376,114744
43376,4810
43376,85280
43376,18271
43376,10133
43376,107300
43376,114569
43376,105421
43376,132106
43376,24747
43376,66137
43376,29621
43376,118691
43376,1022
43376,105171
43376,16998
43376,122356
43376,38311
43376,19263
43376,124523
43376,115261
43376,60007
43378,91601
43378,248
43378,136469
43378,93978
43378,108191
43378,69670
43378,27617
43378,11297
43378,140202
43378,60274
43378,97704
43378,57690
43378,89878
43378,116063
43378,135249
43378,88671
43378,102251
43378,17642
43378,26016
43378,28414
43378,98465
43378,58819
43378,7032
43378,41484
43378,132490
43378,11957
43378,32834
43378,50554
43378,40286
43378,78841
43378,108094
43378,12346
43378,40412
43381,11872
43381,138438
43381,128802
43381,90049
43381,83794
43381,34289
43381,20398
43381,56264
43381,71491
43381,49369
43381,39681
43381,88156
43381,75905
43381,74872
43381,103977
43381,127466
43381,48269
43381,43518
43381,1184
43381,37689
43381,52651
43384,124166
43384,68002
43384,19743
43384,31359
43384,137514
43384,79068
43384,59081
43384,17105
43384,24021
43384,65100
43384,111508
43384,67376
43384,98457
43384,69489
43384,419
43384,98106
43384,81465
43384,53547
43384,84526
43384,125053
43384,103353
43384,91687
43384,56064
43384,4256
43384,98938
43384,67569
43384,46505
43384,62168
43384,39748
43384,131344
43384,77465
43386,106801
43386,114174
43386,2546
43386,106606
43386,61598
43386,89600
43386,86576
43386,121402
43386,16359
43386,9798
43386,124699
43386,30017
43386,30757
43386,108840
43386,72227
43386,67122
43386,16418
43386,11603
43386,10439
43386,86816
43386,26511
43386,74488
43386,56497
43386,63495
43386,41392
43386,48548
43386,60599
43386,93179
43386,132811
43386,104685
43386,82267
43386,99741
43386,80682
43387,132034
43387,118968
43387,18552
43387,83729
43387,100293
43387,67649
43387,116598
43387,59354
43387,73515
43387,38916
43387,3736
43387,63365
43387,105989
43387,85852
43387,92315
43387,67830
43387,81028
43387,102045
43387,108471
43387,139319
43387,72144
43387,51482
43387,93272
43387,109779
43387,53253
43387,26800
43390,62467
43390,45419
43390,123382
43390,48868
43390,8801
43390,69285
43390,38177
43390,3629
43390,9261
43390,112140
43390,98429
43390,128131
43390,105045
43390,87014
43390,66827
43390,66872
43390,49996
43390,50808
43390,134503
43390,16681
43390,18989
43390,128747
43390,84591
43390,33782
43390,135739
43390,73490
43390,77026
43390,36437
43391,2593
43391,20928
43391,5072
43391,36087
43391,4436
43391,115452
43391,101859
43391,24456
43391,854
43391,27948
43391,138037
43391,137458
43391,87298
43391,118167
43391,82676
43391,8146
43391,133003
43391,90808
43391,126700
43391,89441
43391,134158
43391,44672
43391,116984
43391,39149
43391,82391
43391,89690
43391,83429
43391,11208
43391,51556
43391,5327
43391,70904
43392,95166
43392,85742
43392,110813
43392,113349
43392,53341
43392,88218
43392,86916
43392,85567
43392,89991
43392,71671
43392,38571
43392,89073
43392,65606
43392,10404
43392,90923
43392,16706
43392,17817
43392,139893
43392,64777
43392,41488
43392,92297
43392,137826
43392,30184
43392,95307
43392,116276
43392,111000
43392,21345
43392,105035
43393,112706
43393,95352
43393,43814
43393,139121
43393,82421
43394,123697
43394,69427
43394,135234
43394,96928
43394,91557
43394,72792
43394,68065
43394,26509
43394,84113
43394,129762
43394,61406
43394,19509
43394,91874
43394,76184
43394,139221
43394,64950
43394,41218
43394,10872
43394,37425
43394,117798
43394,84190
43394,25800
43394,114257
43394,77552
43394,1442
43394,34487
43394,86282
43394,98493
43394,3358
43394,13706
43394,94457
43394,55219
43399,78210
43399,127544
43399,54400
43399,13298
43399,67005
43399,105692
43399,28561
43399,120600
43399,116824
43399,103969
43399,100032
43399,83894
43399,75881
43399,38184
43399,41492
43399,41650
43399,10241
43399,111873
43399,12509
43399,47497
43399,30662
43399,30629
43399,113936
43399,33778
43399,122635
43399,26789
43399,13469
43399,61995
43399,19816
43399,26169
43399,25544
43399,50981
43400,119512
43400,106651
43400,20182
43400,36893
43400,28023
43400,88711
43400,85166
43400,51646
43400,25530
43400,18045
43400,26184
43400,21316
43400,9796
43400,60089
43400,137973
43400,119753
43400,50604
43400,99366
43400,48479
43400,19297
43400,100398
43400,101339
43400,89743
43400,76030
43400,117409
43400,89273
43400,117458
43400,53210
43400,28516
43400,39119
43401,29827
43401,70808
43401,31968
43401,104370
43401,80086
43401,68188
43401,7847
43402,132863
43402,85980
43402,65353
43402,45493
43402,78343
43402,76788
43402,67823
43402,15841
43402,78832
43402,133723
43402,121261
43402,66309
43402,119551
43402,124897
43402,111887
43402,118191
43402,136702
43402,77557
43406,45378
43406,95091
43406,36663
43406,105801
43406,82691
43406,20215
43406,71412
43406,3148
43406,32089
43406,91189
43406,139411
43406,47968
43406,59560
43406,99836
43406,21189
43406,60972
43406,352
43406,139247
43406,62627
43406,102389
43406,82155
43406,128023
43406,23381
43406,75362
43406,7216
43406,68662
43406,117415
43406,83534
43406,114611
43406,124710
43406,53281
43406,59530
43407,102413
43407,27525
43407,12135
43407,132925
43407,68813
43407,56820
43407,134232
43407,140533
43407,95175
43407,77856
43407,106236
43407,60824
43407,104098
43407,89579
43407,73620
43407,102466
43407,82404
43407,112101
43407,32842
43407,57114
43407,130258
43407,121101
43407,69607
43407,69738
43407,98323
43407,94194
43407,92611
43407,10582
43407,126899
43407,77210
43407,62542
43410,51199
43410,75372
43410,126713
43410,44779
43410,106016
43410,23097
43410,106192
43410,20900
43410,77218
43410,45280
43410,8357
43410,49810
43410,120593
43410,60548
43410,56177
43410,64449
43410,67625
43410,816
43410,26451
43410,51030
43410,93268
43410,130254
43410,103486
43410,137890
43410,97878
43410,56591
43410,29676
43410,39573
43410,46389
43410,133487
43410,73721
43410,63882
43411,25168
43411,88386
43411,99786
43411,85000
43411,66858
43411,76101
43412,59192
43412,57384
43412,42792
43412,27256
43412,69512
43413,64881
43413,2541
43413,3307
43413,45328
43413,24310
43413,68229
43413,42492
43413,136801
43413,85268
43413,26226
43413,84907
43413,108890
43413,67606
43413,92835
43413,90933
43413,28708
43413,124014
43413,110510
43414,112422
43414,32752
43414,107732
43414,162
43414,59618
43414,129900
43414,21708
43414,66102
43414,34241
43414,125454
43414,14859
43414,47961
43414,52199
43414,58974
43414,31573
43414,440
43414,124566
43414,135423
43414,62596
43414,72177
43414,41066
43414,78276
43414,51287
43414,49959
43414,100924
43414,30992
43414,27521
43414,79550
43414,84552
43414,87006
43414,14669
43414,16745
43416,27634
43416,97643
43416,55654
43416,62313
43416,13035
43416,94262
43416,112130
43416,49925
43416,53167
43416,61049
43416,22327
43416,100810
43416,129300
43416,130678
43416,11550
43416,21456
43417,24774
43417,125081
43417,31678
43417,20155
43417,47405
43417,73579
43417,62107
43417,121861
43417,111135
43417,95664
43417,107648
43417,26012
43417,85672
43417,132843
43417,108216
43417,50827
43417,123967
43417,50829
43417,112478
43418,110513
43418,124630
43418,25473
43418,82672
43418,32623
43418,20566
43418,97324
43418,137326
43418,89024
43418,90543
43418,114097
43418,5735
43418,25504
43421,106600
43421,22756
43421,46139
43421,103369
43421,33805
43421,136220
43421,125655
43421,35397
43421,111520
43421,119302
43421,27669
43421,30630
43421,10250
43421,39137
43421,54403
43421,102671
43421,90151
43421,63511
43421,73078
43421,73738
43421,134607
43421,32491
43421,4302
43421,139299
43421,45354
43421,41497
43421,78763
43421,66444
43421,67150
43421,83293
43421,131238
43421,54474
43424,54157
43424,76878
43424,117453
43424,27108
43424,67349
43424,83135
43425,100507
43425,50681
43425,4990
43425,5166
43425,45640
43425,46515
43425,90813
43425,91442
43425,105052
43425,110687
43425,127458
43425,36175
43425,79345
43425,37983
43426,18938
43426,85397
43426,101210
43426,62890
43426,140385
43426,76193
43426,129011
43426,95658
43426,9322
43426,94983
43426,65944
43426,66865
43426,7487
43426,10932
43426,77834
43426,36116
43426,15622
43426,73156
43427,111487
43427,21814
43427,49415
43427,49247
43427,54425
43427,132254
43427,109472
43427,65184
43427,41813
43427,50326
43427,44465
43427,25522
43427,24549
43427,129407
43427,6579
43427,102524
43427,15434
43427,75128
43427,13897
43427,29800
43427,128893
43427,62226
43429,31442
43429,134786
43429,35043
43429,99894
43429,31945
43430,110595
43430,62197
43430,37393
43430,25851
43430,74350
43430,71076
43430,21596
43430,121781
43430,69723
43430,43671
43430,26337
43430,91032
43430,20339
43430,12920
43430,76188
43430,91903
43430,38509
43430,105877
43430,131794
43430,57795
43430,40183
43430,17789
43430,4191
43430,64653
43430,24896
43431,21380
43431,12535
43431,84318
43431,19338
43431,19613
43431,61570
43431,80387
43431,27872
43431,119573
43431,87143
43431,137456
43431,20103
43431,103190
43431,52041
43431,33093
43431,107355
43431,68054
43431,124877
43431,122646
43431,125502
43431,124795
43431,110122
43431,98507
43431,24694
43431,99285
43431,129561
43431,10490
43431,4060
43431,24775
43431,89674
43431,2574
43431,6485
43431,101245
43432,85231
43432,100223
43432,48225
43432,87355
43432,49497
43432,15092
43432,95080
43432,44600
43432,8242
43432,108784
43432,8603
43432,127101
43432,91628
43432,8180
43432,114742
43432,130243
43432,90247
43432,68508
43432,86053
43432,55044
43432,50467
43432,44366
43432,41884
43432,38318
43432,21841
43432,10983
43432,134721
43432,93328
43432,125014
43433,99942
43433,138185
43433,88624
43433,79339
43433,52289
43433,117788
43434,110412
43434,88620
43434,97566
43434,25246
43434,4609
43434,114179
43434,104611
43434,93692
43434,8293
43434,9286
43434,53879
43434,129122
43434,3522
43434,12508
43434,68317
43434,98015
43434,24107
43434,16714
43434,38230
43434,25859
43434,97784
43434,53656
43434,4482
43434,139948
43434,3852
43434,96105
43434,62641
43436,116505
43436,101520
43436,73077
43436,119794
43436,80545
43436,33828
43436,34221
43436,46027
43436,73145
43436,124043
43436,106307
43436,63417
43436,135028
43436,61011
43436,36507
43436,53916
43436,118206
43436,28132
43436,118165
43436,37330
43436,128272
43436,123898
43437,66666
43437,45938
43437,34702
43437,85141
43437,131878
43437,22673
43437,72509
43437,64065
43437,58544
43437,72292
43437,112085
43437,73982
43437,4916
43437,138110
43437,5733
43437,11352
43437,70245
43437,20129
43437,11473
43437,59072
43437,137784
43437,135892
43437,3380
43437,77845
43437,58077
43437,71315
43437,95949
43437,117469
43437,110374
43437,96836
43437,122762
43437,110861
43437,137994
43437,7245
43440,36284
43440,120810
43440,101298
43440,27008
43440,79189
43440,50875
43440,121487
43440,47136
43440,90228
43440,80391
43440,17474
43440,83802
43440,62450
43440,117368
43440,102158
43440,57294
43440,99566
43440,118659
43440,99445
43440,71040
43440,62979
43440,26735
43440,56347
43440,116008
43440,66109
43440,76782
43440,22871
43440,138790
43440,121804
43440,18996
43440,17721
43440,80893
43443,41734
43443,88309
43443,67767
43443,99671
43443,66066
43443,138434
43443,61793
43443,46213
43443,20037
43443,39559
43443,96380
43443,59831
43443,91441
43443,107805
43446,13235
43446,21576
43446,6899
43446,75425
43446,12684
43446,112190
43446,111097
43446,74595
43446,87592
43446,30454
43446,101188
43446,75389
43446,85361
43446,58807
43446,34428
43446,93823
43446,119368
43446,97930
43446,35740
43446,106755
43446,39614
43446,125886
43446,121484
43446,45860
43446,97418
43446,2971
43446,48553
43446,127659
43446,51437
43446,33177
43446,125896
43447,21219
43447,136645
43447,3271
43447,5420
43447,51127
43447,126332
43447,109225
43447,125096
43447,66512
43447,85842
43447,92584
43447,52669
43447,90776
43447,62551
43447,794
43447,110600
43447,7168
43447,97047
43447,33683
43447,128922
43447,61155
43447,62236
43447,46105
43447,31571
43447,78845
43447,2052
43447,84141
43447,772
43447,57461
43447,128621
43447,11341
43447,14622
43447,13976
43448,66091
43448,88807
43448,120146
43448,50240
43448,34950
43448,79215
43448,113420
43448,97671
43448,73335
43448,137863
43448,125583
43448,78303
43448,97757
43448,32815
43448,22485
43448,137989
43448,71069
43448,137950
43448,84920
43448,17269
43448,74322
43448,74048
43448,103004
43448,76735
43449,106831
43449,25640
43449,63097
43449,84378
43449,48228
43449,22235
43449,40820
43449,8596
43449,100171
43449,123882
43449,93595
43449,6413
43449,123712
43449,126035
43449,74129
43449,11755
43449,123894
43449,16607
43449,111821
43449,18018
43449,68408
43449,33320
43449,95797
43449,117397
43449,52445
43449,28210
43449,64547
43449,69967
43449,1037
43449,90305
43451,12493
43451,130016
43451,76045
43451,115005
43451,6666
43451,91840
43451,37030
43452,113349
43452,48153
43452,56880
43452,95166
43452,89073
43452,29604
43452,88218
43452,65606
43452,53341
43452,30184
43452,95307
43452,38571
43452,88096
43452,74474
43452,10404
43452,107872
43452,893
43452,59526
43452,1934
43452,46333
43452,81437
43452,64777
43452,59267
43452,68914
43452,97247
43452,16706
43452,21315
43452,114766
43452,91206
43452,49555
43452,63762
43452,111000
43452,36200
43454,140304
43454,51555
43454,48512
43454,2899
43454,21150
43454,58015
43454,74482
43454,47543
43454,75807
43454,121275
43454,82051
43454,114177
43454,128677
43454,35504
43454,90665
43454,88988
43454,100473
43454,55158
43454,25223
43454,5988
43454,55109
43454,45412
43454,90509
43454,31381
43454,88307
43454,112519
43454,125859
43454,131324
43454,51653
43454,18566
43454,34966
43454,109535
43455,666
43455,55920
43455,97282
43455,101178
43455,13728
43455,93770
43455,140592
43455,107389
43455,25149
43455,101914
43455,20777
43455,12315
43455,128794
43455,118677
43455,60910
43455,37555
43455,10781
43455,54572
43455,6208
43455,25779
43455,3323
43455,111519
43455,83422
43455,85194
43455,88570
43455,41381
43455,54529
43455,76211
43455,57315
43455,34583
43455,121735
43455,78186
43456,106648
43456,42287
43456,48868
43456,134503
43456,8801
43456,41611
43456,17531
43456,122656
43456,44754
43456,138075
43456,45419
43456,66460
43456,50808
43456,23138
43456,23321
43456,118915
43456,66255
43456,36437
43456,128131
43456,87014
43456,85946
43456,98429
43456,45787
43456,112140
43456,25606
43456,38177
43456,21052
43456,66827
43456,39073
43456,55185
43456,118661
43456,33782
43456,77026
43457,34733
43457,66041
43457,102015
43457,16412
43457,87653
43457,5012
43457,17427
43457,88559
43457,47544
43457,19503
43457,84232
43457,59242
43457,6369
43457,66965
43457,49991
43457,20826
43457,115062
43457,73986
43457,93265
43457,134309
43457,54401
43457,18542
43457,35889
43457,91839
43457,134081
43457,69874
43457,94597
43457,83487
43457,28328
43457,82062
43457,47381
43457,38348
43459,9574
43459,86011
43459,34400
43459,95527
43459,28612
43459,133291
43459,77292
43461,22596
43461,71469
43461,4962
43461,124730
43461,131697
43461,111920
43461,138482
43461,104766
43461,81752
43461,90995
43461,130461
43461,26087
43461,51782
43461,96031
43461,113775
43461,113697
43461,109482
43461,63066
43461,105392
43461,45544
43461,86726
43461,72905
43461,120694
43461,124016
43461,42715
43461,69885
43461,123216
43461,78752
43461,32741
43461,15566
43461,90702
43461,138922
43463,73391
43463,38088
43463,14441
43463,1674
43463,2049
43463,138639
43463,75586
43463,17095
43463,113979
43463,70771
43463,77377
43463,69947
43463,65891
43463,45595
43463,60324
43463,90523
43465,124666
43465,112709
43465,46852
43465,98014
43465,72611
43465,92431
43465,92492
43465,88125
43465,115973
43465,27925
43465,7311
43465,50396
43465,96583
43465,68781
43466,118456
43466,12097
43466,59587
43466,110728
43466,139675
43466,22162
43466,110592
43466,119094
43466,111546
43466,52908
43466,72733
43466,96470
43466,99596
43466,59730
43466,16827
43466,113143
43468,42586
43468,65833
43468,66876
43468,72427
43468,51029
43468,96382
43468,92418
43468,43720
43468,19187
43468,21124
43468,121418
43468,107363
43468,48646
43468,132088
43468,121485
43468,97857
43468,104553
43468,56438
43468,48218
43468,550
43468,59246
43468,20358
43468,115383
43468,132441
43468,45785
43468,6540
43468,98300
43468,92536
43468,111743
43468,64381
43468,69709
43468,90034
43468,70876
43472,126073
43472,126899
43472,92611
43472,77856
43472,21808
43472,34020
43472,32842
43472,112101
43472,5286
43472,10107
43472,112479
43472,94194
43474,124166
43474,31359
43474,84526
43474,79953
43474,119197
43474,136025
43474,88553
43474,1260
43474,125053
43474,91084
43474,56064
43474,111508
43474,65100
43474,92403
43474,91687
43474,98557
43474,77465
43474,39748
43474,62168
43474,131344
43481,29286
43481,39993
43481,21721
43481,46153
43481,138957
43481,3625
43481,122660
43481,57724
43481,83806
43481,35245
43481,113349
43481,88096
43481,111856
43481,46162
43481,121071
43481,83430
43481,97099
43481,32243
43481,55688
43481,109185
43481,32625
43481,11826
43481,110789
43481,129440
43481,135286
43481,4610
43481,34375
43481,117667
43481,18380
43481,103937
43481,49152
43481,97264
43481,9253
43483,80236
43483,72357
43483,19752
43483,125663
43483,58832
43483,14088
43487,78684
43487,113481
43487,6962
43487,69822
43487,87474
43487,33682
43487,128741
43487,42928
43487,133212
43487,45462
43487,126423
43487,32701
43487,84766
43487,3273
43487,104112
43487,9003
43487,52375
43487,84306
43487,59607
43487,82754
43487,82514
43487,104096
43487,135477
43487,44372
43487,88614
43487,56868
43487,44045
43487,27695
43487,106646
43489,97164
43489,416
43489,95726
43489,140787
43489,102836
43489,76485
43489,18725
43489,51110
43489,130290
43489,14894
43489,50895
43489,25014
43489,44322
43489,137300
43489,64101
43489,10921
43489,70316
43489,117823
43489,30132
43489,98974
43489,117013
43489,125303
43489,24402
43489,54783
43489,70333
43489,67405
43489,91433
43489,76203
43489,97476
43489,121069
43489,39278
43490,1230
43490,76034
43490,23268
43490,126264
43490,126657
43490,37346
43490,61529
43490,86639
43490,53494
43490,70606
43490,139366
43490,25416
43490,45080
43490,126719
43490,60084
43490,64762
43490,35264
43490,70839
43490,23212
43490,121267
43490,138600
43490,135499
43490,38725
43490,10746
43490,7880
43490,556
43490,74754
43490,114304
43490,125311
43490,6439
43490,69261
43490,31169
43491,118679
43491,52695
43491,139263
43491,52140
43491,103477
43491,109736
43491,73747
43491,132853
43491,40469
43491,64880
43491,121441
43491,67780
43491,116720
43491,51937
43491,47605
43491,5759
43491,19066
43491,3370
43491,69577
43491,59262
43491,97823
43491,53373
43491,35309
43491,138923
43491,122378
43491,2156
43491,92715
43491,90128
43491,91897
43491,101130
43491,82594
43491,1376
43492,137571
43492,47080
43492,118298
43492,17256
43492,109041
43492,4630
43492,83458
43492,127326
43492,113211
43492,84691
43492,23165
43492,56325
43492,2598
43492,107033
43492,125515
43493,124166
43493,68002
43493,137514
43493,112568
43493,91687
43493,101503
43493,419
43493,136880
43493,111508
43493,95369
43493,74298
43493,69489
43493,31359
43493,46505
43493,89951
43493,109650
43493,119127
43493,67376
43493,98457
43493,84526
43493,37093
43493,137042
43493,67569
43493,103353
43493,18635
43493,108433
43493,56064
43493,111831
43493,115213
43493,8289
43493,4256
43493,116455
43494,21563
43494,81921
43494,132488
43494,52576
43494,71724
43494,140355
43494,90754
43494,27705
43494,108834
43494,139887
43494,94581
43494,131026
43494,77713
43494,111276
43494,57789
43494,52062
43494,37696
43494,40687
43494,109327
43494,479
43494,66691
43494,65372
43494,78126
43494,79148
43494,65554
43494,137875
43494,29596
43494,86583
43494,61680
43494,56728
43494,18050
43494,19222
43494,130159
43495,20423
43495,77612
43495,118189
43495,92188
43495,123440
43495,54561
43495,116294
43495,8600
43495,14216
43495,92127
43495,124448
43495,117175
43495,10036
43495,103454
43495,126288
43495,83915
43495,123779
43495,48914
43495,9854
43495,109078
43495,3562
43496,108883
43496,28240
43496,27567
43496,8626
43496,40692
43496,19278
43496,76536
43496,23435
43496,17701
43496,80145
43496,111284
43496,52558
43496,74073
43496,130879
43496,120068
43496,78305
43496,54130
43496,94147
43496,94634
43496,38357
43496,6603
43496,134758
43496,35129
43496,100547
43496,48739
43496,44960
43496,111901
43496,3583
43496,114300
43496,95193
43496,26194
43497,131892
43497,70177
43497,90845
43497,77089
43497,37818
43497,114932
43497,78500
43497,49656
43497,134154
43497,68420
43497,102130
43497,77914
43497,29633
43497,125083
43498,134019
43498,40554
43498,23537
43498,45930
43498,44296
43498,7606
43498,105370
43498,40861
43498,72708
43498,41655
43498,12192
43498,110516
43498,86221
43498,83389
43498,29904
43498,66995
43498,55780
43498,865
43498,117132
43498,3593
43498,133972
43498,39575
43498,92657
43498,46950
43498,53518
43498,21744
43498,137250
43498,125098
43498,13521
43501,27557
43501,44009
43501,113266
43501,131350
43501,89097
43501,24092
43501,134077
43501,46068
43501,94769
43501,17023
43501,82897
43501,64774
43501,77772
43501,120245
43501,46411
43501,86021
43501,42454
43501,34169
43501,115318
43501,77444
43501,118824
43501,129916
43501,90254
43501,30435
43501,91288
43501,63582
43501,99844
43501,36650
43501,113164
43501,80009
43501,85968
43501,112871
43504,9477
43504,66456
43504,68358
43504,96999
43504,88120
43504,130410
43504,78181
43504,52350
43504,18139
43504,32780
43504,42167
43504,64694
43504,71167
43504,120589
43504,69058
43504,73488
43504,115047
43504,42805
43504,86011
43504,134999
43504,137736
43504,135394
43504,3186
43504,140102
43504,43385
43504,40116
43504,113088
43505,47861
43505,89530
43505,36024
43505,76660
43505,33036
43505,109600
43505,62016
43505,65874
43505,113862
43505,29660
43505,140440
43505,24998
43505,100498
43505,14314
43507,128742
43507,121503
43507,79626
43507,35494
43507,88862
43507,49587
43507,18811
43507,83675
43507,93236
43507,26093
43507,138449
43507,41303
43507,52387
43507,7939
43507,116037
43507,76343
43507,16713
43507,125228
43507,60593
43507,6095
43507,111379
43507,26186
43507,88635
43507,64667
43507,123024
43507,58478
43507,121619
43507,66771
43507,140579
43507,128147
43507,12219
43510,138900
43510,110375
43510,35328
43510,136720
43510,55011
43510,134568
43510,40222
43510,57986
43510,25464
43510,78814
43510,63816
43510,102366
43510,100401
43510,54517
43510,96994
43510,149
43511,23268
43511,126264
43511,7919
43511,15994
43511,3213
43511,61529
43511,105408
43511,1230
43511,41278
43511,76034
43511,43010
43511,80475
43511,38725
43511,77935
43511,78838
43511,7527
43511,139366
43511,25416
43511,71376
43511,23212
43511,68957
43513,74268
43513,11824
43513,122136
43513,77316
43513,135376
43513,42547
43513,49034
43513,51726
43513,34789
43513,24346
43513,91404
43513,40388
43513,89886
43513,54764
43513,63211
43513,86236
43513,88387
43513,110674
43513,47945
43513,111493
43513,27761
43513,126505
43513,133994
43513,87755
43513,99337
43513,35352
43513,5904
43513,123963
43513,110548
43513,93397
43513,72456
43513,3573
43514,126657
43514,139197
43514,37346
43514,25476
43514,8161
43514,32887
43514,105408
43514,15994
43514,8962
43514,139366
43514,36427
43514,86639
43514,32060
43514,125311
43514,44923
43514,53494
43514,41712
43514,79740
43514,90730
43514,41278
43514,35264
43514,24685
43514,135499
43514,73173
43514,32112
43514,14536
43514,110940
43514,138600
43514,74754
43514,69261
43514,30950
43514,5002
43514,106819
43517,33422
43517,68266
43517,7660
43517,65354
43517,35281
43517,130796
43517,132966
43517,16021
43517,128080
43517,35487
43517,47455
43517,89010
43517,133575
43517,16724
43517,10099
43517,90282
43517,36534
43517,76925
43517,66676
43517,30709
43517,887
43517,85909
43517,43500
43517,51857
43517,119758
43517,95940
43517,10926
43517,103601
43517,9023
43517,16609
43517,11625
43517,26126
43518,35390
43518,108567
43518,137655
43518,23551
43518,35393
43518,84302
43518,124899
43518,52531
43518,123725
43518,74862
43518,52894
43518,123105
43518,53130
43518,116128
43518,5875
43518,115454
43518,4671
43518,84406
43518,73283
43518,98480
43518,32577
43518,28214
43518,85963
43519,74242
43519,14868
43519,7609
43519,37786
43519,100692
43519,129537
43519,43343
43519,88547
43519,40738
43519,61937
43519,77394
43519,76599
43519,124347
43519,124904
43519,1157
43519,74800
43519,130837
43519,64408
43519,44636
43519,75320
43519,71096
43519,75392
43519,45294
43519,121976
43519,29111
43519,92274
43519,62688
43519,111999
43519,104932
43519,117636
43519,83405
43519,7097
43519,43315
43519,1105
43520,75538
43520,24221
43520,68105
43520,42178
43520,7665
43520,92336
43520,47001
43520,28995
43520,45147
43520,108158
43520,11771
43520,110500
43520,105478
43520,133354
43520,77957
43520,37652
43520,103101
43520,36728
43520,140197
43520,57667
43520,82440
43520,78559
43520,111537
43520,7207
43520,94800
43520,120474
43520,84576
43520,47661
43520,83064
43520,3094
43520,132992
43520,110792
43520,3063
43520,37734
43524,132351
43524,35929
43524,55522
43524,83654
43524,15406
43524,30933
43524,20833
43524,79427
43524,48700
43524,92352
43524,137193
43524,63337
43524,72261
43524,91660
43524,54199
43524,12827
43524,18874
43525,87154
43525,106230
43525,90920
43525,64872
43525,106421
43525,48004
43525,70887
43525,79106
43525,38913
43525,107028
43525,113402
43525,90744
43525,7377
43525,96112
43525,2906
43525,3775
43525,41400
43525,63604
43525,124778
43525,120248
43525,93594
43525,57125
43525,123709
43525,38758
43525,40048
43525,56917
43525,80579
43525,14024
43525,78642
43525,25979
43525,7895
43525,98719
43525,8374
43525,52263
43526,50539
43526,52724
43526,97019
43526,88259
43526,71298
43526,21800
43528,98055
43528,46785
43528,68371
43528,17289
43528,40869
43528,88164
43528,118021
43528,64962
43528,125776
43528,92469
43528,70524
43528,94062
43528,138847
43528,40001
43528,79147
43528,56740
43528,22652
43528,111829
43528,68966
43528,100524
43528,124924
43528,85908
43528,87427
43528,70620
43528,106930
43530,10438
43530,134568
43530,25464
43530,149
43530,27982
43530,115234
43530,132669
43530,54517
43530,86442
43530,36183
43530,58094
43530,59389
43530,72122
43530,56761
43530,16128
43530,118666
43530,15705
43533,101276
43533,50864
43533,53930
43533,37182
43533,45331
43533,120535
43533,98216
43533,136972
43533,20689
43533,59729
43533,1249
43533,102315
43533,7941
43533,13224
43533,91169
43533,86919
43533,17138
43533,73750
43533,90086
43533,40804
43533,130336
43533,73012
43533,105753
43533,106653
43533,129843
43533,62382
43533,132285
43533,130158
43533,105617
43533,33831
43533,103758
43533,34217
43533,98568
43533,51208
43533,138210
43534,5538
43534,121166
43534,7928
43534,93714
43534,30467
43534,112998
43534,28033
43534,57240
43534,10268
43534,42834
43534,74594
43534,140495
43534,121667
43534,105183
43534,9402
43534,3294
43534,122789
43534,96308
43534,66989
43534,116237
43534,63513
43534,121340
43534,55466
43534,122084
43534,132694
43534,75014
43534,99937
43534,77113
43534,108401
43535,128329
43535,5072
43535,82676
43535,115452
43535,137670
43535,27948
43535,138037
43535,133003
43535,110292
43535,78209
43535,70904
43535,59318
43535,89441
43535,129882
43535,51556
43535,4436
43535,126700
43535,39149
43535,82391
43535,4745
43535,52946
43535,16712
43535,64452
43535,134971
43535,116177
43535,34047
43535,89313
43535,116984
43535,44672
43535,50973
43535,11208
43538,13389
43538,71111
43538,53436
43538,92300
43538,57103
43538,122145
43538,2885
43538,73040
43538,54591
43538,23555
43538,9413
43538,80051
43538,30745
43538,122140
43538,124733
43538,135790
43538,22475
43538,22039
43538,14778
43538,643
43538,96533
43538,48971
43538,53948
43538,36560
43538,109211
43538,120635
43538,129162
43538,95613
43538,86613
43538,77868
43538,77041
43540,72166
43540,18652
43540,19364
43540,140116
43540,61019
43540,97787
43540,19728
43540,15631
43540,3009
43540,1433
43540,28037
43540,105075
43540,56421
43540,67271
43540,38475
43540,25260
43540,20361
43540,138980
43540,140323
43540,6832
43540,62628
43540,6885
43540,18360
43540,28174
43540,75982
43540,121320
43540,59256
43540,8567
43540,114323
43540,96554
43540,86129
43540,30468
43540,85769
43541,119794
43541,135028
43541,118670
43541,107652
43541,116505
43541,132210
43541,103174
43541,80545
43541,101520
43541,46027
43541,73145
43541,131917
43541,73077
43541,19836
43541,75972
43541,61011
43541,63417
43541,51178
43541,53883
43541,57169
43541,3724
43541,20022
43541,75890
43541,56573
43541,37540
43541,31038
43541,3235
43541,53916
43541,16325
43541,124043
43541,106307
43541,28132
43543,106192
43543,97726
43543,66341
43543,46752
43543,33160
43543,77218
43543,130254
43543,97878
43543,43213
43543,44779
43543,18004
43543,32642
43543,73721
43543,26451
43543,78292
43543,133487
43543,46389
43544,46153
43544,24311
43544,85833
43544,6300
43544,21721
43544,30627
43544,719
43544,5710
43544,40649
43544,20362
43544,140132
43544,66702
43544,55303
43544,112063
43544,111480
43544,111856
43544,17170
43544,19018
43544,118937
43544,130415
43544,5780
43544,101652
43544,62328
43544,57470
43544,76777
43544,106204
43544,14147
43544,21134
43544,97305
43544,11821
43544,8679
43544,129440
43544,97264
43545,45966
43545,38910
43545,91714
43545,109576
43545,65799
43545,38926
43545,42855
43545,28731
43545,38497
43545,15267
43545,87618
43545,4571
43545,76856
43545,16687
43545,78685
43545,97907
43545,90819
43545,74165
43545,10214
43545,17986
43545,34036
43545,53665
43545,17810
43545,94751
43545,80919
43545,89638
43545,43441
43545,39627
43545,128447
43545,72885
43545,116974
43546,63775
43546,89875
43546,22092
43546,32192
43546,30602
43546,24326
43546,140490
43546,133217
43546,59523
43546,115164
43546,103878
43546,85872
43546,88700
43546,56527
43546,11618
43546,92505
43546,111235
43546,98282
43546,123463
43546,105811
43546,39633
43546,84573
43546,76894
43548,34319
43548,71907
43548,78476
43548,79968
43548,32653
43548,58631
43548,64599
43548,39122
43548,101830
43548,29329
43548,138269
43548,136775
43548,14033
43548,3423
43548,98091
43548,24794
43548,98726
43548,17708
43548,11150
43548,139894
43548,86189
43548,30023
43548,7926
43548,124371
43548,12323
43548,50450
43548,69557
43548,16311
43548,98018
43548,90162
43548,68174
43548,119252
43548,121979
43548,55571
43550,59620
43550,80244
43550,7548
43550,31183
43550,113252
43550,107293
43550,105842
43550,82004
43550,84065
43550,51756
43550,17200
43550,36561
43550,131739
43550,112322
43550,123541
43550,315
43550,19673
43550,111638
43550,11997
43550,7363
43550,123696
43550,40289
43550,34000
43550,98542
43550,136575
43550,39462
43550,115019
43550,121749
43550,127255
43550,75638
43550,115324
43550,43552
43550,52598
43551,9881
43551,98827
43551,39006
43551,23312
43551,83613
43551,106676
43551,134407
43551,96049
43551,66265
43551,110274
43551,126142
43551,76149
43551,21571
43554,83358
43554,105490
43554,35793
43554,104144
43554,52472
43554,27123
43554,32651
43554,64354
43554,97384
43554,51244
43554,4920
43554,56318
43554,129865
43554,73550
43554,54890
43554,612
43554,112146
43554,40733
43554,96079
43554,10422
43554,41967
43554,46169
43554,60887
43554,51703
43554,3344
43554,121953
43554,52916
43554,110334
43554,103348
43554,9599
43557,57763
43557,90924
43557,137672
43557,29593
43557,56870
43557,3486
43557,19127
43557,29403
43557,136402
43557,28413
43557,44941
43557,15110
43557,38534
43557,40455
43557,55401
43557,22852
43557,71613
43557,65602
43557,102180
43557,7970
43557,86922
43557,104143
43557,126199
43557,119398
43557,20216
43557,102049
43557,90994
43557,27174
43557,36485
43557,39085
43557,17380
43557,12718
43558,53903
43558,34404
43558,38675
43558,17287
43558,130337
43558,128457
43558,124498
43558,118295
43558,80783
43558,19464
43558,124115
43558,4057
43558,80331
43558,20489
43558,63152
43558,40488
43558,52707
43558,64558
43558,21932
43558,84959
43558,104211
43558,26206
43558,24020
43558,89460
43558,127011
43558,1220
43558,109872
43559,38898
43559,27192
43559,66560
43559,111047
43559,68779
43559,29625
43561,66506
43561,24021
43561,68002
43561,31359
43561,6654
43561,131901
43561,55073
43561,119127
43561,111508
43561,80251
43561,88553
43561,77465
43561,131344
43561,62168
43561,39748
43561,93384
43561,117751
43562,130175
43562,101598
43562,127988
43562,60898
43562,105704
43562,58838
43562,106561
43562,106910
43562,90103
43562,106645
43562,140087
43562,40040
43562,39142
43562,107122
43562,112799
43562,115491
43562,133685
43562,3474
43562,6777
43562,97035
43562,92202
43562,90668
43562,37749
43562,31272
43562,15001
43562,14950
43562,8364
43562,100105
43562,104528
43562,117884
43562,118347
43562,36784
43562,67281
43562,107100
43568,30304
43568,44484
43568,37731
43568,24960
43568,17054
43568,109972
43569,20209
43569,5547
43569,10158
43569,69687
43569,7890
43569,29898
43569,70134
43569,84728
43569,131536
43569,3498
43569,66241
43569,121380
43569,97592
43569,135567
43569,54088
43569,35616
43569,11624
43569,19841
43569,67299
43569,12996
43569,60764
43569,108408
43570,139827
43570,50440
43570,115998
43570,62164
43570,77617
43570,62614
43570,5138
43570,126273
43570,117963
43570,4186
43570,73288
43570,114056
43570,89602
43570,106594
43570,63300
43570,6441
43570,42291
43570,2245
43570,5174
43570,6633
43570,67479
43570,30079
43570,7566
43570,81575
43570,13290
43570,128665
43570,10384
43570,30969
43570,88956
43570,114623
43571,32655
43571,61656
43571,24719
43571,139010
43571,131102
43571,69065
43571,92809
43571,2853
43571,3591
43571,67107
43571,66207
43571,35202
43571,46647
43571,118781
43571,75373
43571,75863
43571,26022
43571,1076
43571,2459
43571,70572
43571,12518
43571,58953
43571,30250
43571,129399
43571,4746
43571,40830
43571,123322
43571,87074
43571,77376
43571,2746
43571,139316
43571,34900
43571,116079
43571,89270
43572,85851
43572,84176
43572,71909
43572,104780
43572,75966
43572,25325
43572,4679
43572,95326
43572,59321
43572,35086
43572,99958
43572,125282
43572,32292
43572,83942
43572,123905
43572,107275
43572,66370
43572,13743
43572,133850
43572,80688
43572,53578
43572,21205
43572,51114
43572,110217
43572,64831
43572,101647
43572,69913
43572,8318
43572,36498
43572,136066
43572,60835
43572,18147
43573,102137
43573,47173
43573,83070
43573,67328
43573,109163
43573,1917
43573,9422
43574,120572
43574,28260
43574,44381
43574,83363
43574,48454
43574,82289
43574,124612
43574,85836
43574,14259
43574,97842
43574,333
43574,44017
43574,89448
43574,127812
43574,104565
43574,4081
43574,29649
43574,35849
43574,16730
43574,126197
43574,137429
43574,62608
43574,37003
43574,83447
43574,38585
43574,130870
43574,118913
43574,139112
43574,77528
43574,30535
43574,3425
43575,43989
43575,105563
43575,1399
43575,36210
43575,58376
43575,15789
43575,82790
43575,137834
43575,46965
43575,79630
43575,8210
43575,119422
43575,48332
43575,132601
43575,122436
43575,4988
43575,61101
43575,6141
43575,10993
43575,8296
43575,121860
43575,112615
43575,53207
43575,121717
43575,11593
43575,44944
43575,96712
43575,36135
43575,100483
43575,120754
43575,28232
43575,86524
43575,7705
43576,58966
43576,127760
43576,39179
43576,38000
43576,139194
43576,32694
43576,51307
43576,127203
43576,60547
43576,38128
43576,140336
43576,39685
43576,106842
43576,4307
43576,98643
43576,86862
43576,55748
43576,446
43576,7278
43576,28716
43576,119956
43576,26569
43576,78987
43576,138509
43576,1065
43576,117725
43576,65431
43576,96097
43576,90976
43576,79341
43576,94728
43576,95853
43576,28139
43576,82248
43576,88420
43577,73848
43577,132978
43577,96118
43577,24369
43577,107762
43577,73675
43577,96273
43577,118300
43577,100363
43577,134599
43577,125793
43577,125496
43577,52913
43577,96289
43577,79408
43577,91185
43577,62784
43577,51498
43577,120319
43577,70673
43577,12421
43577,62524
43577,37240
43577,21905
43577,9880
43578,21129
43578,88496
43578,29726
43578,140503
43578,1248
43578,103682
43578,51790
43578,42200
43578,21693
43578,102992
43578,112607
43581,53173
43581,61354
43581,86357
43581,111403
43581,78477
43581,29234
43581,87066
43581,116656
43581,43254
43581,45638
43581,118672
43581,126953
43581,136160
43581,10988
43581,41132
43581,103381
43581,104793
43581,9774
43581,104337
43581,138773
43581,55980
43581,109415
43581,83195
43581,46496
43581,104429
43581,97469
43581,48429
43581,43483
43581,16289
43581,30893
43583,55011
43583,91515
43583,104526
43583,123699
43583,27069
43583,115525
43583,136720
43583,99340
43583,100503
43583,65332
43583,75562
43583,60725
43583,40209
43583,75809
43583,5947
43583,34026
43583,103036
43583,28208
43583,38973
43583,6992
43583,25464
43583,105270
43583,40222
43583,17234
43583,24499
43583,40255
43583,13283
43583,149
43583,78814
43583,56761
43583,118666
43584,122808
43584,118639
43584,73391
43584,112378
43584,16655
43584,23498
43584,13596
43584,49081
43584,5159
43584,24675
43584,90534
43584,138639
43584,130632
43584,125004
43584,113979
43584,139575
43584,89396
43584,53245
43584,57604
43584,93356
43584,29982
43584,46412
43584,69947
43584,54911
43584,84678
43584,125762
43584,39580
43584,3422
43584,69212
43584,132133
43584,45595
43584,37992
43587,53308
43587,109341
43587,73772
43587,102535
43587,101389
43587,113843
43587,75405
43587,42279
43587,75511
43587,75604
43587,962
43587,84529
43587,91266
43587,9830
43587,70480
43587,107957
43587,75264
43587,67452
43587,117297
43587,102040
43587,55740
43587,41060
43587,45574
43587,29778
43587,35137
43587,3496
43587,26314
43587,26664
43587,93531
43587,56393
43587,132009
43587,131226
43587,43022
43588,54591
43588,65299
43588,106220
43588,14778
43588,111028
43588,114194
43588,13389
43588,124733
43588,2885
43588,35157
43588,119309
43588,3148
43588,124710
43588,122356
43589,55702
43589,122093
43589,13430
43589,80722
43589,61700
43589,66350
43589,55584
43589,35341
43589,48947
43589,74459
43589,135352
43589,40252
43589,5690
43589,68935
43589,112154
43589,2017
43589,52841
43589,119914
43589,4022
43593,14844
43593,70627
43593,84311
43593,103421
43593,1736
43593,18294
43593,37820
43593,78649
43593,43028
43593,66917
43593,103935
43593,113169
43593,39054
43593,14180
43593,93462
43593,15439
43593,108197
43593,111905
43593,48556
43593,77891
43593,69291
43593,55925
43593,55224
43593,110225
43593,100549
43593,40663
43593,101135
43593,134456
43593,125641
43593,234
43593,86654
43593,135640
43593,67110
43596,34066
43596,109793
43596,101743
43596,113106
43596,22431
43596,75125
43596,119207
43596,139976
43596,86606
43596,88226
43596,93654
43596,122749
43596,131363
43596,126465
43596,67308
43596,15634
43596,65704
43596,52622
43596,135393
43596,120717
43596,63045
43596,99986
43596,121238
43596,117931
43596,28427
43596,79624
43596,129856
43596,59565
43596,19520
43597,64685
43597,136844
43597,60470
43597,75384
43597,23857
43597,126062
43597,131396
43597,63445
43597,139616
43597,91904
43597,124875
43597,108768
43597,110454
43597,71107
43597,45212
43597,25996
43597,27794
43597,65573
43597,21093
43597,118342
43597,74702
43597,68751
43597,15296
43597,11098
43597,87385
43597,74764
43597,18551
43597,84414
43597,137048
43597,32559
43597,56991
43598,52018
43598,108104
43598,2869
43598,49554
43598,122691
43598,113921
43598,138986
43598,95770
43598,115401
43598,51821
43598,100581
43598,114919
43598,2495
43598,135372
43598,2705
43598,1344
43598,29063
43598,101155
43598,113785
43598,86794
43598,106746
43598,68106
43598,127580
43598,16479
43598,95817
43598,106899
43598,75119
43598,65696
43598,48597
43598,110335
43599,128319
43599,76186
43599,140519
43599,34641
43599,136931
43599,85616
43599,84171
43599,97718
43599,53269
43599,113363
43599,66736
43599,129522
43599,93912
43599,78578
43599,93779
43599,116424
43599,78925
43599,77430
43599,47043
43599,45176
43599,23918
43599,28064
43599,7864
43599,13466
43599,119166
43599,27432
43599,69096
43599,63915
43599,49166
43599,101304
43599,112537
43599,18476
43599,58117
43602,67636
43602,44458
43602,35853
43602,85545
43602,121219
43602,85363
43602,4161
43602,116576
43602,138230
43602,95336
43602,134551
43602,43631
43602,80175
43602,117308
43602,51103
43602,114331
43602,119333
43602,122624
43602,119990
43602,132751
43602,118378
43603,116618
43603,107069
43603,63094
43603,69073
43603,126277
43603,22775
43603,59320
43603,91116
43603,47303
43603,68809
43603,83537
43603,36553
43603,131463
43603,74437
43603,73665
43603,11522
43603,42534
43603,79956
43603,87494
43603,121674
43603,83461
43603,70703
43603,54930
43603,76804
43603,16526
43603,114736
43603,41914
43603,29789
43603,14947
43603,133942
43603,16232
43603,114639
43603,66762
43603,11671
43604,30565
43604,51245
43604,5568
43604,84609
43604,37424
43604,107480
43604,70447
43604,21652
43604,122098
43604,44808
43604,86296
43604,71643
43604,78053
43604,32844
43604,109233
43604,61221
43604,115075
43604,59732
43604,31936
43604,7069
43604,44426
43604,79220
43604,79571
43604,43259
43604,32903
43604,19377
43604,109433
43604,18308
43604,11224
43604,61953
43604,46292
43604,137068
43604,93933
43606,86907
43606,24085
43606,59817
43606,22160
43606,26251
43606,43718
43606,82921
43606,39374
43606,32516
43606,59952
43606,54548
43606,118182
43606,57426
43606,133682
43606,64368
43606,2053
43606,24960
43606,120466
43606,27115
43606,28229
43606,68745
43606,122819
43606,10719
43606,50435
43606,52119
43606,57469
43606,69678
43606,101926
43606,109021
43606,76534
43606,37152
43606,134152
43606,104746
43606,70938
43607,19546
43607,74829
43607,138467
43607,39389
43607,21421
43607,75855
43607,103239
43607,69844
43607,84786
43607,88603
43607,45694
43607,20291
43607,124816
43607,1936
43607,48168
43607,137621
43607,139936
43607,7404
43607,17025
43607,28951
43607,36305
43607,41759
43607,84785
43607,70368
43607,76582
43607,32963
43607,70505
43607,44951
43607,84769
43607,78183
43607,4977
43608,49715
43608,71496
43608,22998
43608,109980
43608,54134
43608,71154
43608,47155
43608,9102
43608,1654
43608,88238
43608,51177
43608,42995
43608,49295
43608,139301
43608,114001
43608,1084
43608,57619
43608,24850
43608,119296
43608,73259
43608,68228
43608,110607
43608,103085
43608,19028
43608,116659
43608,8790
43608,25355
43608,71681
43608,76514
43608,59034
43608,84995
43608,74093
43608,133124
43609,49463
43609,107009
43609,102404
43609,22408
43609,35219
43609,69791
43609,138500
43609,75139
43609,83125
43609,118573
43609,34949
43609,12828
43609,76112
43609,2041
43609,21672
43609,46691
43609,46058
43609,49809
43609,59362
43609,69085
43609,125320
43609,53615
43609,55054
43609,42348
43609,111605
43609,95137
43609,1505
43609,97528
43609,8620
43609,132028
43609,58668
43609,93849
43609,46245
43610,5420
43610,33138
43610,69730
43610,39543
43610,46045
43610,121412
43610,124751
43610,2237
43610,52363
43610,84924
43610,13463
43611,60144
43611,32234
43611,135904
43611,66750
43611,131046
43611,134811
43611,75205
43611,46501
43611,63105
43611,20430
43611,27632
43611,38286
43611,32798
43611,135590
43611,6713
43611,29927
43611,101252
43611,69184
43611,77074
43611,131352
43611,101812
43611,8864
43611,14480
43611,14944
43611,133235
43611,31825
43611,35679
43611,133689
43611,63327
43611,23190
43611,138452
43611,15390
43611,67477
43613,90312
43613,55669
43613,6578
43613,118445
43613,61015
43613,82237
43613,29301
43613,55777
43613,4430
43613,51236
43613,20932
43613,125088
43613,59497
43613,19605
43613,45882
43613,136805
43613,17637
43613,28665
43613,88386
43613,25168
43613,131932
43613,109958
43613,116435
43613,1842
43613,89232
43613,6271
43613,56330
43613,117742
43613,128839
43613,102144
43613,62030
43613,26357
43613,45548
43614,41815
43614,44783
43614,64741
43614,59651
43614,9133
43614,135464
43614,29000
43614,106893
43614,82048
43614,9549
43614,99646
43614,89741
43614,108821
43614,69862
43614,57557
43614,47626
43614,64770
43614,122851
43614,71311
43614,86232
43614,27586
43614,97493
43614,31219
43614,97168
43614,128304
43614,92617
43615,53181
43615,55672
43615,76444
43615,121251
43615,130976
43615,57669
43615,74586
43615,118823
43615,25577
43615,118334
43615,68522
43615,67278
43615,55901
43615,116733
43615,94922
43615,81102
43615,78567
43615,14778
43615,38338
43615,15115
43615,110983
43615,7355
43615,41498
43615,3328
43615,65636
43615,94997
43615,31999
43615,132848
43615,25855
43615,104929
43615,29302
43615,88027
43616,45122
43616,121272
43616,89868
43616,129609
43616,133070
43616,27007
43616,65071
43616,15460
43616,103452
43616,90475
43616,140672
43616,112973
43616,1416
43616,8198
43616,84184
43618,118727
43618,73907
43618,53575
43618,116296
43618,83252
43618,30016
43618,31761
43618,92469
43618,41014
43618,913
43618,91231
43618,120282
43618,122134
43618,34254
43618,117125
43618,98509
43618,36022
43618,108924
43618,84364
43618,126804
43618,139292
43618,119888
43618,138847
43618,68155
43618,89858
43618,12058
43618,87251
43618,79192
43618,7091
43618,123039
43618,57023
43618,29394
43618,58358
43620,72501
43620,122349
43620,81209
43620,16294
43620,135145
43620,63162
43620,97982
43620,7268
43620,116796
43620,16716
43620,105043
43620,108587
43620,59451
43620,57303
43620,17913
43620,127932
43620,102412
43620,93512
43620,77117
43620,72969
43620,60302
43621,100889
43621,99644
43621,24847
43621,70245
43621,17793
43621,41467
43621,138351
43621,121215
43621,121224
43621,88356
43621,77594
43621,21402
43621,94082
43621,83133
43621,83338
43621,37004
43621,33322
43621,32760
43621,79799
43621,81641
43621,5896
43621,129338
43621,108085
43621,20771
43621,128978
43621,67388
43621,17269
43621,70777
43621,48323
43621,32815
43621,75937
43622,106304
43622,45882
43622,29301
43622,80930
43622,9987
43622,23378
43622,55669
43622,119942
43622,122377
43622,131608
43622,25168
43622,95225
43622,107174
43622,109237
43622,2356
43622,125299
43622,12950
43622,125002
43622,45604
43622,34728
43622,116435
43622,63562
43622,21244
43622,67792
43622,49114
43622,130073
43622,131660
43622,109958
43622,90439
43622,92078
43622,123948
43622,110977
43622,13777
43625,40672
43625,132587
43625,120820
43625,109046
43625,4589
43625,15627
43625,102432
43625,65305
43625,107466
43625,106487
43625,83920
43625,129955
43625,2779
43625,58151
43625,127581
43625,34107
43625,36138
43625,118225
43625,3565
43625,119692
43625,109140
43625,63975
43625,88539
43625,80264
43625,43098
43625,126489
43625,66536
43625,41162
43626,61860
43626,134041
43626,110883
43626,11261
43626,112836
43626,133110
43626,8149
43628,60875
43628,134242
43628,58232
43628,120052
43628,92815
43628,76196
43628,36142
43628,62823
43628,34076
43628,125772
43628,111783
43628,81643
43628,106418
43628,77151
43628,41325
43628,104391
43628,40709
43628,101467
43628,4558
43628,97732
43628,15045
43628,68170
43628,19363
43628,134393
43628,126108
43628,71827
43628,79919
43630,52682
43630,80093
43630,24328
43630,110937
43630,78174
43630,25580
43630,31098
43630,116994
43630,44262
43630,25425
43630,18637
43630,97234
43630,87933
43630,117745
43630,74866
43630,29187
43630,54340
43630,59926
43630,97258
43630,49716
43630,99943
43630,76923
43630,119581
43630,135818
43630,46984
43630,6310
43630,2299
43630,82948
43630,64358
43630,125671
43632,32752
43632,162
43632,30992
43632,129900
43632,19005
43632,59618
43632,109781
43632,124566
43632,34241
43632,72177
43632,18873
43632,43830
43632,78276
43632,57592
43632,31573
43632,129600
43632,135423
43632,20122
43632,79550
43632,41066
43632,101402
43632,100924
43632,16745
43632,84552
43632,87006
43632,114733
43632,14669
43632,58030
43632,19116
43632,27521
43632,127866
43634,123157
43634,39286
43634,9206
43634,27567
43634,69120
43634,119440
43634,123600
43634,108320
43637,119280
43637,44299
43637,49829
43637,14043
43637,123032
43637,112813
43637,83483
43637,78293
43637,103959
43638,139197
43638,86639
43638,21155
43638,112574
43638,101627
43638,90908
43638,10608
43638,138450
43638,88888
43638,79740
43638,117635
43638,65247
43638,33982
43638,74165
43638,111780
43638,123558
43638,113291
43638,140734
43638,44991
43638,116001
43638,58475
43638,138538
43638,14242
43638,31169
43638,84122
43638,47744
43638,54940
43638,100685
43638,13603
43638,47627
43638,72492
43640,10363
43640,997
43640,124302
43640,19248
43640,56837
43640,50557
43640,28473
43640,24473
43640,7824
43640,35862
43640,97040
43640,29807
43640,17458
43640,70237
43640,29906
43640,138039
43640,104603
43640,74588
43640,53025
43640,21890
43640,33456
43640,8348
43640,124926
43640,45100
43640,65293
43640,93954
43640,28796
43640,55170
43641,64219
43641,122600
43641,84723
43641,23734
43641,106711
43641,71802
43641,114864
43641,78100
43641,41649
43641,75619
43641,93590
43641,123045
43641,56953
43641,12562
43641,9770
43641,53391
43641,71135
43641,56995
43642,15852
43642,125695
43642,68139
43642,95509
43642,63621
43642,77389
43642,36865
43642,47313
43642,41427
43642,57448
43642,104244
43642,62079
43643,71928
43643,53235
43643,8560
43643,126937
43643,56013
43643,93725
43643,31002
43643,71023
43643,40929
43643,90015
43643,52479
43643,42073
43643,136400
43643,65482
43643,74799
43643,111108
43643,120134
43643,94133
43643,117333
43643,128688
43643,53276
43643,49122
43643,67431
43643,29900
43643,27665
43643,30139
43643,132981
43643,74410
43643,58759
43643,128569
43643,28157
43643,138174
43643,5827
43644,137997
43644,124342
43644,131892
43644,104517
43644,38419
43644,37818
43644,77089
43644,116942
43644,78500
43644,114932
43644,90845
43644,21018
43644,60846
43644,40279
43644,59781
43644,14082
43644,49656
43644,134154
43644,26248
43644,35223
43644,125083
43644,68420
43644,24545
43644,70177
43644,77795
43644,60468
43644,122112
43644,38904
43644,90809
43644,46274
43644,94455
43644,59657
43646,77109
43646,92698
43646,133729
43646,41585
43646,68689
43646,9522
43646,131345
43646,52882
43646,138971
43646,130968
43646,115763
43646,125447
43646,27711
43646,121586
43646,65983
43646,65496
43646,41368
43646,42875
43646,18859
43646,121665
43646,121287
43646,99894
43646,31945
43646,18569
43646,19567
43646,135195
43646,68783
43646,134786
43646,33163
43651,121152
43651,15946
43651,21287
43651,130421
43651,5611
43651,43288
43651,118304
43651,106623
43651,116819
43651,82143
43651,39755
43651,72207
43651,13560
43651,100828
43651,57937
43651,55001
43651,134914
43651,136289
43651,76693
43651,47909
43651,112661
43651,128408
43651,120950
43651,22694
43654,101813
43654,32793
43654,136832
43654,48957
43654,96012
43654,66498
43654,58578
43654,38410
43654,73424
43654,54288
43654,54051
43654,13305
43654,135554
43654,112987
43654,102501
43654,79895
43654,81031
43654,21138
43654,89207
43654,115716
43654,40902
43654,137050
43654,129049
43654,131492
43654,65467
43654,76079
43654,107412
43657,118034
43657,134152
43657,50435
43657,22160
43657,119536
43657,43718
43657,54548
43657,82921
43657,64368
43657,26251
43657,50408
43657,32048
43657,32516
43657,104746
43657,76534
43657,118182
43657,70054
43657,10719
43657,118465
43657,104504
43657,62003
43657,80502
43657,16149
43657,59952
43657,39374
43657,23350
43657,57426
43657,137054
43657,133682
43657,2053
43657,57469
43657,109021
43657,45609
43657,74567
43658,129288
43658,133890
43658,25210
43658,32586
43658,31883
43658,126034
43658,130694
43658,44527
43658,73042
43658,89558
43658,29297
43658,2466
43658,130127
43664,56042
43664,82927
43664,42609
43664,126657
43664,138450
43664,14536
43664,71220
43664,107485
43664,138550
43664,124242
43664,70839
43664,33982
43664,130428
43664,78497
43664,139366
43664,4076
43664,117913
43664,10044
43664,95580
43664,23265
43664,74134
43664,64249
43664,111368
43664,58124
43664,51155
43664,90819
43664,134248
43664,49487
43664,23212
43664,448
43664,92663
43666,65165
43666,58204
43666,81170
43666,109160
43666,131885
43666,101496
43666,9951
43666,44097
43666,50329
43666,56828
43666,102579
43666,100292
43666,112812
43666,78534
43666,101631
43667,2122
43667,31006
43667,34124
43667,122297
43667,55093
43667,56168
43667,35626
43667,140093
43667,120639
43667,75735
43667,131326
43667,112738
43667,25674
43667,110776
43667,109633
43667,41214
43667,16509
43667,84387
43667,131959
43667,47593
43667,70753
43667,8089
43667,6736
43667,73782
43667,56036
43667,133929
43667,23852
43667,46251
43667,56598
43667,40526
43668,49623
43668,36454
43668,30271
43668,26910
43668,97986
43668,99956
43668,90708
43668,82565
43668,57196
43668,76607
43668,70210
43668,22290
43668,24168
43668,40445
43668,116041
43668,112094
43668,42618
43668,39004
43668,103307
43668,92211
43668,32624
43668,8085
43668,63494
43668,52527
43668,93461
43668,107398
43668,69371
43668,113788
43668,71581
43668,48068
43668,93239
43668,35809
43668,46101
43669,28839
43669,91816
43669,39419
43669,46337
43669,55416
43669,31067
43669,121018
43669,101069
43669,121133
43669,82179
43669,15979
43669,48103
43669,5425
43669,126060
43669,71622
43669,101102
43669,132849
43669,41662
43669,114718
43669,18751
43669,79824
43669,55167
43669,113512
43669,15221
43669,3327
43669,21227
43669,92065
43669,65427
43669,89596
43669,12413
43669,99640
43669,32484
43669,73658
43670,7917
43670,72851
43670,109955
43670,113346
43670,126710
43670,19048
43670,35827
43670,41385
43670,20106
43670,98705
43670,112604
43670,119566
43670,105393
43670,17842
43670,115645
43670,139556
43670,64701
43671,57311
43671,74260
43671,35783
43671,122459
43671,88641
43671,133291
43671,126263
43671,77292
43671,88961
43673,80934
43673,34950
43673,113420
43673,64148
43673,2563
43673,17349
43673,137863
43673,96490
43673,120146
43673,64131
43673,88807
43673,79215
43673,137342
43673,124533
43673,17412
43673,21378
43673,47197
43673,100786
43673,98840
43673,100454
43673,135958
43673,103004
43673,71069
43673,95861
43673,137950
43673,111268
43673,22485
43673,17269
43673,78484
43673,74048
43673,75666
43673,71308
43673,60010
43674,2511
43674,139861
43674,91990
43674,113958
43674,48901
43674,4841
43674,15552
43674,20973
43674,139129
43674,108619
43674,63602
43674,4447
43674,74059
43674,106542
43674,39518
43674,107342
43674,12933
43674,51408
43674,84978
43674,128254
43674,99877
43674,135660
43674,115614
43674,68113
43674,84837
43674,111990
43674,74575
43674,55156
43674,59298
43674,117773
43674,25623
43674,36361
43677,5922
43677,96751
43677,22771
43677,127132
43677,62251
43677,120653
43677,68230
43677,101480
43677,85599
43677,80611
43677,64130
43677,88624
43677,52289
43677,114347
43677,31286
43677,73526
43677,23698
43677,99942
43677,76075
43677,85044
43677,74101
43677,132562
43677,117788
43677,27131
43677,111786
43677,63896
43677,35204
43677,93150
43677,64175
43677,100496
43677,59632
43677,136171
43678,87410
43678,101623
43678,22714
43678,118911
43678,103458
43678,47417
43678,138970
43678,13544
43678,99929
43678,85463
43678,48402
43678,73493
43678,116594
43678,45475
43678,124570
43678,93868
43678,16444
43678,3454
43679,56838
43679,8163
43679,10930
43679,31328
43679,56357
43679,130740
43679,7780
43679,70309
43679,58099
43679,38657
43679,93930
43679,81895
43679,51324
43679,123459
43679,81304
43679,37501
43679,89672
43679,61797
43679,77753
43679,9041
43679,44541
43679,58931
43679,131477
43679,90416
43679,68166
43679,67074
43679,106929
43679,2107
43679,133338
43679,132373
43679,120326
43679,24076
43679,130367
43679,58846
43681,85278
43681,15121
43681,8431
43681,75096
43681,85294
43681,40117
43681,42139
43681,82547
43681,136061
43681,75181
43681,37552
43681,52884
43681,111748
43681,84178
43681,62095
43681,102135
43681,114210
43681,60404
43681,95897
43681,13842
43681,74020
43681,114996
43681,102111
43681,38587
43681,70249
43681,60906
43681,114415
43681,14036
43681,110557
43681,127974
43681,58624
43681,83367
43681,85689
43682,9131
43682,120193
43682,129245
43682,136065
43682,85914
43682,39616
43682,48483
43682,92996
43682,134700
43682,114891
43682,36134
43682,92935
43682,15564
43682,96774
43682,104875
43682,71467
43682,82943
43682,112253
43682,68920
43682,51036
43684,90532
43684,93700
43684,80091
43684,129722
43684,4511
43684,62127
43684,87838
43684,23436
43684,99119
43684,138118
43684,115598
43684,104055
43684,49064
43684,97323
43684,34142
43684,41659
43684,39333
43684,125934
43684,38944
43684,46111
43684,136971
43684,140241
43684,120609
43684,38065
43684,15520
43684,100587
43684,77452
43684,114018
43684,1285
43684,129910
43685,16545
43685,135420
43685,31951
43685,58783
43685,103417
43685,115880
43685,106030
43685,49822
43685,69069
43685,80309
43685,64336
43685,31724
43685,119042
43685,51049
43685,28645
43685,35994
43685,120417
43685,78130
43685,87286
43685,138272
43685,68805
43685,22046
43685,130558
43685,131935
43685,123395
43685,48670
43685,19311
43685,20187
43687,72673
43687,138582
43687,77080
43687,4001
43687,92056
43687,27683
43687,115589
43687,54951
43687,93621
43687,897
43687,45563
43687,96515
43687,21142
43687,89393
43689,97937
43689,27788
43689,96426
43689,119653
43689,118188
43689,66648
43689,4106
43689,49601
43690,48678
43690,73356
43690,6742
43690,113892
43690,7739
43690,97072
43690,9016
43690,94807
43690,122455
43690,25570
43690,135446
43690,36263
43690,86205
43690,15976
43690,73268
43690,85825
43690,102445
43690,95788
43690,54947
43690,128946
43690,17413
43690,39789
43690,136428
43690,75748
43690,45658
43690,128708
43690,21318
43690,13992
43690,140645
43690,69487
43690,12822
43690,24430
43690,109478
43691,124342
43691,137997
43691,104517
43691,77089
43691,37818
43691,116942
43691,114932
43691,134323
43691,40279
43691,60846
43691,59781
43691,70177
43691,46274
43691,49656
43691,131892
43691,24545
43691,134154
43691,78500
43691,68420
43691,21018
43691,90845
43691,125083
43691,14082
43691,94455
43691,60468
43691,122112
43691,59657
43691,38904
43691,90809
43691,35223
43691,38419
43691,77795
43692,23544
43692,114628
43692,1373
43692,137846
43692,91950
43692,20363
43692,79574
43692,25163
43693,136300
43693,14413
43693,3003
43693,112491
43693,92408
43693,93938
43693,138080
43693,136969
43693,1974
43693,10729
43693,985
43693,131807
43693,52868
43693,41271
43693,84366
43693,96334
43693,46252
43693,48503
43693,128440
43693,104643
43693,76911
43693,59694
43693,87193
43693,68006
43693,73991
43693,94934
43693,123238
43694,106919
43694,30304
43694,24960
43694,86032
43694,120466
43694,122819
43694,67607
43694,69678
43694,53917
43694,44484
43694,70938
43694,56638
43694,109972
43695,64955
43695,48093
43695,83115
43695,91855
43695,123776
43695,126254
43695,111958
43695,98147
43695,94287
43695,22047
43695,61132
43695,1772
43695,96290
43695,31728
43695,110806
43695,95013
43695,98279
43695,38149
43695,87946
43695,134674
43695,11069
43695,99785
43695,43791
43695,45006
43695,10195
43695,108773
43695,92254
43695,36701
43695,53246
43695,128928
43695,21718
43695,20247
43696,30092
43696,129826
43696,121298
43696,78423
43696,105884
43696,29184
43696,85008
43696,102310
43696,134664
43696,40538
43696,17650
43696,33358
43696,55677
43696,93230
43696,54566
43696,54358
43696,64715
43696,49429
43696,87204
43696,47916
43696,21826
43696,133478
43696,491
43696,119872
43696,132129
43696,39220
43696,110938
43696,113193
43696,105966
43696,53264
43696,95669
43696,72532
43696,123743
43698,23324
43698,102355
43698,109138
43698,26521
43698,94690
43698,98525
43698,114107
43698,15970
43698,23787
43699,20863
43699,38130
43699,113768
43699,136220
43699,19807
43699,22756
43699,63470
43699,10906
43699,103369
43699,41832
43699,44530
43699,122752
43699,109651
43699,27669
43699,65995
43699,65481
43699,10250
43699,99801
43699,57626
43699,116361
43699,39137
43699,44485
43699,82699
43699,62946
43699,54445
43699,56603
43699,66444
43699,76814
43699,139299
43699,105140
43699,42389
43699,58599
43699,106600
43699,39576
43701,45792
43701,81370
43701,1265
43701,70106
43701,23275
43701,43314
43701,93088
43701,78715
43701,101864
43701,74465
43701,67833
43701,53426
43701,28431
43701,66891
43701,72280
43701,21426
43701,132060
43701,5610
43701,97198
43701,54089
43701,52679
43701,81179
43701,90038
43701,116868
43701,27830
43701,140635
43701,49427
43701,60667
43701,118319
43701,79139
43701,63651
43701,110948
43701,14525
43703,78190
43703,92705
43703,137426
43703,54662
43703,14126
43703,52276
43703,85141
43703,53498
43703,121353
43703,104749
43703,86560
43703,52691
43703,28313
43703,58077
43703,117689
43703,34354
43703,121167
43703,126798
43703,78303
43703,14331
43703,134989
43703,31456
43703,138592
43703,71069
43703,115123
43703,94082
43703,110861
43703,108085
43703,32815
43703,51912
43703,27294
43704,71664
43704,102095
43704,132023
43704,62617
43704,67762
43704,102394
43704,22611
43704,17744
43704,121093
43704,32454
43704,118001
43704,134880
43704,12211
43704,136759
43704,33961
43704,133687
43704,3976
43704,8486
43704,91387
43704,83714
43704,109110
43704,1604
43704,54153
43704,73395
43704,66739
43704,30144
43704,29165
43704,120512
43704,89029
43704,90310
43704,34710
43704,99787
43705,95307
43705,29604
43705,48153
43705,893
43705,95166
43705,38571
43705,121764
43705,65606
43705,53341
43705,56880
43705,30184
43705,111106
43705,89073
43705,44147
43705,46333
43705,17331
43705,81437
43705,64777
43705,27348
43705,97247
43705,56298
43705,6456
43705,16706
43705,114766
43705,85728
43705,88127
43705,91206
43705,113405
43705,21315
43705,59267
43705,36200
43705,63762
43705,111000
43705,42282
43708,92100
43708,132383
43708,67661
43708,115525
43708,51980
43708,43672
43708,22573
43708,60746
43708,70213
43708,19055
43708,50009
43708,87046
43708,139656
43708,64373
43708,82816
43708,32162
43708,41190
43708,78324
43708,101015
43708,13208
43708,129443
43708,127818
43708,58883
43708,17234
43708,22299
43708,33701
43708,41564
43708,35505
43710,59346
43710,73689
43710,6944
43710,26427
43710,1525
43710,114882
43710,17544
43710,119822
43710,48852
43710,77234
43710,17686
43710,28271
43710,49286
43710,89137
43710,114551
43710,8858
43710,124820
43710,115038
43710,85926
43710,77238
43710,103419
43710,122936
43710,73634
43712,127310
43712,32752
43712,43830
43712,48665
43712,133599
43712,81884
43712,129900
43712,18873
43712,135423
43712,30992
43712,52199
43712,30851
43712,99130
43712,59976
43712,62596
43712,83473
43712,116080
43712,79550
43712,53290
43712,72177
43712,33439
43712,78276
43712,20122
43712,107732
43712,51731
43712,127215
43712,41066
43712,87006
43712,14669
43712,58030
43712,55145
43713,16749
43713,82259
43713,116851
43713,64917
43713,103962
43713,41674
43713,25016
43713,27984
43713,34549
43713,61691
43713,71374
43714,58937
43714,67451
43714,89389
43714,2194
43714,118836
43714,73696
43714,105713
43714,30707
43714,133369
43714,101254
43714,19053
43714,121114
43714,50797
43714,97087
43714,78605
43714,16284
43714,21122
43714,82035
43714,23076
43714,10611
43714,66278
43714,51777
43716,114204
43716,132305
43716,69364
43716,26006
43716,19823
43716,81199
43716,98783
43717,52547
43717,72784
43717,29314
43717,123284
43717,9142
43717,21174
43717,749
43718,56600
43718,66734
43718,86873
43718,109177
43718,74532
43718,115762
43718,58951
43718,74467
43718,47114
43718,126077
43718,35638
43718,22707
43718,108027
43718,67988
43718,52032
43718,110044
43718,65745
43718,47622
43718,12247
43718,56259
43718,92498
43718,83840
43718,59393
43718,25574
43718,26352
43718,101287
43718,113302
43718,108388
43718,38308
43719,104905
43719,16206
43719,85624
43719,34386
43719,17007
43719,83000
43719,34767
43719,61096
43719,64281
43719,7858
43719,134976
43719,108406
43719,135939
43719,31605
43719,39311
43719,119044
43719,91338
43719,40348
43719,103183
43719,33722
43720,25536
43720,112281
43720,89626
43720,9057
43720,82144
43720,22051
43720,12865
43720,112915
43720,68488
43720,82246
43720,66505
43720,50692
43720,751
43720,16190
43720,49319
43720,28660
43720,46079
43720,90647
43720,52262
43720,133518
43720,129711
43720,70030
43720,81755
43720,12975
43720,27044
43720,28726
43720,67551
43720,44747
43720,73661
43720,19674
43720,78954
43720,14322
43720,13220
43721,136709
43721,54180
43721,17673
43721,54838
43721,56314
43721,98567
43721,88332
43721,78029
43721,62654
43721,78240
43721,133459
43721,95844
43721,83194
43721,7152
43721,58025
43721,66030
43721,20308
43721,84549
43721,94654
43721,53116
43721,43683
43721,66148
43721,84984
43722,127077
43722,65964
43722,115399
43722,31588
43722,112265
43722,133524
43722,86932
43722,43151
43722,58327
43722,77759
43722,11265
43722,42378
43722,133857
43722,84225
43722,110851
43722,50034
43722,29584
43722,98144
43722,49669
43722,110450
43722,122453
43722,62666
43722,19378
43722,61188
43722,125975
43722,134855
43722,64264
43722,53517
43722,86776
43722,117247
43722,73112
43722,66230
43724,32477
43724,99589
43724,121000
43724,25531
43724,73065
43724,4431
43724,44098
43724,127124
43724,16145
43724,20429
43724,16333
43724,63981
43724,122400
43724,102835
43724,38485
43724,137628
43724,17567
43724,127048
43724,137421
43724,8099
43724,21531
43724,97261
43724,136964
43724,72052
43724,62576
43724,137823
43724,121552
43724,51732
43724,136568
43724,132022
43725,43607
43725,125488
43725,21203
43725,56248
43725,128219
43725,63854
43725,22133
43725,15033
43725,38878
43725,121281
43725,72004
43725,11177
43725,134331
43725,50760
43725,2059
43725,100183
43725,78244
43725,117955
43725,119735
43725,81528
43725,74767
43725,111449
43725,32605
43725,93477
43725,11164
43725,105804
43725,137156
43725,100939
43725,87336
43725,62906
43725,66658
43725,48836
43726,21665
43726,19736
43726,13311
43726,126022
43726,7979
43726,46269
43726,110703
43726,123982
43726,124648
43726,42074
43726,71094
43726,138750
43728,95538
43728,42364
43728,132183
43728,60981
43728,30775
43728,18438
43728,127704
43728,47373
43728,80342
43728,3549
43728,105048
43728,12391
43728,41654
43728,135863
43728,4633
43728,126316
43728,26361
43728,7766
43728,126405
43728,7163
43728,78068
43728,119240
43728,3346
43728,109045
43728,17436
43728,117260
43728,102176
43728,115231
43728,50610
43728,2653
43728,62598
43728,82682
43728,46435
43728,106448
43729,122600
43729,78100
43729,105381
43729,23734
43729,114864
43729,32572
43729,106711
43729,121942
43729,6981
43729,93590
43729,12562
43729,71135
43729,56995
43729,53391
43729,75619
43729,9770
43729,38293
43730,36045
43730,52683
43730,5505
43730,53141
43730,25564
43730,36412
43730,79240
43730,15802
43730,57983
43730,46393
43730,110663
43730,13484
43730,119316
43730,125079
43730,125656
43730,13483
43730,72731
43730,131131
43730,90380
43730,119727
43730,51616
43730,62417
43730,21198
43730,43028
43730,66917
43730,361
43730,16499
43730,44170
43730,122299
43730,53172
43730,64949
43730,17580
43731,71825
43731,4698
43731,2841
43731,46788
43731,92659
43731,136951
43731,82417
43731,138284
43731,113741
43731,106603
43731,63496
43732,30713
43732,2951
43732,113606
43732,131220
43732,111381
43732,140203
43732,44269
43732,73702
43732,57096
43732,32343
43732,33210
43732,68470
43732,74632
43732,61154
43732,60225
43732,139748
43732,27579
43732,115960
43732,123576
43732,125280
43732,55420
43732,123681
43732,46125
43732,14649
43732,109000
43732,61628
43734,73630
43734,29766
43734,16142
43734,61973
43734,18577
43734,40818
43734,70149
43734,81909
43734,39721
43734,39208
43734,48126
43734,126647
43734,11362
43734,47144
43734,84719
43734,140521
43734,12040
43734,100816
43738,96914
43738,2253
43738,137640
43738,60728
43738,103634
43738,80949
43738,139153
43738,134374
43738,63831
43738,102620
43738,97192
43738,91641
43738,109769
43738,133922
43739,15602
43739,78123
43739,82639
43739,100169
43739,64222
43739,115015
43739,73319
43739,132091
43739,82388
43739,111556
43739,83397
43739,54880
43739,57174
43739,28811
43739,61357
43739,93017
43739,41805
43741,122161
43741,101250
43741,23298
43741,87809
43741,95343
43741,41993
43741,19020
43741,136051
43741,44172
43741,432
43741,13600
43741,112065
43741,108460
43741,79786
43741,122727
43741,79828
43741,107876
43741,120552
43741,7785
43741,99693
43741,68505
43741,114922
43741,110228
43741,30503
43741,66294
43741,121670
43741,47857
43741,47762
43741,2377
43741,65261
43741,20993
43741,98944
43741,93711
43741,23983
43743,89214
43743,83718
43743,18703
43743,74027
43743,49183
43743,15859
43743,24230
43743,24494
43743,37118
43743,93744
43743,7940
43743,70786
43743,72096
43743,139943
43743,11212
43743,69421
43743,16645
43743,24580
43743,4519
43743,112013
43745,114642
43745,47861
43745,29660
43745,4994
43745,130709
43745,76660
43745,74582
43745,32505
43745,36024
43745,33036
43745,57154
43745,60122
43745,123672
43745,89530
43745,13995
43745,38248
43745,59047
43745,18802
43745,115583
43745,483
43745,14314
43745,62016
43745,113862
43745,16321
43746,31010
43746,104525
43746,47047
43746,137124
43746,135185
43746,52695
43746,67621
43746,52140
43746,121441
43746,51937
43746,92715
43746,44029
43746,47605
43746,138923
43746,67780
43746,2523
43746,12672
43746,44720
43746,60504
43746,93774
43746,99284
43746,37529
43746,34025
43746,121906
43746,32323
43746,20483
43746,116720
43746,83800
43746,132853
43746,101130
43746,64152
43746,41902
43747,55419
43747,102001
43747,8830
43747,85911
43747,65934
43747,63048
43747,95006
43747,6105
43747,122284
43747,61848
43747,40981
43747,64100
43747,35247
43747,106566
43747,116977
43747,88802
43747,10896
43747,135135
43747,24062
43747,91113
43747,14295
43747,58675
43747,120421
43747,102541
43748,34117
43748,121875
43748,68840
43748,2249
43748,10671
43749,77192
43749,66829
43749,94837
43749,57385
43749,42013
43749,95519
43749,119306
43749,21062
43749,108658
43749,131410
43749,121285
43749,92749
43749,63454
43749,82151
43749,117232
43749,123424
43749,56111
43749,43987
43749,29006
43749,63848
43749,136287
43749,78541
43749,105570
43749,3674
43749,99360
43749,126157
43749,46288
43749,128115
43749,63490
43749,103037
43750,12581
43750,1912
43750,132604
43750,9139
43750,67769
43750,131170
43750,126825
43750,12674
43750,43506
43750,40074
43750,121895
43750,64037
43750,41268
43750,63997
43750,67561
43750,89904
43750,2916
43750,71266
43750,81112
43750,72350
43750,9653
43750,94657
43750,52291
43750,94315
43750,44242
43750,57175
43750,62511
43750,128876
43750,89135
43751,8339
43751,38047
43751,59693
43751,49658
43751,1863
43751,111883
43751,1786
43753,58994
43753,139235
43753,89536
43753,53691
43753,118035
43753,3615
43753,1595
43753,64657
43753,110422
43753,14242
43753,124734
43753,65247
43753,47627
43753,57600
43753,88888
43753,34036
43753,128447
43753,121395
43753,123976
43754,128085
43754,61934
43754,74045
43754,34263
43754,72090
43754,28181
43754,82231
43754,94729
43754,78599
43755,20700
43755,66229
43755,9577
43755,110772
43755,102483
43755,27384
43755,35196
43755,96250
43755,48256
43755,2978
43755,9245
43755,130442
43755,51373
43755,115357
43755,40175
43755,16046
43755,50100
43755,126230
43755,115184
43755,16611
43755,9007
43755,106563
43755,93465
43755,139673
43755,70248
43755,92207
43755,15191
43755,87467
43755,55363
43755,255
43755,43920
43756,62692
43756,98156
43756,82917
43756,77944
43756,121048
43756,56814
43756,93081
43756,96489
43756,28779
43756,1837
43756,33139
43756,24544
43756,112476
43756,68556
43756,83510
43756,52150
43756,2261
43756,66402
43756,33999
43756,139174
43756,4096
43756,23370
43757,4210
43757,16314
43757,128736
43757,65162
43757,85371
43757,94672
43758,111510
43758,83498
43758,35890
43758,119151
43758,84030
43758,63249
43758,16432
43758,108589
43758,54431
43758,39002
43759,121275
43759,48512
43759,51555
43759,140304
43759,21150
43759,128677
43759,88023
43759,114177
43759,5988
43759,47543
43759,25223
43759,74482
43759,75807
43759,25746
43759,100473
43759,52095
43759,88988
43759,58015
43759,98900
43759,55158
43759,34966
43759,82051
43759,88307
43759,90509
43759,45412
43759,131402
43759,112519
43759,35504
43759,18566
43759,109535
43759,90665
43759,78171
43760,103672
43760,23133
43760,64923
43760,4611
43760,34631
43760,47485
43760,134174
43760,3992
43762,94500
43762,88102
43762,128247
43762,121153
43762,67799
43762,2836
43762,15861
43762,2937
43762,122103
43762,49147
43762,11662
43762,73415
43762,139279
43762,125562
43762,120998
43762,80883
43762,138879
43762,134898
43762,109525
43762,24144
43762,140327
43762,135304
43762,99363
43762,35791
43762,60058
43762,17445
43762,87161
43762,110129
43764,25506
43764,107530
43764,29967
43764,8468
43764,62299
43764,52162
43764,109158
43764,24729
43764,50261
43764,76464
43764,47991
43764,136211
43764,86903
43764,51951
43764,7811
43766,112178
43766,89294
43766,38437
43766,33702
43766,34734
43767,105764
43767,38937
43767,24406
43767,10805
43767,36459
43767,13323
43767,36484
43767,20197
43767,104188
43767,3893
43767,16823
43767,97789
43767,24644
43767,108752
43767,105334
43767,21533
43767,31084
43767,69276
43767,27405
43767,129727
43767,112359
43767,130618
43767,51391
43767,85922
43767,16424
43767,80045
43767,53979
43767,7793
43767,81963
43767,54680
43767,20298
43767,133631
43768,13430
43768,55584
43768,35341
43768,135352
43768,2017
43768,68935
43768,3993
43768,122701
43768,4022
43769,61241
43769,23378
43769,35810
43769,58755
43769,18258
43769,409
43769,71230
43769,17405
43769,122466
43769,92766
43769,78407
43769,68163
43769,46740
43769,23410
43769,13304
43769,117220
43769,22186
43769,83626
43769,135870
43769,73033
43769,8082
43769,24724
43769,109084
43769,70613
43769,133187
43769,85245
43769,131969
43769,97805
43769,68066
43770,116505
43770,46027
43770,80545
43770,73145
43770,20013
43770,89238
43770,118165
43770,106307
43770,101520
43770,99062
43770,59466
43770,28132
43770,137487
43770,138641
43770,119794
43770,73077
43770,33828
43770,61011
43770,53916
43770,36507
43770,62403
43770,5700
43770,135028
43770,124043
43770,118206
43771,17716
43771,81669
43771,74651
43771,137727
43771,126584
43771,50782
43771,79726
43771,39899
43771,104161
43771,24054
43771,100934
43771,44342
43771,9098
43771,130482
43771,100040
43771,133810
43771,124110
43771,67782
43771,20121
43771,135888
43771,63806
43771,132157
43771,109902
43771,122222
43771,54
43771,112481
43771,78886
43771,18715
43771,86272
43771,100135
43771,113557
43773,70413
43773,128078
43773,104985
43773,59427
43773,55214
43773,70254
43773,4338
43773,10456
43773,27805
43773,87532
43773,103781
43774,113946
43774,105571
43774,50330
43774,112845
43774,124064
43774,137412
43774,26101
43774,119698
43774,68292
43774,70607
43774,20488
43774,51661
43774,72522
43774,39272
43774,134520
43774,93097
43774,62464
43774,53457
43774,60502
43774,70985
43774,31577
43774,106059
43774,25904
43774,137720
43774,100013
43774,51381
43774,97254
43774,59692
43774,45837
43774,61615
43774,22015
43775,109160
43775,9951
43775,44097
43775,64405
43775,58204
43775,78534
43775,96741
43775,102579
43775,65165
43775,112812
43775,56828
43775,71999
43775,119402
43775,100292
43775,131885
43775,11827
43775,101631
43776,82715
43776,6830
43776,47222
43776,123399
43776,12550
43778,44897
43778,55285
43778,71989
43778,23636
43778,34020
43778,112101
43778,77856
43778,68530
43778,104455
43778,100666
43778,75805
43778,101874
43778,116855
43778,31881
43778,59471
43778,108751
43778,139917
43778,101162
43778,9589
43778,27525
43778,57903
43778,101078
43778,138233
43778,137264
43778,134831
43778,55310
43778,11073
43778,41977
43779,4393
43779,6573
43779,100384
43779,106067
43779,91225
43779,80290
43779,45648
43779,70242
43779,46688
43779,21250
43779,58566
43779,119694
43779,31871
43779,83749
43779,13526
43779,103526
43779,11519
43779,113825
43779,140659
43779,20947
43780,106304
43780,69107
43780,33083
43780,92024
43780,88386
43780,9987
43780,45882
43780,131608
43780,45604
43780,110346
43780,107174
43780,80930
43780,122377
43780,43456
43780,6271
43780,44737
43780,99786
43780,34728
43780,17637
43780,45548
43780,125002
43780,119942
43780,10552
43780,90439
43780,99106
43780,15159
43780,8243
43780,21244
43780,99326
43780,92733
43780,26422
43780,115096
43780,19626
43780,110657
43782,104526
43782,67661
43782,105382
43782,111830
43782,15887
43782,40027
43782,30330
43782,132061
43782,110116
43782,55011
43782,99340
43782,83001
43782,129467
43782,124239
43782,63262
43782,58883
43782,5947
43782,70213
43782,65332
43782,77643
43782,127818
43782,17234
43782,64373
43782,57936
43782,43672
43782,119358
43782,129443
43782,41190
43782,84343
43782,101015
43782,76111
43783,77625
43783,112967
43783,136742
43783,132767
43783,94731
43783,107199
43783,84365
43783,19422
43783,33169
43784,107732
43784,137360
43784,20122
43784,2771
43784,128734
43784,99130
43784,101604
43784,21344
43784,83043
43784,100874
43784,87006
43784,71174
43784,51287
43784,30992
43784,41138
43784,107404
43784,106976
43784,81199
43784,120255
43784,58039
43784,14669
43784,114733
43784,104257
43784,49959
43784,442
43784,122060
43784,30261
43784,101586
43784,99970
43784,16745
43784,119158
43786,94837
43786,131410
43786,77192
43786,29006
43786,136917
43786,119306
43786,21062
43786,108658
43786,92749
43786,121285
43786,63454
43786,95519
43786,66829
43786,82151
43786,117232
43786,78541
43786,42013
43786,57385
43786,123424
43786,63848
43786,56111
43786,43987
43786,128115
43786,136287
43786,3674
43786,12573
43786,46288
43786,126157
43786,99360
43786,63490
43786,133790
43786,103037
43787,52058
43787,6160
43787,39912
43787,86948
43787,53926
43787,6267
43787,42806
43787,54626
43787,98130
43787,18667
43787,139336
43787,69543
43787,129117
43787,115161
43787,90185
43787,9452
43787,112614
43787,30815
43787,36898
43787,65336
43787,64558
43787,78954
43787,30073
43787,30840
43787,118179
43787,7506
43787,63298
43787,30932
43787,15941
43787,133518
43787,32982
43787,41208
43789,66456
43789,71167
43789,68358
43789,120589
43789,64694
43789,52350
43789,18139
43789,3186
43789,86011
43789,134999
43789,32780
43789,42805
43789,85659
43789,129791
43790,17414
43790,30125
43790,56285
43790,57362
43790,109456
43790,119013
43790,26333
43790,84816
43790,21660
43790,136530
43790,116997
43790,62809
43790,61585
43790,85937
43790,70658
43790,49989
43790,90591
43790,91399
43790,132654
43790,21457
43790,53053
43790,84795
43790,124635
43790,26533
43790,118013
43790,132106
43790,122526
43790,23209
43790,6755
43790,8535
43790,124958
43790,57498
43790,23751
43790,71787
43792,66449
43792,125990
43792,30127
43792,34421
43792,55496
43792,100634
43792,66696
43792,119092
43792,78773
43792,96405
43792,12946
43792,49115
43793,73554
43793,79541
43793,109508
43793,10824
43793,29238
43793,20002
43793,107277
43793,119899
43793,11646
43793,100300
43793,109661
43793,36510
43793,112062
43793,61218
43793,107285
43793,27371
43793,79104
43793,89440
43793,39659
43793,19449
43793,59873
43793,41476
43793,104615
43793,11831
43794,65839
43794,95812
43794,7648
43794,23102
43794,15
43794,84669
43794,11803
43794,50481
43794,36624
43794,75258
43794,100150
43794,101107
43794,102643
43794,134852
43794,116591
43794,68011
43794,9026
43794,136245
43794,127775
43794,97102
43797,110874
43797,86917
43797,17461
43797,122950
43797,66811
43797,37253
43797,2786
43797,59064
43797,23736
43797,103247
43797,46933
43797,111759
43797,34419
43797,98728
43797,25915
43797,100837
43797,38624
43797,136017
43797,41242
43797,37181
43797,42388
43797,43524
43797,96111
43797,77597
43797,99205
43799,22039
43799,24778
43799,92300
43799,86613
43799,14778
43799,28624
43799,48971
43799,96533
43799,73040
43799,53948
43799,109211
43799,95613
43799,36560
43799,77868
43799,57103
43799,18499
43803,133620
43803,21708
43803,83351
43803,137360
43803,99130
43803,34241
43803,2771
43803,78276
43803,30992
43803,41066
43803,33439
43803,72177
43803,132215
43803,51287
43803,40645
43803,20122
43803,68786
43803,87006
43803,14669
43803,84552
43803,16745
43803,58030
43803,104257
43803,114733
43803,49959
43803,27521
43803,127866
43803,99970
43806,48153
43806,89073
43806,41499
43806,42937
43806,12447
43806,30184
43806,21812
43806,86916
43806,81759
43806,87377
43806,56298
43806,121764
43806,46333
43806,1934
43806,95166
43806,139893
43806,17817
43806,71671
43806,21345
43806,97247
43806,20486
43806,128655
43806,114766
43806,104480
43806,39435
43806,91206
43806,85728
43806,37881
43806,76656
43806,122844
43806,8563
43806,19321
43806,49555
43810,69099
43810,21111
43810,43887
43810,33417
43810,41261
43810,66187
43810,55999
43810,53270
43810,90983
43810,109189
43810,63023
43810,85116
43810,106749
43810,90684
43810,46013
43810,54671
43810,127687
43810,73538
43810,124286
43810,50861
43810,103361
43810,115537
43811,31755
43811,60082
43811,37123
43811,101855
43811,110896
43811,120138
43811,14617
43811,34598
43811,63478
43811,81146
43811,139086
43811,11583
43811,46060
43811,125609
43811,87027
43811,39292
43811,14506
43811,6648
43811,56696
43811,112078
43811,123483
43811,17438
43811,78696
43811,103062
43812,105749
43812,13618
43812,2145
43812,17896
43812,16899
43812,126414
43812,17320
43812,121838
43812,121461
43812,110389
43812,55403
43812,59467
43812,62162
43812,66160
43812,85688
43812,122285
43812,88220
43812,51967
43812,51476
43812,45901
43812,19948
43812,122388
43812,17143
43812,134116
43812,91626
43812,137964
43813,55011
43813,123699
43813,104526
43813,97799
43813,92100
43813,27069
43813,51980
43813,115525
43813,82816
43813,64821
43813,10895
43813,75809
43813,23819
43813,114009
43813,70213
43813,27842
43813,19055
43813,60746
43813,50009
43813,99340
43813,100503
43813,60725
43813,65332
43813,67661
43813,122153
43813,30330
43813,15887
43813,9440
43813,13208
43813,127818
43814,38457
43814,37131
43814,34925
43814,67231
43814,106054
43814,23871
43814,117607
43814,37288
43815,106304
43815,131608
43815,69107
43815,9987
43815,33083
43815,54906
43815,57181
43815,84802
43815,56330
43815,70521
43815,72057
43815,98998
43815,110346
43815,44737
43815,59154
43815,6271
43815,118366
43815,37733
43815,25168
43815,26357
43815,81762
43815,132104
43815,102144
43815,8243
43815,18107
43815,123948
43815,110977
43815,43997
43815,4297
43815,100892
43815,62030
43815,15716
43816,26298
43816,135475
43816,127076
43816,96701
43816,126930
43816,22563
43816,135950
43816,96565
43816,77848
43816,94707
43816,68131
43816,136716
43816,46202
43816,671
43816,50423
43816,93347
43816,89506
43816,19553
43816,61229
43816,80297
43816,87706
43816,81372
43816,33249
43816,40819
43816,101651
43816,97138
43816,10664
43816,32997
43816,85350
43816,81784
43816,13198
43817,35491
43817,14527
43817,108605
43817,41024
43817,129873
43817,27375
43817,41153
43817,33107
43817,6507
43817,88902
43817,57045
43817,53995
43817,17186
43817,15371
43817,63825
43817,10428
43817,7178
43817,121394
43817,81233
43817,59697
43817,135476
43817,14268
43817,65796
43817,50492
43817,58111
43817,126599
43817,45647
43817,12261
43817,85372
43817,60157
43817,104338
43818,104407
43818,67983
43818,122220
43818,66763
43818,42108
43818,109485
43818,105661
43818,28275
43818,110713
43818,4864
43818,85179
43818,138158
43818,40320
43818,44494
43818,92027
43818,108278
43818,135498
43818,115580
43818,88847
43818,54768
43818,27226
43818,103005
43818,53676
43818,13177
43818,137762
43818,96910
43818,90453
43818,27902
43818,20613
43818,64594
43818,127462
43818,90789
43818,104003
43818,24259
43819,29280
43819,111137
43819,135420
43819,132213
43819,6533
43819,93176
43819,85826
43819,1311
43819,91337
43819,16545
43819,80329
43819,47377
43819,18640
43819,100969
43819,93276
43819,133400
43819,122129
43819,109217
43819,66541
43819,75787
43819,33233
43819,23611
43819,2379
43819,71309
43819,64336
43819,70863
43819,119620
43819,51049
43819,3497
43819,131397
43819,17132
43819,79429
43819,121787
43819,45407
43819,120606
43819,96614
43822,128342
43822,1734
43822,60570
43822,66571
43822,13266
43822,50004
43822,51906
43822,36918
43822,7013
43822,22954
43825,86149
43825,18177
43825,136175
43825,69881
43825,138228
43825,8780
43825,93547
43825,22167
43825,56079
43825,62307
43825,95335
43825,128357
43825,9264
43825,100024
43825,17080
43825,42306
43825,117026
43825,106017
43825,130068
43825,112805
43825,100633
43825,14551
43825,114024
43825,83459
43825,31147
43825,1097
43825,7114
43825,28207
43825,105005
43825,112194
43825,62820
43830,17795
43830,133520
43830,20679
43830,34740
43830,136312
43830,23984
43830,130413
43830,56046
43830,66095
43830,79585
43830,64897
43830,73557
43830,119357
43830,98849
43830,88721
43830,38739
43830,138184
43830,43549
43830,66890
43830,101782
43830,35054
43830,58295
43830,83713
43830,120499
43830,2196
43830,78834
43830,82886
43830,21770
43830,53713
43830,114808
43830,21213
43830,84999
43831,16285
43831,138969
43831,74007
43831,83752
43831,136836
43831,46374
43831,46897
43831,15926
43831,78447
43831,133374
43831,134202
43831,111558
43831,135622
43831,14145
43831,79620
43831,14856
43831,110196
43831,113342
43831,83350
43831,115934
43831,107115
43831,21032
43831,54803
43831,81927
43831,111396
43831,23019
43831,97613
43831,12190
43831,62033
43834,69887
43834,79217
43834,55767
43834,56381
43834,24661
43834,22958
43834,49484
43834,44173
43834,90710
43834,5747
43834,138911
43834,98592
43834,65147
43834,20766
43834,118043
43834,77128
43834,89363
43834,99697
43834,14279
43835,48233
43835,13934
43835,94261
43835,55865
43835,31135
43835,8917
43835,109868
43835,38981
43835,30487
43835,48898
43835,138722
43835,123096
43835,139000
43835,8508
43835,15608
43835,67927
43835,59056
43835,53904
43835,117430
43835,30986
43835,46320
43835,96553
43835,14411
43835,79437
43835,55059
43835,74251
43835,120274
43835,73379
43835,52515
43835,11885
43836,135291
43836,83905
43836,22389
43836,31557
43836,55765
43836,41764
43836,136651
43836,73599
43836,71579
43836,49114
43836,78311
43836,81985
43836,30059
43836,91967
43836,123694
43836,100701
43836,23021
43836,94384
43836,127878
43836,110458
43836,51227
43836,67269
43836,79980
43836,120706
43836,125201
43836,56965
43836,101428
43836,73297
43836,123893
43836,62697
43836,81446
43837,139595
43837,130660
43837,73127
43837,83216
43837,20997
43837,50703
43837,59384
43837,131983
43837,50543
43837,24469
43837,6366
43837,7592
43837,91998
43837,118929
43837,109848
43837,107079
43837,51841
43837,44315
43837,122989
43837,17696
43837,56522
43837,138404
43837,20281
43837,33266
43837,69431
43837,103168
43837,80735
43837,91540
43837,65122
43837,136033
43838,55774
43838,73822
43838,42550
43838,55981
43838,116754
43838,121162
43838,113443
43838,80738
43838,25100
43838,89824
43838,98134
43838,89008
43838,10132
43838,91644
43838,65058
43838,117043
43838,72140
43838,117870
43838,20087
43838,30515
43838,66476
43838,48118
43838,84154
43838,55450
43838,62152
43838,113035
43838,28983
43838,138205
43838,19931
43841,105181
43841,32004
43841,104220
43841,75210
43841,107233
43841,33747
43841,140279
43841,56466
43841,54439
43841,86297
43841,105599
43841,68887
43841,11320
43841,100379
43841,116136
43841,103347
43841,140318
43841,129090
43841,115185
43841,7673
43841,77491
43841,92252
43841,34415
43841,38616
43841,130628
43841,139192
43841,86528
43841,83286
43841,82280
43841,97009
43842,46785
43842,88164
43842,37055
43842,125433
43842,111829
43842,68966
43843,126089
43843,55705
43843,5513
43843,49704
43843,4255
43843,62715
43843,123708
43843,71077
43843,102150
43843,102101
43843,117848
43843,356
43843,65308
43843,96588
43843,19886
43843,96461
43843,83301
43843,140305
43843,101750
43843,57191
43843,127764
43843,57020
43843,47943
43843,110882
43843,8050
43843,119016
43843,17734
43843,111994
43843,39413
43843,131670
43846,57997
43846,116416
43846,52838
43846,11066
43846,79775
43846,16020
43847,62895
43847,131865
43847,136069
43847,117041
43847,118790
43847,67983
43847,56689
43847,103085
43847,101396
43847,49340
43847,112922
43847,49781
43847,132287
43847,88394
43847,1084
43847,75953
43847,124853
43847,69798
43847,104699
43847,42995
43847,139301
43847,99613
43847,108342
43847,25355
43847,104513
43847,5923
43847,54222
43847,10640
43847,36260
43847,29688
43847,137440
43847,57619
43847,68228
43847,55816
43847,76514
43848,93266
43848,107822
43848,41936
43848,114329
43848,88200
43848,101766
43848,5465
43848,47104
43848,25984
43848,54834
43848,20619
43848,54798
43848,86013
43848,23840
43848,4861
43848,94471
43848,62288
43848,19796
43848,124608
43848,111330
43848,129186
43848,55388
43848,131976
43848,58672
43848,64014
43849,17027
43849,109775
43849,125958
43849,33845
43849,109572
43849,35004
43849,121596
43849,37678
43849,98339
43849,25309
43849,3859
43849,36203
43849,123767
43849,3329
43849,54242
43849,116477
43849,17565
43850,60116
43850,88088
43850,26449
43850,58427
43850,120772
43850,5259
43850,138385
43850,88416
43850,33806
43850,57927
43850,71379
43850,29472
43850,87767
43850,97235
43850,44468
43851,4541
43851,7483
43851,41553
43851,101769
43851,80631
43851,97289
43851,55067
43851,1493
43851,51305
43851,48416
43851,95587
43851,129680
43851,106218
43851,22405
43851,12935
43851,127679
43851,104880
43851,44311
43851,105508
43851,85910
43851,21952
43853,61190
43853,54519
43853,4703
43853,116324
43853,48348
43853,93835
43853,2178
43853,52734
43853,29489
43853,53096
43853,23157
43853,18572
43853,139804
43853,79886
43853,81894
43853,100619
43853,16929
43853,68519
43853,77671
43855,54299
43855,136719
43855,20524
43855,106846
43855,112148
43855,37758
43855,71439
43855,74865
43855,122739
43855,9699
43855,25180
43855,35088
43855,90906
43855,81809
43855,57471
43855,31447
43857,97670
43857,66472
43857,106138
43857,35664
43857,122355
43857,118497
43857,129139
43857,130115
43857,52770
43857,114376
43857,132101
43857,58649
43857,35928
43857,12893
43857,56308
43857,6803
43857,128261
43857,116850
43857,49721
43857,64387
43857,109567
43857,63430
43857,31942
43857,113020
43857,85694
43857,81994
43857,56252
43857,61643
43857,118680
43857,67612
43857,113974
43857,6977
43857,95528
43858,130699
43858,105704
43858,43228
43858,113349
43858,90103
43858,28248
43858,91834
43858,121774
43858,9052
43858,135954
43858,123941
43858,59117
43858,127125
43858,16866
43858,95728
43858,93609
43858,93174
43858,50204
43858,26961
43858,14147
43858,9222
43858,4393
43858,56685
43858,24050
43858,81759
43858,91225
43858,351
43858,76777
43858,4309
43858,21315
43858,138547
43858,66861
43858,101598
43858,15672
43862,67753
43862,86398
43862,98577
43862,106794
43862,44111
43862,136612
43862,60113
43862,58684
43862,8834
43862,101461
43862,82845
43862,60108
43862,14565
43862,49062
43862,50856
43862,99380
43862,63607
43862,102566
43862,122339
43862,124194
43862,95076
43862,95832
43862,115660
43862,59422
43862,3728
43862,81571
43862,30320
43862,52175
43862,52503
43865,68001
43865,86040
43865,16933
43865,65731
43865,139999
43865,115510
43865,136995
43865,54719
43865,37781
43865,70193
43865,88992
43865,131883
43865,79592
43865,51510
43865,95365
43865,64271
43865,125994
43865,51176
43865,59107
43865,80565
43865,102519
43865,122328
43865,125180
43865,58010
43865,45229
43865,110452
43865,86897
43865,5931
43865,95567
43865,23390
43866,43065
43866,97596
43866,38811
43866,94617
43866,97660
43866,15601
43866,112456
43866,119125
43866,47682
43866,60990
43866,8246
43866,29251
43866,37100
43866,26132
43866,21408
43866,75649
43866,125084
43866,66050
43866,118405
43866,50590
43866,1387
43866,114661
43866,98670
43866,23011
43866,136081
43866,69221
43866,1246
43866,13968
43866,53976
43866,16506
43866,71283
43867,42287
43867,76893
43867,17531
43867,44754
43867,66255
43867,23321
43867,12070
43867,5033
43867,89503
43867,66460
43867,128131
43867,87014
43867,130961
43867,118915
43867,25606
43867,55185
43867,53761
43867,138198
43867,122656
43867,39073
43867,64353
43867,134503
43867,4531
43867,72648
43867,45787
43867,24763
43867,23138
43867,139084
43867,50808
43867,118661
43867,57589
43867,26492
43867,46797
43869,34873
43869,11284
43869,113586
43869,71739
43869,8456
43869,25566
43869,67813
43869,48230
43869,10216
43869,67887
43869,96099
43869,5866
43869,40380
43869,115048
43869,107175
43869,100586
43869,12912
43869,69688
43869,99806
43869,140436
43869,124947
43869,71662
43869,82394
43869,25684
43869,2733
43869,70196
43869,3046
43869,46883
43869,17967
43869,29953
43869,76087
43869,108963
43869,88899
43871,88044
43871,87507
43871,38733
43871,81489
43871,26849
43871,106196
43871,132991
43871,21835
43871,11294
43871,403
43871,81760
43871,87595
43871,14173
43871,7627
43871,20745
43871,64004
43871,20519
43871,38168
43871,60267
43871,123355
43871,57995
43872,68487
43872,7880
43872,1497
43872,77360
43872,57790
43873,82317
43873,131046
43873,27632
43873,23190
43873,34151
43873,95258
43873,133509
43873,5124
43873,22780
43873,93974
43873,5322
43873,96780
43873,29927
43873,75205
43873,135437
43873,88347
43873,118936
43873,4503
43873,24041
43873,133689
43873,119527
43873,27540
43873,6713
43873,35679
43873,59721
43873,15608
43873,79398
43873,67477
43873,113983
43873,67233
43873,41337
43873,138452
43873,3367
43874,36514
43874,19912
43874,19164
43874,140381
43874,21440
43874,16083
43874,9379
43874,50982
43874,110380
43874,60257
43874,60815
43874,17870
43874,64675
43874,67043
43874,69776
43874,90469
43874,79872
43874,119682
43874,115884
43874,92556
43874,895
43874,99626
43874,102514
43874,126151
43874,19425
43874,36502
43874,75569
43874,112370
43874,22271
43874,39917
43874,62336
43874,78995
43875,42120
43875,96681
43875,84345
43875,2805
43875,130332
43877,115562
43877,140304
43877,51555
43877,28943
43877,21150
43877,2899
43877,100473
43877,114177
43877,82051
43877,35881
43877,25746
43877,25223
43877,48512
43877,68658
43877,128677
43877,58015
43877,88988
43877,35504
43877,51653
43877,46094
43877,90665
43877,90509
43877,51974
43877,45412
43877,112519
43877,85323
43877,55158
43877,12507
43877,52463
43877,78171
43877,34966
43877,50151
43878,15107
43878,89238
43878,83096
43878,40165
43878,73699
43878,92432
43878,15195
43878,93203
43878,31148
43878,52125
43878,55380
43878,231
43878,1448
43878,54507
43878,56913
43878,120420
43878,86717
43878,73877
43878,88112
43878,32519
43878,87623
43878,58948
43878,126936
43878,59973
43878,27812
43878,88801
43878,135429
43878,96449
43878,44083
43878,41013
43878,16337
43878,85991
43879,52459
43879,69154
43879,137893
43879,17633
43879,32887
43879,130807
43879,36996
43879,137721
43879,10044
43879,41712
43879,45365
43879,98159
43879,55718
43879,98736
43879,84122
43879,1595
43879,36989
43879,98382
43879,100352
43879,126462
43879,121446
43879,78685
43879,69261
43879,78380
43879,23078
43879,64762
43879,28537
43879,123976
43879,51066
43879,91919
43879,78497
43879,33977
43880,36572
43880,71856
43880,6237
43880,57471
43880,10056
43880,41319
43880,81809
43880,136719
43880,50333
43880,13568
43881,74669
43881,78231
43881,126965
43881,112745
43881,19810
43881,23981
43881,84413
43881,132212
43881,44067
43881,12758
43881,31995
43881,54184
43881,104541
43881,64688
43881,44919
43881,116495
43881,73410
43881,138002
43881,30704
43881,39296
43881,133179
43881,98839
43881,57501
43881,92564
43881,128913
43882,21157
43882,123902
43882,126027
43882,26819
43882,25521
43882,136725
43882,27654
43882,82871
43882,55620
43882,19854
43882,87905
43882,269
43882,119532
43882,86202
43882,55006
43882,6982
43882,137275
43882,58063
43882,136683
43882,41329
43882,10942
43882,28318
43882,102398
43882,115455
43882,22601
43882,30977
43882,45337
43882,4218
43882,6133
43882,13634
43882,80291
43882,123665
43886,72325
43886,20101
43886,92337
43886,62387
43886,107766
43886,80543
43886,91490
43886,50978
43886,30935
43886,106852
43886,40268
43886,5743
43886,15692
43886,12550
43886,13915
43886,52133
43886,48918
43886,6830
43886,26474
43886,82715
43886,94391
43886,99110
43886,103019
43886,47222
43886,123399
43886,21976
43886,52498
43886,30245
43886,26650
43886,23244
43886,99367
43887,2613
43887,35432
43887,32818
43887,92948
43887,85210
43887,9169
43887,31463
43887,18420
43887,74110
43887,100234
43887,121965
43887,128945
43887,122203
43887,58240
43887,121116
43887,9946
43888,92570
43888,57494
43888,57273
43888,73
43888,25192
43888,67981
43888,18369
43888,73860
43888,140700
43888,13493
43888,84698
43888,26913
43888,116934
43888,65899
43888,113470
43888,68207
43888,90311
43888,112905
43888,73927
43889,60046
43889,24646
43889,122377
43889,94419
43889,117972
43889,35975
43889,95225
43889,45604
43889,67792
43889,50553
43889,2506
43889,21244
43889,94532
43889,9456
43889,57728
43889,103663
43889,81150
43889,106263
43889,28522
43889,16939
43889,109237
43889,92733
43889,26422
43889,87342
43889,42674
43889,99326
43889,130073
43889,115096
43889,38256
43889,41396
43889,53745
43889,2091
43889,114939
43889,77788
43890,52877
43890,106594
43890,14808
43890,6633
43890,83170
43890,102828
43890,139984
43890,31581
43890,114750
43890,73616
43890,72192
43890,2960
43890,139578
43890,133896
43890,80423
43890,34115
43890,92955
43890,22255
43890,111075
43890,18493
43894,107785
43894,120665
43894,50162
43894,13443
43894,12579
43894,99484
43894,54937
43894,105559
43894,54139
43894,15251
43894,13973
43894,12479
43894,9812
43894,44176
43894,134966
43894,69352
43894,116251
43894,78599
43894,130417
43894,68868
43894,42779
43894,10797
43894,107576
43894,51885
43894,17329
43894,63071
43894,73823
43894,80211
43894,82231
43894,22633
43894,5543
43894,34474
43894,18221
43896,72113
43896,138196
43896,6384
43896,127352
43896,28864
43896,49802
43896,1016
43897,27730
43897,74792
43897,117121
43897,58508
43897,109891
43897,9111
43897,89106
43897,70188
43897,1221
43897,80664
43897,1729
43897,13565
43897,65924
43897,8349
43897,106834
43897,114866
43897,5634
43897,4170
43897,84705
43897,14739
43897,130430
43897,1697
43897,134702
43897,99356
43897,72640
43897,133947
43897,107879
43897,128692
43897,105963
43898,130187
43898,87679
43898,65179
43898,12162
43898,7953
43898,133379
43898,104915
43898,88844
43898,54490
43898,75498
43898,89315
43898,116165
43898,61540
43898,18822
43900,35197
43900,24308
43900,75109
43900,16811
43900,29594
43900,40273
43900,41033
43900,59566
43900,28751
43900,133226
43900,31621
43900,101887
43900,101020
43900,107287
43900,8307
43900,105429
43900,111760
43900,120748
43900,31216
43900,29515
43900,51410
43900,53526
43900,73102
43900,106081
43900,5978
43900,111785
43900,91621
43900,46708
43900,57374
43900,23810
43900,93156
43902,22204
43902,71930
43902,64174
43902,107606
43902,52891
43902,111666
43902,75191
43902,101337
43902,67943
43902,51601
43902,43598
43902,58170
43902,31124
43902,76397
43902,23470
43902,122786
43902,74961
43902,103881
43902,104854
43902,66510
43902,140061
43902,73924
43902,125854
43902,113015
43902,83491
43902,424
43902,81676
43902,23336
43902,52624
43902,19917
43902,104778
43902,28164
43902,82609
43903,7372
43903,77843
43903,106356
43903,112178
43903,115241
43903,45480
43903,85678
43903,85531
43903,50569
43903,34734
43903,79253
43903,120915
43903,42263
43903,116170
43903,71028
43903,89294
43903,18731
43903,85140
43903,98126
43903,138659
43903,66285
43903,22172
43903,137194
43903,17000
43903,82347
43903,112238
43903,55598
43903,120291
43903,117638
43903,69389
43903,10335
43904,135551
43904,113106
43904,95292
43904,42265
43904,44502
43904,127297
43904,110302
43904,8343
43904,92436
43904,76770
43904,52135
43904,64710
43904,26618
43904,19427
43904,139250
43904,29559
43904,78919
43904,117931
43904,42201
43904,120514
43904,43815
43904,63256
43904,105476
43904,134910
43904,77508
43904,88219
43904,106872
43904,76689
43904,70035
43904,27955
43904,112806
43904,108213
43904,94390
43906,65909
43906,77036
43906,60434
43906,37489
43906,93880
43906,62533
43906,85097
43906,113182
43906,121248
43906,17743
43906,76239
43906,33216
43906,132470
43906,42493
43906,50969
43906,101358
43906,47687
43906,96876
43907,140304
43907,132838
43907,8849
43907,98900
43907,136707
43907,125859
43907,25381
43907,93655
43907,114731
43907,77616
43907,86443
43907,73926
43907,12976
43907,14266
43907,138056
43908,95006
43908,122603
43908,6105
43908,85911
43908,114106
43908,7430
43908,112172
43911,41808
43911,55047
43911,66798
43911,62189
43911,22744
43911,126445
43911,41280
43911,90287
43911,87248
43911,29410
43911,35543
43911,127377
43911,79881
43911,92828
43911,44126
43911,102205
43911,42766
43911,130704
43911,129033
43911,29395
43911,27350
43911,41184
43911,110756
43911,139555
43911,31125
43911,124494
43911,67945
43911,4606
43911,97075
43911,134
43911,138101
43911,18557
43912,134331
43912,11164
43912,119735
43912,15033
43912,58916
43912,21203
43912,128219
43912,6900
43912,51100
43912,22133
43912,56949
43912,63854
43912,117955
43912,124171
43912,121281
43912,125488
43912,43607
43912,38878
43912,1746
43912,81528
43912,100183
43912,78244
43912,56248
43912,111449
43912,87336
43912,2059
43912,137156
43912,48309
43912,100939
43912,62906
43912,32605
43912,105804
43914,29856
43914,39499
43914,97314
43914,134556
43914,27974
43914,83077
43914,73348
43914,25112
43914,62915
43914,17997
43914,18330
43916,18177
43916,14551
43916,114024
43916,112805
43916,86335
43916,62307
43916,1097
43916,8780
43916,69881
43916,127694
43916,95335
43916,56079
43916,100633
43916,70497
43916,83442
43916,28207
43916,128357
43916,117026
43916,7088
43916,100024
43916,42306
43916,130068
43916,87816
43916,106017
43916,138228
43916,71845
43916,87664
43916,90472
43916,93547
43916,105005
43916,31840
43917,78388
43917,47226
43917,5340
43917,21502
43917,61292
43918,13444
43918,76976
43918,17134
43918,43653
43918,133826
43918,82451
43918,46714
43918,136502
43918,127663
43918,114522
43918,57016
43918,29086
43918,125871
43918,5989
43918,99795
43918,79962
43918,91449
43918,98414
43918,95900
43918,136493
43918,121429
43920,87553
43920,125330
43920,2826
43920,20538
43920,63169
43920,103245
43920,130917
43920,38499
43920,40657
43920,48763
43920,131539
43920,135279
43920,31958
43921,116032
43921,130338
43921,88639
43921,111435
43921,85065
43921,76109
43924,82202
43924,81546
43924,88628
43924,9709
43924,7238
43924,91473
43924,56860
43924,77768
43924,97310
43924,507
43924,41959
43924,76083
43924,32411
43924,71006
43924,52508
43924,11007
43924,128821
43924,101790
43924,52361
43924,39930
43926,11794
43926,63010
43926,33752
43926,94257
43926,102203
43926,133320
43927,67144
43927,68153
43927,43228
43927,74580
43927,103812
43927,11429
43927,22541
43927,93795
43927,122659
43927,24096
43927,93609
43927,9775
43927,96104
43927,18280
43927,34304
43927,97689
43927,12915
43927,43757
43927,108225
43927,1064
43927,51517
43927,52839
43927,35495
43927,27619
43927,44798
43927,9222
43927,58555
43927,7264
43927,51899
43927,14770
43927,119508
43927,87622
43927,22659
43927,66380
43928,115295
43928,61989
43928,70190
43928,109407
43928,136102
43928,77705
43928,129333
43928,96017
43931,93851
43931,31989
43931,134110
43931,89810
43931,3043
43931,20159
43931,90075
43931,135435
43931,41664
43931,78710
43931,58743
43931,66686
43931,100590
43931,109149
43931,83665
43931,104033
43931,49326
43932,7898
43932,8917
43932,133509
43932,110258
43932,121696
43932,31135
43932,96974
43932,99025
43932,13934
43932,55865
43932,120238
43932,85555
43932,109868
43932,48233
43932,37790
43932,14960
43932,30487
43932,139000
43932,103982
43932,59056
43932,117430
43932,38981
43932,41438
43932,94897
43932,55059
43932,46320
43932,72873
43932,92090
43932,15073
43932,120274
43932,15608
43932,73379
43932,26856
43933,107652
43933,132210
43933,80545
43933,135028
43933,73145
43933,124043
43933,101520
43933,118670
43933,106307
43933,116505
43933,103174
43933,33828
43933,53883
43933,46027
43933,53916
43933,16325
43933,123898
43933,31038
43933,63417
43933,37540
43933,3235
43933,75890
43933,52703
43933,73077
43933,57169
43933,19836
43933,9831
43933,61011
43933,28132
43933,75907
43933,56697
43933,56908
43936,76587
43936,112430
43936,71158
43936,111753
43936,61645
43936,27687
43936,75402
43936,133579
43936,48356
43936,54157
43936,112801
43936,41726
43936,55390
43936,9551
43936,33867
43936,1424
43936,52438
43936,27108
43936,12208
43936,117453
43936,128902
43936,35525
43936,8954
43936,130377
43936,128815
43936,89488
43936,9308
43936,25427
43941,72109
43941,100202
43941,81901
43941,98230
43941,94340
43941,87213
43941,4808
43941,31702
43941,39412
43941,13354
43941,33238
43941,9382
43941,69639
43941,82078
43941,12145
43941,90598
43941,1336
43941,129824
43941,61492
43941,40216
43941,32613
43941,90718
43941,20673
43941,107808
43941,8694
43941,134675
43941,108367
43941,1502
43941,4071
43941,139598
43941,93050
43942,81445
43942,107793
43942,114439
43942,81205
43942,98822
43942,89620
43942,41941
43942,132824
43942,58190
43946,69543
43946,94209
43946,76576
43946,121229
43946,12146
43946,130803
43946,72324
43946,91310
43946,5335
43946,36785
43946,49512
43946,4547
43946,90468
43946,83517
43946,122323
43946,6317
43946,18610
43946,92543
43946,107639
43946,102352
43946,33553
43946,43120
43946,4398
43946,6585
43946,84592
43946,136787
43946,49124
43946,18870
43946,48022
43946,135459
43946,95383
43946,101443
43947,122995
43947,93564
43947,53603
43947,10720
43947,43935
43947,2609
43947,77058
43947,108280
43947,132008
43947,41474
43947,115392
43947,110890
43947,52566
43947,70824
43947,125397
43947,28459
43949,38786
43949,8176
43949,109087
43949,136191
43949,37931
43949,136147
43949,54692
43949,84288
43949,74946
43949,32412
43949,121988
43949,98333
43949,127939
43949,93597
43949,68618
43949,56874
43949,140362
43949,48452
43949,59559
43949,7653
43949,130866
43949,113850
43949,115379
43949,31146
43949,78369
43949,122606
43949,1044
43949,96034
43949,73083
43949,130147
43949,22330
43949,111606
43949,45683
43950,133776
43950,30125
43950,26333
43950,56285
43950,21660
43950,116997
43950,61585
43950,85937
43950,49989
43950,90591
43950,66363
43950,67587
43950,88790
43950,109456
43950,124635
43950,140196
43950,126305
43950,57362
43950,138505
43950,132106
43950,11339
43950,122526
43950,29621
43950,20942
43950,136530
43950,6755
43950,34248
43950,8535
43950,23751
43950,71787
43950,48048
43950,136600
43950,5919
43951,43816
43951,14680
43951,130421
43951,20065
43951,109758
43951,43288
43951,901
43951,17689
43951,114772
43951,2433
43951,120950
43951,22896
43951,136289
43951,22694
43951,112661
43951,16426
43954,96255
43954,81586
43954,115892
43954,53493
43954,5832
43954,18371
43954,99094
43954,101001
43954,87968
43954,130481
43954,97363
43954,64753
43954,36555
43954,58516
43954,140144
43954,19223
43954,65117
43954,81530
43954,59525
43954,136443
43954,64938
43954,95859
43954,92699
43954,16895
43954,91060
43954,4747
43955,11179
43955,124436
43955,92991
43955,105014
43955,109807
43955,73973
43955,97656
43955,41292
43955,86286
43955,51090
43955,24616
43955,18021
43955,12418
43955,50442
43955,55119
43955,64153
43955,670
43955,87608
43955,6599
43955,121182
43955,26050
43955,132840
43955,24756
43955,124118
43955,60948
43955,44400
43955,32008
43955,75142
43955,124942
43955,74336
43956,133133
43956,53747
43956,16148
43956,91125
43956,10416
43956,63443
43956,117933
43956,40410
43956,61745
43956,104759
43956,124207
43956,86218
43956,28576
43956,52569
43956,1764
43956,25161
43956,67254
43956,73553
43956,132021
43956,19688
43956,802
43956,95608
43956,117218
43956,127101
43956,8603
43956,9670
43956,130722
43956,61891
43956,75121
43956,38579
43956,88928
43956,57996
43957,57512
43957,125372
43957,125037
43957,57553
43957,96731
43957,38377
43957,64929
43957,1515
43957,127530
43957,120411
43957,109312
43957,128204
43957,20827
43957,21110
43957,127662
43957,25924
43957,62333
43957,83927
43957,129519
43957,114672
43957,91345
43957,41955
43957,64714
43957,98135
43957,102002
43957,66164
43957,34727
43958,84379
43958,68259
43958,38265
43958,132737
43958,97681
43958,89056
43958,39645
43958,116718
43958,97111
43958,86167
43958,95047
43958,25842
43958,12690
43958,38483
43958,65896
43959,90931
43959,117002
43959,78007
43959,126955
43959,35896
43959,133101
43959,114035
43959,115577
43959,57336
43959,67715
43961,50284
43961,15557
43961,24637
43961,83077
43961,130154
43961,61322
43961,21043
43961,102656
43961,63808
43961,45556
43961,12571
43961,112271
43961,20659
43961,92181
43961,58215
43961,84830
43961,109099
43961,77147
43961,48117
43961,17997
43961,69023
43961,137285
43961,53140
43961,50047
43961,125186
43961,114149
43961,7972
43961,105613
43961,134556
43961,25112
43961,38482
43962,79150
43962,136159
43962,6300
43962,121764
43962,5710
43962,893
43962,64777
43962,130699
43962,101652
43962,94956
43962,40649
43962,60458
43962,85001
43962,42937
43962,27619
43962,59779
43962,86289
43962,37798
43962,55303
43962,8951
43962,27817
43962,91834
43962,77583
43962,116554
43962,139502
43962,17170
43962,9052
43962,97305
43962,37881
43962,31750
43962,122980
43962,127523
43962,62689
43962,111860
43962,26815
43963,51665
43963,68407
43963,58571
43963,92780
43963,96413
43963,133520
43963,136712
43963,58295
43963,24017
43963,2196
43963,120620
43963,59139
43963,119902
43963,89730
43963,4928
43963,27347
43963,137653
43963,38953
43963,47378
43963,86158
43963,85379
43963,117407
43963,91284
43963,24632
43963,105908
43963,59521
43963,30063
43963,129403
43963,43610
43963,103741
43963,84297
43965,52921
43965,133555
43965,798
43965,53003
43965,39623
43965,36990
43965,127697
43965,108956
43965,96543
43965,18006
43965,105932
43965,93131
43965,17231
43965,95382
43965,108547
43965,2214
43965,10443
43965,137210
43965,136738
43965,22620
43965,16463
43965,91270
43965,63922
43965,125315
43965,54463
43965,115180
43965,11197
43965,14923
43965,7925
43966,23914
43966,76532
43966,25852
43966,139624
43966,48718
43966,139349
43966,5704
43966,67861
43966,113094
43966,134539
43966,53798
43966,20715
43966,81503
43966,106841
43966,40431
43966,27200
43966,61206
43966,87547
43966,25181
43966,75441
43966,46167
43966,87509
43966,31284
43966,89533
43966,107742
43966,138769
43966,12090
43966,15120
43966,117814
43966,25657
43966,9020
43967,67974
43967,83026
43967,43423
43967,16866
43967,25874
43967,38444
43967,21250
43967,49368
43967,100384
43967,22940
43967,14389
43967,70242
43967,38795
43967,80874
43967,117463
43967,34635
43967,1277
43967,44306
43967,7360
43967,128241
43967,53695
43967,28806
43967,109734
43967,83749
43967,91051
43967,113825
43967,17327
43967,64049
43967,7258
43967,33912
43967,93944
43967,113337
43968,69922
43968,10712
43968,126686
43968,85641
43968,85885
43968,43426
43970,80034
43970,76443
43970,17739
43970,13674
43970,28495
43970,116211
43970,85430
43970,6202
43970,30949
43970,116176
43970,122589
43970,115954
43970,140120
43970,11991
43970,68282
43970,77504
43970,70683
43970,72473
43970,75125
43970,59098
43970,100238
43970,135565
43970,113107
43970,131314
43970,139053
43970,28399
43970,64020
43970,34196
43970,85106
43970,49738
43970,14352
43970,25036
43970,71216
43971,120699
43971,36427
43971,79740
43971,1497
43971,34214
43971,111464
43971,98862
43971,8161
43971,62433
43971,82927
43971,120851
43971,36871
43971,17633
43971,73173
43971,131893
43971,21419
43971,13603
43971,14878
43971,47744
43971,32112
43971,32060
43971,79026
43971,111368
43971,108824
43971,63266
43971,57945
43971,64569
43971,44923
43971,30470
43971,10566
43971,138550
43971,135779
43971,31169
43973,67626
43973,27662
43973,109253
43973,75834
43973,63612
43973,79150
43973,86947
43973,53695
43973,44306
43973,46056
43973,1501
43973,33433
43973,114550
43973,81988
43973,31912
43973,116928
43973,119602
43973,75708
43973,26961
43973,115770
43973,127912
43973,93538
43973,117463
43973,66401
43974,18394
43974,136089
43974,72517
43974,56926
43974,41012
43974,110646
43974,33759
43974,72330
43974,13589
43974,71275
43974,79007
43974,18964
43974,6912
43974,124620
43974,84748
43974,106063
43974,64164
43974,7704
43974,39648
43974,36879
43974,123027
43974,49969
43974,70659
43974,48962
43974,130670
43974,105263
43974,43415
43974,89262
43974,4976
43974,22545
43974,129074
43974,126610
43975,21721
43975,17213
43975,11066
43975,79150
43975,20133
43975,3566
43975,59638
43975,130729
43975,64777
43975,116554
43975,130699
43975,111106
43975,88676
43975,39435
43975,90723
43975,122980
43975,114057
43975,37881
43975,106067
43975,103600
43975,102908
43975,97247
43975,26815
43975,32437
43975,83749
43975,12307
43975,4393
43975,62689
43975,95711
43975,12447
43975,68826
43975,35245
43975,55690
43975,36029
43977,21426
43977,45792
43977,81370
43977,23275
43977,1265
43977,70106
43977,62165
43977,43314
43977,101864
43977,140635
43977,28431
43977,72280
43977,53426
43977,66891
43977,132060
43977,52679
43977,97198
43977,89404
43977,81179
43977,39063
43977,90038
43977,49427
43977,27830
43977,130204
43977,95169
43977,84431
43977,60667
43977,118319
43977,67833
43977,79139
43978,24021
43978,17105
43978,68002
43978,53547
43978,19743
43978,31359
43978,125053
43978,111508
43978,111435
43978,65100
43978,69489
43978,85065
43978,67376
43978,95369
43978,81465
43978,98457
43978,98106
43978,21688
43978,119127
43978,136025
43978,18085
43978,131344
43978,103353
43978,4256
43978,74298
43978,126732
43978,18635
43978,56064
43978,1535
43978,46505
43978,117751
43978,39748
43979,97722
43979,55594
43979,134965
43979,75613
43979,43948
43979,115146
43979,88502
43979,952
43979,21653
43979,19024
43979,125623
43979,117203
43979,62883
43979,28941
43979,127741
43979,81780
43979,75202
43979,39522
43979,16805
43979,30078
43979,45159
43979,77206
43979,31360
43979,114118
43979,58443
43979,125431
43979,82743
43979,21871
43979,102104
43979,104367
43979,118226
43979,120561
43979,106370
43983,85555
43983,133509
43983,110258
43983,127094
43983,55865
43983,31135
43983,109868
43983,48233
43983,37790
43983,7898
43983,96553
43983,139000
43983,30487
43983,120238
43983,86188
43983,94261
43983,59962
43983,67927
43983,134671
43983,14960
43983,13934
43983,38981
43983,131414
43983,79437
43983,94897
43983,45693
43983,48898
43983,117430
43983,11885
43985,78693
43985,127776
43985,45204
43985,13033
43985,103475
43985,136777
43985,14196
43985,138604
43985,98870
43985,100104
43985,118063
43985,52338
43985,66062
43985,39617
43985,119369
43985,136010
43985,31313
43985,56565
43985,8627
43985,140194
43985,94649
43985,74890
43985,62963
43985,103230
43985,114746
43985,128041
43985,131567
43985,74083
43985,22840
43985,97746
43986,3197
43986,138360
43986,110448
43986,137844
43986,9510
43986,42414
43986,105388
43986,55986
43986,83625
43986,111322
43986,69031
43986,122720
43986,100023
43986,93078
43986,122268
43986,94045
43986,78455
43986,36410
43986,25241
43986,43044
43986,63205
43986,112890
43986,1263
43986,81178
43986,12431
43986,116133
43986,134301
43986,97859
43986,21822
43986,2454
43986,105958
43986,138867
43987,12173
43987,71045
43987,91753
43987,9677
43987,73117
43987,47017
43987,126234
43987,106199
43987,52097
43987,9172
43987,8124
43987,22583
43987,60230
43987,44376
43987,68667
43987,21182
43987,55738
43987,129713
43987,138199
43987,74941
43987,95400
43987,111938
43987,50237
43987,48396
43987,56775
43988,50094
43988,53213
43988,78973
43988,106177
43988,90283
43988,100223
43988,129378
43988,63443
43988,95080
43988,41992
43988,44600
43988,25731
43988,136922
43988,96702
43988,52569
43988,123429
43988,117218
43988,49497
43988,44362
43988,10336
43988,28576
43988,138896
43988,128643
43988,90298
43988,132021
43988,4748
43988,35474
43988,114742
43988,44366
43988,8180
43988,1764
43988,34339
43988,88928
43989,80034
43989,17739
43989,140120
43989,115954
43989,19465
43989,48555
43989,122589
43989,136833
43989,11991
43989,116176
43989,33405
43989,110990
43989,59098
43989,50215
43989,114820
43989,2039
43989,8077
43989,64020
43989,51923
43989,30949
43989,16631
43989,58735
43989,6087
43989,26618
43989,77563
43989,19565
43989,31576
43989,35187
43989,11881
43989,22414
43989,90284
43989,8282
43989,46276
43989,106070
43990,41470
43990,99720
43990,40087
43990,60679
43990,127575
43990,104506
43990,111899
43990,17455
43990,111383
43990,17806
43990,81460
43990,4433
43990,87621
43990,132329
43990,50030
43990,9420
43990,92066
43990,127277
43990,68185
43990,52653
43990,50036
43990,95140
43990,125967
43990,47515
43990,32680
43990,41578
43990,20865
43990,39436
43990,88811
43990,58746
43990,30128
43990,11223
43995,33204
43995,10364
43995,46723
43995,10089
43995,42984
43995,10099
43995,66836
43995,76925
43995,7660
43995,128080
43995,12930
43995,103601
43995,35694
43995,111525
43995,66676
43995,38077
43995,19360
43995,133575
43995,43686
43995,129974
43995,6410
43995,47455
43995,130050
43995,36318
43995,12320
43995,95940
43995,102376
43995,11625
43995,11101
43995,24782
43995,86414
43997,140192
43997,31626
43997,110579
43997,59579
43997,128718
43997,112042
43997,56686
43997,81611
43997,8084
43997,128984
43997,4718
43997,22168
43997,21799
43997,13124
43997,131956
43997,9361
43997,98256
43997,20079
43997,52967
43997,87217
43997,52677
43997,5546
43997,85023
43997,68387
43997,74672
43997,138358
43997,12235
43997,92788
43997,90024
43997,47539
43997,112682
43998,76617
43998,77482
43998,6214
43998,18970
43998,35338
43998,41415
43998,72813
43998,9401
43998,15181
43998,136536
43998,53867
43998,33035
43998,127949
43998,94354
43998,120901
43998,60758
43998,131053
43998,114366
43998,135957
43998,69434
43998,27312
43998,130634
43998,19381
43998,72857
43998,106874
43998,10922
43998,83407
43998,139830
43998,47087
43998,19074
43998,79231
43998,133389
44000,79421
44000,122845
44000,72008
44000,107205
44000,128455
44000,106807
44000,79342
44000,36187
44000,116971
44000,77811
44000,86506
44000,35407
44000,126511
44000,75475
44000,86202
44000,33352
44000,55006
44000,92214
44000,28829
44000,115059
44000,55739
44000,28318
44000,81316
44000,53278
44000,10942
44000,83404
44000,102398
44000,101144
44000,123665
44000,12222
44000,6133
44000,41329
44003,66323
44003,33347
44003,70215
44003,13539
44003,110071
44003,9118
44003,123789
44003,54642
44003,101181
44003,33939
44003,35179
44003,37650
44003,104763
44003,5026
44003,13807
44003,75241
44003,73477
44003,132890
44003,79829
44003,134576
44003,45764
44003,70600
44003,43366
44003,19229
44003,24136
44003,553
44003,16296
44003,112592
44003,45107
44003,49423
44003,43688
44006,92614
44006,102433
44006,93426
44006,15596
44006,4168
44006,32596
44006,101277
44006,16629
44006,103390
44006,8530
44006,103942
44006,53231
44006,60861
44006,90064
44006,123196
44006,81480
44006,48435
44006,9153
44006,112156
44006,115984
44006,59186
44006,67766
44006,93750
44006,98376
44006,123796
44006,117762
44006,46946
44006,108020
44006,92126
44006,51819
44006,49206
44006,133046
44006,110804
44008,67144
44008,68153
44008,43228
44008,103812
44008,93795
44008,35495
44008,136353
44008,119508
44008,96104
44008,24096
44008,93609
44008,18280
44008,71285
44008,9775
44008,11429
44008,34304
44008,97689
44008,12915
44008,43757
44008,52839
44008,51517
44008,27619
44008,14437
44008,9222
44008,44798
44008,58555
44008,7264
44008,122659
44008,14770
44008,87622
44008,24050
44008,66380
44008,127468
44010,119317
44010,122115
44010,64194
44010,34593
44010,88465
44010,76483
44010,38553
44011,103812
44011,43228
44011,60898
44011,84341
44011,119508
44011,43757
44011,34304
44011,24096
44011,12915
44011,122659
44011,67281
44011,108225
44011,14437
44011,64620
44011,6497
44011,40040
44011,25960
44011,140087
44011,9318
44011,128050
44011,130175
44011,138437
44011,45420
44011,93609
44011,103402
44011,55148
44011,113327
44011,44798
44011,62833
44011,80769
44011,114141
44011,107100
44011,36784
44011,127468
44019,113522
44019,34179
44019,1994
44019,110555
44019,133503
44019,42645
44019,122456
44019,75916
44019,77663
44019,120161
44019,105561
44019,40910
44019,61924
44019,57238
44019,109507
44019,112573
44019,23962
44019,41623
44019,2798
44019,102726
44019,73013
44019,106726
44019,106879
44019,78301
44019,53034
44019,108519
44019,64099
44019,2635
44019,51403
44019,2283
44020,112479
44020,132925
44020,57845
44020,11602
44020,134586
44020,64488
44020,104098
44020,44897
44020,20772
44020,102466
44020,41944
44020,82404
44020,100666
44020,130981
44020,58579
44020,116855
44020,83624
44020,73620
44020,48071
44020,126950
44020,140533
44020,55310
44020,84914
44020,133732
44020,10763
44020,37643
44020,77210
44020,99349
44020,123227
44020,1426
44020,12299
44020,29402
44022,114796
44022,78706
44022,13623
44022,96202
44022,87766
44022,48446
44022,73339
44022,66587
44022,111733
44022,140156
44022,124365
44022,82259
44022,16749
44022,19459
44022,114680
44022,28100
44022,8027
44022,49576
44022,97451
44022,12666
44022,116851
44022,71529
44022,96152
44022,48616
44022,104163
44022,106513
44022,71374
44022,112102
44022,41674
44022,30239
44022,13494
44022,20894
44023,123196
44023,126553
44023,59186
44023,131615
44023,60861
44023,115984
44023,95904
44023,93813
44023,39126
44023,53231
44023,135611
44023,112517
44023,89199
44023,17977
44023,77457
44023,42722
44023,85629
44023,139798
44023,92614
44023,57683
44023,126761
44023,129039
44023,18268
44023,112068
44023,125324
44023,46946
44023,139508
44023,67766
44023,98200
44026,9315
44026,57308
44026,89449
44026,90878
44026,93720
44026,94753
44026,130335
44026,94297
44026,65638
44029,66104
44029,23577
44029,34609
44029,19775
44029,599
44029,66042
44029,46562
44029,125045
44029,68588
44029,38911
44029,64067
44029,121213
44029,47408
44029,56074
44029,65175
44029,112980
44029,136276
44029,98411
44029,25439
44029,39817
44029,89023
44029,99429
44029,121004
44029,71000
44029,107780
44029,66497
44029,85540
44029,129565
44029,84425
44029,72119
44029,74584
44031,81352
44031,48922
44031,13221
44031,23982
44031,100267
44031,47427
44031,119806
44031,49905
44031,54022
44031,100328
44031,56136
44032,95942
44032,80275
44032,55314
44032,38260
44032,118178
44032,81498
44032,54064
44032,119957
44032,31963
44032,46743
44032,14391
44032,131077
44032,82196
44032,113297
44032,91974
44032,111913
44032,12449
44032,34947
44032,2476
44032,83232
44032,813
44032,24645
44032,6011
44032,2508
44032,86400
44032,109470
44032,75309
44032,128364
44032,44719
44032,34065
44032,43838
44032,98541
44032,27213
44037,85089
44037,115805
44037,63550
44037,115831
44037,34160
44037,91021
44037,120379
44037,18418
44037,66440
44037,92634
44037,126217
44037,63819
44037,2980
44037,124371
44037,76580
44037,17635
44037,93573
44037,22007
44037,20433
44037,77723
44037,55544
44037,112059
44037,131135
44037,935
44037,50691
44037,3969
44037,4662
44037,75990
44037,106523
44037,57778
44037,3301
44037,76304
44037,1454
44037,122462
44037,74551
44038,94956
44038,107316
44038,136159
44038,80767
44038,17213
44038,24345
44038,140130
44038,20133
44038,18380
44039,6490
44039,71760
44039,81839
44039,101103
44039,71473
44039,137227
44039,10489
44039,89546
44039,13834
44039,16965
44039,6630
44040,135028
44040,20013
44040,33828
44040,46027
44040,106307
44040,97227
44040,9831
44040,90803
44040,54507
44040,101198
44040,97785
44040,124602
44040,75907
44040,46517
44040,43463
44040,31038
44040,37616
44040,86717
44040,80619
44040,51492
44040,116747
44040,106169
44040,109150
44040,109983
44040,87623
44040,104770
44040,27375
44040,80999
44040,134724
44040,123898
44040,56697
44040,85372
44041,56285
44041,21660
44041,27052
44041,90591
44041,76341
44041,122526
44041,37423
44041,8535
44041,23751
44042,84277
44042,111382
44042,105245
44042,127691
44042,23349
44042,40808
44042,127683
44042,48574
44042,75160
44042,87797
44042,9688
44042,22576
44042,67832
44042,43458
44042,42436
44042,11296
44042,95715
44042,119447
44042,36696
44042,36143
44042,58481
44042,70364
44042,67808
44042,48467
44042,96171
44042,29871
44042,606
44043,86398
44043,72769
44043,21243
44043,8834
44043,125420
44043,868
44043,111478
44043,84316
44043,55348
44043,43735
44043,29228
44043,135711
44043,75484
44043,63809
44043,52148
44043,22529
44043,66325
44043,49062
44043,81571
44043,3728
44043,58684
44043,101461
44043,86262
44043,55248
44043,11153
44043,39442
44043,134879
44043,3335
44043,136767
44043,99380
44043,85417
44043,95832
44043,52503
44043,80814
44044,16314
44044,26392
44044,60634
44044,4210
44044,66374
44044,23000
44044,84652
44044,26349
44044,76006
44044,30635
44044,124509
44044,77982
44044,136319
44044,94520
44044,94672
44044,26594
44044,994
44044,85371
44044,81547
44044,128736
44044,75460
44044,71892
44044,83559
44044,82535
44044,33025
44044,116856
44044,47820
44044,52176
44044,52444
44046,59081
44046,17105
44046,19743
44046,66506
44046,124166
44046,81465
44046,31359
44046,24021
44046,67376
44046,98106
44046,137514
44046,136025
44046,89951
44046,109650
44046,131901
44046,108433
44046,8289
44046,62168
44046,55073
44046,74298
44046,136880
44046,131344
44046,1535
44046,91687
44046,56064
44046,119127
44046,98557
44046,14041
44046,125053
44046,84526
44046,115213
44046,117751
44047,84407
44047,54048
44047,79211
44047,38001
44047,95098
44047,74428
44047,2859
44047,77286
44047,60000
44047,40666
44047,39235
44047,81997
44047,80898
44047,45820
44047,89564
44047,139007
44047,137928
44047,35844
44047,47233
44047,30414
44047,36314
44047,97016
44047,23464
44047,24757
44047,112695
44047,103854
44047,36763
44048,72325
44048,91827
44048,92337
44048,15692
44048,80543
44048,30935
44048,123399
44048,6830
44048,20101
44048,62387
44048,50978
44048,103019
44048,56748
44048,5743
44048,54020
44048,6867
44048,80467
44048,47222
44048,96987
44048,18523
44048,120681
44048,100322
44048,84627
44048,57242
44048,82749
44048,7047
44048,11589
44048,21976
44048,60064
44048,129277
44048,39922
44050,108301
44050,4253
44050,96117
44050,136347
44050,81835
44050,47591
44050,40166
44050,126922
44050,61819
44050,87341
44050,136970
44050,47289
44050,62067
44050,87345
44050,28016
44051,16462
44051,7676
44051,132511
44051,93168
44051,88719
44051,66321
44051,84556
44051,25444
44051,55396
44051,29877
44051,934
44051,113139
44051,33804
44051,108521
44051,88186
44051,103408
44051,48994
44051,32897
44051,131310
44051,2924
44051,120580
44051,84320
44051,67804
44051,136128
44051,103149
44051,120386
44051,66729
44051,23454
44051,56637
44052,103174
44052,51178
44052,132210
44052,19836
44052,118670
44052,119794
44052,80545
44052,101520
44052,33828
44052,3724
44052,87652
44052,137976
44052,73145
44052,37540
44052,46027
44052,106307
44052,131917
44052,124043
44052,34221
44052,135028
44052,63417
44052,57169
44052,61011
44052,31038
44052,53916
44052,16325
44052,36507
44052,96808
44052,20022
44052,42983
44052,28132
44052,123583
44054,134288
44054,23358
44054,33067
44054,37063
44054,14024
44054,4634
44054,84341
44054,106230
44054,75795
44054,24984
44054,70887
44054,48004
44054,122248
44054,60244
44054,99270
44054,107028
44054,120248
44054,1949
44054,75147
44054,38758
44054,41441
44054,56917
44054,34852
44054,8312
44054,40048
44054,21638
44054,107087
44054,5132
44054,123709
44054,80579
44054,96112
44054,52263
44054,8374
44055,58400
44055,43512
44055,117761
44055,75468
44055,82824
44055,135463
44055,20629
44055,72901
44055,42
44055,120112
44055,84998
44055,54582
44055,79088
44055,41812
44055,78728
44055,88398
44055,89005
44055,5865
44055,16316
44055,52762
44055,63820
44055,135785
44055,113078
44055,75861
44055,67468
44055,105357
44055,78442
44055,46184
44055,35989
44056,27788
44056,118188
44056,9696
44056,96426
44056,119653
44056,97937
44056,4106
44056,4435
44056,49601
44056,105336
44056,123706
44057,45773
44057,113573
44057,36087
44057,82676
44057,28410
44057,111045
44057,8146
44057,20667
44057,56395
44057,8500
44057,24531
44057,42369
44057,83846
44057,854
44057,14748
44057,51556
44057,99897
44057,77995
44057,123077
44057,114705
44057,94306
44057,27948
44057,94189
44057,45718
44057,56538
44057,85263
44057,89441
44057,89313
44057,36912
44057,52946
44057,119376
44058,126749
44058,108095
44058,56311
44058,118903
44058,60139
44058,97269
44058,135604
44058,15875
44058,127171
44058,108602
44058,52458
44058,31107
44058,117598
44058,21774
44058,15328
44058,102659
44058,108359
44059,48186
44059,7161
44059,268
44059,34665
44059,12146
44059,9452
44059,73852
44059,63998
44059,121229
44059,139303
44059,69543
44059,105524
44059,46146
44059,89913
44059,21922
44059,27321
44059,2799
44059,20944
44059,4942
44059,6317
44059,96306
44059,13855
44059,131223
44059,107639
44059,74064
44059,119426
44059,51920
44059,32966
44059,24796
44059,86192
44059,122924
44060,70804
44060,125419
44060,65814
44060,138171
44060,138657
44060,61092
44060,47645
44060,72609
44060,68443
44060,134328
44060,96217
44060,22024
44060,39062
44060,87130
44060,122130
44060,21846
44060,28676
44060,53642
44060,76346
44060,91653
44060,94669
44060,14163
44060,10129
44060,44200
44060,103882
44060,88070
44061,33428
44061,17460
44061,36763
44061,13705
44061,20737
44061,135426
44061,8206
44061,67291
44061,88613
44061,72503
44061,57010
44061,16308
44061,98689
44061,73888
44061,70312
44061,94032
44061,75260
44061,107535
44061,36202
44061,13067
44061,39505
44061,131436
44062,29286
44062,136159
44062,18380
44062,60458
44062,7360
44062,86289
44062,107316
44062,140130
44062,17213
44062,82957
44062,39975
44062,109431
44062,93944
44062,20133
44062,74130
44062,8951
44062,7258
44062,126571
44062,3566
44062,59638
44062,95486
44062,77583
44062,56685
44062,37798
44062,24345
44062,50890
44062,80767
44062,139502
44062,134654
44062,130018
44063,110367
44063,129796
44063,63507
44063,130799
44063,35899
44063,85047
44063,101939
44063,112760
44063,103326
44063,140297
44063,132625
44063,8734
44063,82027
44063,114155
44063,7044
44063,34803
44063,105318
44063,11451
44063,139836
44063,76376
44063,53541
44063,62865
44063,29363
44063,66964
44063,73093
44063,38861
44063,135854
44063,94310
44063,119005
44063,410
44063,63502
44063,107295
44067,118766
44067,11948
44067,59098
44067,13674
44067,132817
44067,92927
44067,131580
44067,12183
44067,75637
44067,81720
44067,127861
44067,5961
44067,10418
44067,47556
44067,45410
44067,68206
44067,70903
44069,11429
44069,72106
44069,43228
44069,74580
44069,68153
44069,93795
44069,22541
44069,35495
44069,52839
44069,122659
44069,67144
44069,103812
44069,24096
44069,9775
44069,14770
44069,119508
44069,96104
44069,18280
44069,34304
44069,43757
44069,66380
44069,1064
44069,51517
44069,12915
44069,27619
44069,14437
44069,9222
44069,7264
44069,136353
44069,51899
44069,97689
44069,24050
44069,127468
44072,115088
44072,132535
44072,52009
44072,8513
44072,133480
44073,45884
44073,65129
44073,124173
44073,10737
44073,88349
44073,37294
44073,53555
44073,33908
44073,79784
44073,87186
44073,135731
44073,18716
44073,23757
44073,19434
44073,63440
44073,99570
44073,111660
44073,49625
44073,93439
44073,134876
44073,67811
44073,116902
44073,42630
44073,49846
44073,75297
44073,35876
44073,130002
44073,116776
44073,36085
44073,38651
44073,63192
44075,12870
44075,139193
44075,80336
44075,86248
44075,49855
44075,51883
44076,127210
44076,122895
44076,96270
44076,111752
44076,63248
44076,97038
44076,93485
44076,59354
44076,64575
44076,61129
44076,49149
44076,25100
44076,118968
44076,55309
44076,64273
44076,102479
44076,139319
44076,24676
44076,72711
44076,51331
44076,38707
44076,125557
44076,109598
44076,139966
44076,138371
44076,55450
44076,73822
44076,68567
44076,18181
44076,9761
44076,132972
44078,21362
44078,5792
44078,32410
44078,715
44078,76561
44078,54077
44078,2959
44078,110218
44078,120509
44078,3394
44078,72955
44078,44736
44078,99722
44078,117971
44078,55728
44078,28805
44078,53533
44078,61720
44078,48468
44078,46526
44078,74283
44078,30931
44078,113576
44078,119784
44078,16715
44078,9752
44078,111649
44078,61135
44078,42181
44078,21946
44078,128317
44078,6718
44078,122249
44079,85580
44079,37789
44079,66697
44079,34403
44079,94712
44079,61879
44079,83960
44079,10475
44079,94629
44079,104990
44079,105960
44079,34781
44079,117490
44079,10231
44079,139647
44079,67466
44079,69119
44079,33956
44079,114187
44079,84312
44079,100139
44079,133238
44079,33624
44079,43049
44079,108405
44079,125919
44079,89767
44079,9363
44079,3551
44079,17297
44081,64104
44081,110750
44081,137367
44081,48535
44081,64798
44081,41602
44081,85780
44081,125425
44081,80400
44081,90182
44081,88854
44081,92440
44081,26712
44081,69845
44081,29680
44081,24157
44081,35469
44081,5605
44081,106848
44081,51505
44081,62517
44081,135974
44081,82858
44081,4372
44081,54758
44081,2374
44081,50454
44081,72118
44081,38332
44081,49945
44081,62013
44081,125055
44081,50214
44082,71622
44082,34630
44082,55416
44082,31067
44082,28839
44082,5425
44082,91816
44082,38034
44082,46337
44082,48103
44082,121018
44082,39419
44082,82179
44082,15979
44082,3327
44082,25718
44082,101102
44082,121133
44082,126060
44082,132849
44082,18751
44082,79824
44082,55167
44082,12413
44082,114718
44082,21227
44082,15221
44082,65427
44082,73658
44082,99640
44082,33186
44082,2928
44083,29827
44083,31968
44083,41263
44083,80086
44083,104370
44083,68188
44083,70808
44083,96666
44083,35818
44083,25386
44083,71394
44083,40906
44083,117263
44083,121355
44083,45878
44083,103530
44085,101517
44085,80325
44085,66248
44085,120288
44085,24904
44085,30743
44085,114870
44085,10682
44085,21038
44085,40256
44085,106237
44085,75222
44085,89184
44085,60572
44085,103692
44085,500
44085,94126
44087,1722
44087,132469
44087,56254
44087,38538
44087,87522
44087,36996
44087,5598
44087,58037
44087,84032
44087,86343
44087,44686
44087,111464
44087,135499
44087,90610
44090,57662
44090,86209
44090,76994
44090,125959
44090,69179
44090,24903
44090,118401
44090,94537
44090,83208
44091,107389
44091,93770
44091,140592
44091,12315
44091,20777
44091,57546
44091,80752
44091,51769
44091,15330
44091,666
44091,39502
44091,54991
44091,83807
44091,54572
44091,123612
44091,119568
44092,13674
44092,86704
44092,23862
44092,61695
44092,83134
44092,118766
44092,24519
44092,42265
44092,124191
44092,57648
44092,13499
44092,116211
44092,77504
44092,134823
44092,65860
44092,125747
44092,86928
44092,68282
44092,4780
44092,132817
44092,81451
44092,11948
44092,131203
44092,28694
44092,106872
44092,70838
44092,118919
44093,139594
44093,114816
44093,49139
44093,13883
44093,71176
44093,63966
44093,24859
44093,112075
44093,68845
44093,39838
44093,67931
44093,75040
44093,62558
44093,103217
44093,108976
44093,60102
44093,133119
44093,70006
44093,136657
44094,64335
44094,103127
44094,39039
44094,137650
44094,73081
44094,106751
44094,100163
44094,117696
44094,29595
44094,108843
44094,60236
44094,136410
44094,112740
44094,71651
44094,113098
44094,59426
44094,55479
44094,65391
44094,48303
44094,38295
44094,97410
44094,139845
44094,20843
44094,36580
44094,53664
44094,45087
44094,8120
44094,110234
44094,12221
44094,87480
44094,45428
44094,76109
44094,56017
44094,30210
44094,15151
44095,132034
44095,118968
44095,83729
44095,18552
44095,59354
44095,67649
44095,105989
44095,63365
44095,116598
44095,3736
44095,64575
44095,72711
44095,73515
44095,85852
44095,92315
44095,67830
44095,81028
44095,93272
44095,109779
44095,139319
44095,72144
44095,104589
44095,26800
44095,102045
44095,53253
44095,51482
44096,124166
44096,419
44096,31359
44096,137514
44096,125053
44096,85065
44096,137042
44096,65100
44096,111435
44096,53547
44096,67376
44096,98106
44096,89951
44096,69489
44096,46505
44096,98359
44096,59081
44096,17105
44096,136880
44096,19743
44096,18635
44096,95369
44096,98457
44096,67569
44096,115213
44096,4256
44096,111831
44096,56064
44096,74298
44096,81465
44096,39748
44097,46417
44097,92294
44097,115323
44097,69219
44097,44859
44097,73565
44097,62178
44097,73530
44097,127344
44097,122740
44097,4418
44097,26888
44097,47095
44097,116353
44097,87083
44097,93320
44097,70754
44097,32235
44097,130592
44097,135470
44097,76783
44098,83422
44098,55920
44098,93249
44098,37555
44098,13728
44098,133186
44098,114770
44098,128794
44098,24584
44098,97282
44098,98380
44098,34583
44098,121735
44099,19191
44099,12988
44099,42884
44099,289
44099,33463
44099,121496
44099,58573
44099,15385
44099,126944
44099,79813
44099,112033
44099,98984
44099,51099
44099,45659
44099,68685
44099,120126
44099,67730
44101,85601
44101,87307
44101,69946
44101,47610
44101,80293
44101,59780
44101,83925
44101,78190
44101,127116
44101,55012
44101,9480
44101,54118
44101,48919
44101,24131
44101,45938
44101,67467
44101,133127
44101,47177
44101,53498
44101,77594
44101,20857
44101,14726
44101,121701
44101,91981
44101,83133
44101,93870
44101,71368
44101,103112
44101,575
44101,32068
44101,49652
44103,42087
44103,60832
44103,51849
44103,65418
44103,138559
44103,116032
44103,114250
44103,62301
44103,96371
44103,40083
44103,80230
44103,125042
44103,120352
44103,22019
44103,139809
44103,71504
44103,116308
44103,96329
44103,70273
44103,87760
44103,119412
44103,15768
44103,21398
44103,65642
44103,73262
44103,77004
44103,39673
44103,11683
44103,76130
44103,86912
44107,62546
44107,58207
44107,26443
44107,71758
44107,112116
44107,118098
44107,20272
44107,109857
44107,94418
44107,140730
44107,135149
44107,27644
44107,85183
44107,65044
44107,11423
44107,125321
44107,71179
44107,25955
44107,62597
44107,8189
44107,12264
44107,59194
44107,25532
44107,4244
44107,135139
44107,126560
44107,139306
44107,61228
44107,86621
44107,25817
44107,53072
44107,80491
44107,124880
44108,76443
44108,13674
44108,28495
44108,24519
44108,45896
44108,30949
44108,115954
44108,59098
44108,4780
44108,30057
44108,820
44108,135565
44108,85106
44108,14352
44108,28399
44108,49738
44108,136833
44108,90626
44108,92927
44108,11948
44108,70683
44108,132817
44108,23095
44108,26269
44108,113107
44108,39355
44108,105476
44108,70903
44108,37522
44108,71216
44108,86622
44108,33077
44112,15014
44112,70386
44112,138293
44112,134063
44112,1093
44112,121525
44112,86879
44112,90356
44112,137070
44112,133026
44112,63963
44112,53599
44112,65857
44112,127879
44112,98785
44112,131029
44112,78621
44112,42036
44112,19287
44112,2380
44112,110768
44112,78813
44112,227
44112,115935
44112,75919
44112,642
44112,17408
44115,15994
44115,71181
44115,3213
44115,90730
44115,21155
44115,4875
44115,126657
44115,41278
44115,23268
44115,20592
44115,1497
44115,8962
44115,25476
44115,79740
44115,14536
44115,32887
44115,17633
44115,59546
44115,61529
44115,60084
44115,25075
44115,135499
44115,53494
44115,1230
44115,23212
44115,98736
44115,24685
44115,7880
44115,7051
44115,122621
44115,69261
44115,44923
44115,30950
44118,85976
44118,48271
44118,89402
44118,85734
44118,4014
44118,63527
44118,17941
44118,120071
44118,95421
44118,8251
44118,100436
44118,23235
44118,114394
44118,37077
44118,133404
44118,19359
44118,130505
44118,100244
44118,94071
44118,40701
44118,83554
44118,22418
44118,66616
44118,92111
44118,37246
44121,112281
44121,89626
44121,12865
44121,68488
44121,112915
44121,105164
44121,25536
44121,50692
44121,52262
44121,59484
44121,22051
44121,81755
44121,9057
44121,751
44121,16190
44121,49319
44121,133518
44121,129711
44121,13220
44121,23345
44121,14322
44121,48075
44121,12975
44121,28726
44121,22272
44121,78954
44121,90647
44121,73661
44121,67551
44122,43288
44122,106623
44122,92094
44122,121152
44122,130421
44122,1927
44122,5611
44122,51146
44122,37113
44122,47909
44122,76693
44122,116819
44122,17980
44122,118877
44122,78370
44122,100828
44122,57937
44122,72207
44122,15285
44122,13560
44122,82143
44122,21287
44122,2433
44122,54440
44122,22896
44122,112661
44122,134914
44122,128408
44122,22694
44122,120950
44122,17689
44124,79600
44124,34942
44124,65690
44124,42488
44124,106455
44124,12747
44124,31737
44124,92802
44124,103756
44124,79864
44124,80671
44124,83212
44124,64795
44124,108803
44124,29138
44124,121337
44124,58416
44124,90135
44124,30903
44124,118676
44125,126657
44125,40517
44125,77935
44125,126719
44125,30878
44125,41712
44125,53494
44125,139197
44125,7919
44125,41278
44125,3213
44125,138600
44125,84032
44125,38725
44125,38538
44125,111170
44125,121267
44125,131295
44125,135499
44125,7527
44125,23212
44125,95931
44125,126462
44125,23078
44125,69261
44125,82659
44125,7880
44125,129968
44125,78838
44125,33590
44125,37235
44127,64017
44127,119002
44127,133846
44127,94241
44127,138290
44127,6400
44127,115994
44127,19965
44127,80067
44127,54795
44127,54739
44127,50366
44127,110915
44127,118722
44127,37339
44127,25027
44127,112270
44127,114201
44127,53443
44127,76755
44127,82967
44127,978
44127,83079
44127,32279
44127,79141
44127,97430
44127,38769
44127,105745
44127,95394
44127,59204
44127,23256
44127,10494
44129,4867
44129,6052
44129,27313
44129,32831
44129,18551
44129,49742
44129,60372
44129,93829
44129,104470
44129,117062
44129,87332
44129,44291
44130,87975
44130,63617
44130,101221
44130,67044
44130,137461
44130,103924
44130,136895
44130,25235
44130,75050
44130,106149
44130,17091
44130,64371
44130,13871
44130,19758
44130,108042
44130,90638
44130,90674
44130,56428
44130,93956
44130,118704
44130,51479
44130,81819
44130,30586
44130,101115
44130,82870
44130,134502
44130,18309
44130,98582
44130,119288
44130,107314
44130,136371
44130,72021
44131,72106
44131,68153
44131,24096
44131,103812
44131,11429
44131,67144
44131,93795
44131,22541
44131,35495
44131,27619
44131,119508
44131,14770
44131,96104
44131,97689
44131,43757
44131,66380
44131,51517
44131,12915
44131,9775
44131,44798
44131,9222
44131,7264
44131,84955
44131,136353
44131,122659
44131,52839
44131,3021
44131,71285
44131,49041
44131,24050
44131,127468
44131,66861
44133,132034
44133,18552
44133,118968
44133,116598
44133,67649
44133,92315
44133,63365
44133,139319
44133,51482
44133,59354
44133,73515
44133,85852
44133,108471
44133,100293
44133,72144
44133,102479
44133,81028
44133,38916
44133,102045
44133,26800
44133,104589
44133,72711
44133,10169
44134,114950
44134,79705
44134,67643
44134,55592
44134,88126
44134,72056
44134,51823
44134,94722
44134,72396
44134,87922
44134,15409
44134,115516
44134,1568
44134,14465
44134,56715
44134,10480
44134,139686
44134,99850
44134,59005
44134,28472
44134,91306
44134,128058
44134,80994
44134,44872
44134,49960
44134,79680
44134,66367
44134,8261
44134,97358
44134,66940
44135,90178
44135,28711
44135,104379
44135,101881
44135,10356
44135,129971
44135,98466
44135,52510
44135,52647
44135,116485
44135,17574
44135,139251
44137,52732
44137,12664
44137,9676
44137,32548
44137,74558
44137,117112
44137,14535
44137,1189
44137,5239
44137,84736
44137,26567
44137,61801
44137,46120
44137,122713
44137,46221
44137,109624
44137,15037
44140,31243
44140,35941
44140,1854
44140,30406
44140,75692
44140,88508
44140,103324
44140,108778
44140,82448
44140,10795
44140,114
44140,5340
44140,26411
44140,105902
44140,48354
44140,74834
44140,92842
44140,55967
44140,47226
44140,124453
44140,26955
44140,30881
44140,106548
44140,118760
44140,111070
44140,140703
44140,82801
44140,93787
44140,98140
44140,30502
44140,5613
44141,22827
44141,48843
44141,85107
44141,101028
44141,24280
44142,76733
44142,54489
44142,117894
44142,83661
44142,57355
44142,109998
44142,20366
44142,101159
44142,65062
44142,130912
44142,108481
44142,134767
44142,29337
44142,47554
44142,54525
44142,11923
44142,73876
44142,36798
44142,89948
44142,15592
44142,18138
44142,94092
44142,30246
44142,81920
44142,75719
44142,6417
44142,25320
44142,20627
44142,124809
44142,72751
44142,58287
44143,78569
44143,3281
44143,6975
44143,89650
44143,57068
44143,26501
44143,92541
44143,8334
44143,63801
44143,11735
44143,103354
44143,27846
44143,84403
44143,77253
44143,58483
44143,106319
44143,29734
44143,63280
44143,107162
44143,77168
44143,26066
44143,87190
44143,33
44143,6169
44143,128693
44143,100799
44143,51093
44143,96019
44143,17159
44143,76569
44143,109315
44143,27324
44143,119295
44147,15531
44147,111584
44147,134677
44147,86518
44147,86595
44147,80261
44147,87854
44147,139934
44147,9341
44147,100608
44147,41532
44147,33693
44147,129823
44147,64823
44147,128252
44147,6865
44147,63345
44147,111113
44147,49788
44147,98013
44147,72376
44147,3365
44147,41846
44147,127814
44147,65725
44147,58260
44147,116791
44147,61903
44147,53018
44147,20236
44147,102043
44147,127621
44149,36289
44149,66327
44149,111752
44149,63248
44149,140696
44149,97038
44149,924
44149,75781
44149,96270
44149,105534
44149,90771
44149,138371
44149,124255
44149,137301
44149,131958
44149,50432
44149,14515
44149,10242
44149,78945
44149,26099
44149,130541
44149,139847
44149,93485
44149,122895
44149,69236
44149,45875
44149,132972
44149,109598
44149,58817
44149,123375
44151,110617
44151,67753
44151,52676
44151,25104
44151,82993
44151,100126
44153,91714
44153,21155
44153,87618
44153,109576
44153,1230
44153,42855
44153,50653
44153,138974
44153,88187
44153,77071
44153,59989
44153,70987
44153,23268
44153,121386
44153,89638
44153,57863
44153,68487
44153,115026
44153,140734
44153,25154
44153,4076
44153,64074
44153,1595
44153,71220
44153,4472
44153,130428
44153,116974
44153,85861
44153,35599
44153,27911
44155,2310
44155,130181
44155,120608
44155,101005
44155,11569
44155,43790
44155,136133
44155,23512
44155,128672
44155,108782
44155,118830
44155,113986
44155,45952
44155,88894
44155,135714
44158,134417
44158,99484
44158,37283
44158,120665
44158,63145
44158,103860
44158,50162
44158,33168
44158,52784
44158,43594
44158,107785
44158,98770
44158,128085
44158,25467
44158,72597
44158,61934
44158,134966
44158,13443
44158,54937
44158,9812
44158,79841
44158,51979
44158,28939
44158,38484
44158,131110
44158,1085
44158,37567
44158,60008
44158,78200
44158,17619
44158,87215
44158,1140
44158,28181
44158,69352
44159,32760
44159,37145
44159,123004
44159,64433
44159,4629
44159,96836
44159,1533
44159,27999
44159,135208
44160,99537
44160,9005
44160,36239
44160,94160
44160,103961
44160,47886
44160,62458
44160,71745
44160,123813
44160,108641
44160,57923
44160,108035
44160,17295
44161,87154
44161,7377
44161,59539
44161,87490
44161,77574
44161,40048
44161,41400
44161,126789
44161,49928
44161,74085
44161,78150
44161,28517
44161,11462
44161,113402
44161,35010
44161,123584
44161,69171
44161,78642
44161,86989
44161,109
44161,98719
44161,25979
44161,52263
44161,33509
44161,122248
44161,127988
44161,41441
44161,11631
44161,1949
44161,19150
44161,8374
44161,72826
44162,13484
44162,3447
44162,94584
44162,16651
44162,33561
44162,118916
44162,119727
44162,108197
44162,12238
44162,6913
44162,39054
44162,154
44162,48556
44162,8536
44162,2040
44162,49447
44162,59232
44162,133815
44162,46726
44162,46981
44162,26418
44162,19233
44162,15103
44162,6184
44162,121896
44162,92411
44162,17382
44162,119669
44162,78330
44162,117448
44162,102345
44162,18306
44162,136631
44164,128329
44164,80367
44164,137458
44164,82676
44164,28410
44164,39149
44164,137670
44164,94306
44164,27948
44164,87298
44164,70904
44164,20667
44164,67015
44164,8146
44164,133003
44164,110292
44164,26289
44164,89441
44164,56538
44164,77995
44164,32826
44164,116984
44164,82391
44164,129859
44164,4745
44164,63455
44164,26368
44164,854
44164,5327
44164,44672
44164,62941
44165,111752
44165,19797
44165,8057
44165,135410
44165,526
44165,105502
44165,63248
44165,98615
44165,140696
44165,16942
44165,122409
44165,36289
44165,82329
44165,137301
44165,100293
44165,10242
44165,66327
44165,15491
44165,29677
44165,1696
44165,107655
44165,116927
44165,124937
44165,42906
44165,79318
44165,45211
44165,43025
44165,26779
44165,125743
44165,26099
44166,6395
44166,61079
44166,63012
44166,69479
44166,69869
44166,103230
44169,103812
44169,11429
44169,67144
44169,72106
44169,68153
44169,43228
44169,136353
44169,74580
44169,96104
44169,93795
44169,35495
44169,119508
44169,24096
44169,9775
44169,18280
44169,34304
44169,43757
44169,12915
44169,108225
44169,66380
44169,1064
44169,51517
44169,97689
44169,22541
44169,52839
44169,27619
44169,9222
44169,7264
44169,51899
44169,122659
44169,14770
44169,49041
44169,127468
44169,66861
44170,108756
44170,69245
44170,97095
44170,9557
44170,103684
44170,116307
44170,61573
44170,114510
44170,55589
44170,138813
44170,100905
44170,102607
44170,47755
44170,39229
44170,94859
44170,13293
44170,16443
44170,49470
44170,58192
44170,61339
44170,122081
44170,55031
44170,54308
44170,10271
44170,69077
44170,68541
44170,125424
44172,74620
44172,31551
44172,36386
44172,32488
44172,77889
44172,24150
44172,121567
44172,108240
44172,31759
44172,104658
44172,34471
44172,109380
44172,3622
44172,91535
44172,29256
44172,94577
44172,12112
44172,85932
44172,92329
44172,70946
44172,38972
44172,64726
44172,116708
44172,86498
44172,107414
44172,140461
44172,118037
44172,51015
44172,114824
44173,14249
44173,30945
44173,10583
44173,23727
44173,89102
44173,101397
44173,121464
44173,139688
44173,4488
44173,34228
44173,105924
44173,136447
44173,68770
44173,73314
44173,23012
44173,53562
44173,86009
44173,53013
44173,62110
44173,138561
44174,79240
44174,19202
44174,38346
44174,16651
44174,40341
44174,16024
44174,132416
44174,12238
44174,2094
44174,16466
44174,37923
44174,3628
44174,64827
44174,78727
44174,97500
44174,89365
44174,79183
44174,119817
44174,133072
44174,40901
44174,55905
44174,35087
44174,34584
44174,33561
44174,15103
44174,7516
44174,135176
44174,105517
44174,6184
44174,129376
44174,105232
44174,47793
44174,8536
44174,124538
44174,106618
44175,48996
44175,75209
44175,90192
44175,25517
44175,47888
44175,98108
44175,40871
44175,49117
44175,126954
44175,102487
44175,79783
44175,140761
44175,19524
44175,49129
44175,32941
44175,13370
44175,36904
44175,107806
44175,101261
44175,74999
44175,34109
44175,117904
44175,120551
44175,132291
44175,7123
44175,52736
44175,117566
44175,32103
44175,94165
44175,9606
44176,129912
44176,138056
44176,20267
44176,125089
44176,119541
44176,114167
44176,136707
44176,46630
44176,30446
44176,8849
44176,27002
44176,85392
44176,48390
44176,49735
44176,114682
44176,63557
44176,10892
44176,25222
44176,89874
44176,65916
44176,54584
44176,37531
44176,25381
44176,114731
44176,32759
44176,53627
44176,117559
44176,82610
44176,73926
44176,71259
44176,109535
44176,31712
44176,139865
44177,132083
44177,86991
44177,133284
44177,128905
44177,35050
44177,32606
44177,43121
44177,83987
44177,96734
44177,35140
44177,118538
44177,33480
44177,118925
44177,1023
44177,48769
44177,17097
44177,45371
44177,14641
44177,85901
44177,85416
44177,139078
44177,113150
44177,96980
44177,112184
44177,51402
44177,46075
44177,32829
44177,137104
44177,140217
44177,114077
44177,83778
44177,127526
44177,89391
44177,71765
44178,134555
44178,21243
44178,8834
44178,14565
44178,110617
44178,22529
44178,113547
44178,58684
44178,48520
44178,86398
44178,112417
44178,105928
44178,60113
44178,21473
44178,98577
44178,126876
44178,60108
44178,122339
44178,44111
44178,95723
44178,52148
44178,95076
44178,75484
44178,25253
44178,59422
44178,50856
44178,23987
44178,89750
44178,109439
44178,95832
44178,3728
44178,99380
44178,81571
44178,49062
44181,124251
44181,46096
44181,69625
44181,113508
44181,137438
44181,65119
44181,140562
44181,116558
44181,73972
44181,62603
44182,25223
44182,105565
44182,108509
44182,128677
44182,11838
44182,82051
44182,46630
44182,125089
44182,27002
44182,47379
44182,10892
44182,25222
44182,117284
44182,89874
44182,20267
44182,66613
44182,73926
44182,90757
44182,53627
44182,138056
44183,65632
44183,125881
44183,58957
44183,83567
44183,119716
44183,66621
44183,46611
44183,133674
44183,35022
44183,121178
44183,84829
44183,33343
44183,68972
44183,12110
44183,24323
44183,44515
44183,49532
44183,3855
44183,28526
44183,80782
44183,139545
44183,19081
44183,109276
44183,12241
44183,32483
44183,76384
44184,50000
44184,13076
44184,71504
44184,39673
44184,40460
44184,86912
44184,96039
44184,121156
44189,22578
44189,139917
44189,30618
44189,113229
44189,9589
44189,62326
44189,121350
44189,21808
44189,137751
44189,101162
44189,71922
44189,43440
44189,112479
44189,52209
44189,63812
44189,82604
44189,34020
44189,10763
44189,66606
44189,58217
44189,121675
44189,124234
44189,23073
44189,57445
44191,118749
44191,59058
44191,38898
44191,104546
44191,52203
44191,117509
44191,125993
44191,17018
44191,114364
44191,23347
44191,20969
44191,51259
44191,85491
44191,96337
44191,73330
44191,79155
44191,114017
44191,49316
44191,61296
44191,44323
44191,17592
44191,43185
44191,140810
44192,76560
44192,72485
44192,71142
44192,119330
44192,61370
44192,87495
44192,58972
44192,114575
44192,120804
44192,110499
44192,64447
44192,51558
44192,49873
44192,133086
44192,85393
44192,5263
44192,77575
44192,12934
44192,44684
44192,135473
44192,119641
44192,19871
44192,115653
44192,59673
44192,121865
44192,12990
44192,80684
44192,97076
44192,40017
44192,14724
44192,25300
44192,94572
44194,41585
44194,70352
44194,92698
44194,115763
44194,121287
44194,114777
44194,40463
44194,44197
44194,11414
44194,30417
44194,42875
44194,79534
44194,27711
44194,67688
44194,35043
44194,68689
44194,77109
44194,18569
44194,38846
44194,43966
44194,5103
44194,31442
44194,68783
44194,104149
44194,134786
44194,117347
44194,34348
44194,37788
44194,44879
44194,36612
44194,31945
44194,63682
44194,135195
44196,8687
44196,100047
44196,73886
44196,28633
44196,83334
44196,48284
44196,9451
44196,104634
44196,137148
44196,95879
44196,117242
44196,101112
44196,65543
44196,6523
44196,108092
44196,104085
44196,113293
44196,61484
44196,117114
44196,43140
44196,136005
44196,38231
44196,35547
44196,30020
44196,22968
44196,78590
44196,7799
44196,131852
44196,2995
44196,24820
44196,56746
44196,42224
44196,135285
44196,51794
44196,137955
44198,136400
44198,120758
44198,93725
44198,79882
44198,52354
44198,92483
44198,42209
44198,3055
44198,5827
44198,71706
44198,26477
44198,97292
44198,21923
44198,5717
44198,78878
44198,126270
44199,105139
44199,116793
44199,9992
44199,81792
44199,122757
44199,112335
44199,79137
44199,34505
44199,66800
44199,80748
44199,105140
44199,128461
44199,99801
44199,65481
44199,37255
44199,102679
44199,23121
44199,110759
44199,137984
44199,13580
44199,58027
44199,57626
44199,115148
44199,7244
44199,62946
44199,14133
44199,75913
44199,91150
44199,92649
44199,88969
44199,46859
44199,134259
44199,39576
44201,90664
44201,50553
44201,54726
44201,95225
44201,12224
44201,107761
44201,104922
44201,49717
44201,60095
44201,11959
44201,120602
44201,94532
44201,21244
44201,101260
44201,103248
44201,87342
44201,71230
44201,92733
44201,115096
44201,90261
44201,62382
44201,53930
44201,129954
44201,27276
44201,127058
44201,15882
44201,6647
44201,129605
44201,87184
44201,73297
44201,37182
44201,32737
44201,138210
44201,79980
44204,79140
44204,2182
44204,130425
44204,14705
44204,103316
44204,118638
44204,127863
44204,82933
44204,44865
44204,26141
44204,78478
44204,115684
44204,50992
44204,121878
44204,117838
44204,109689
44204,54371
44205,70308
44205,14301
44205,50197
44205,66177
44205,5786
44205,92886
44205,112570
44205,134058
44205,66551
44205,130973
44205,79896
44205,75282
44205,10771
44205,34744
44205,139465
44205,29709
44205,99046
44205,11304
44205,126908
44205,44118
44205,50957
44205,21599
44205,122761
44205,103748
44205,79915
44205,45577
44205,42541
44205,76505
44205,37646
44205,125223
44205,15934
44205,116257
44205,12929
44206,1536
44206,82093
44206,65474
44206,40585
44206,85572
44206,56922
44206,131700
44206,99019
44206,59100
44209,108894
44209,80908
44209,63672
44209,135280
44209,88699
44209,138890
44209,78848
44209,96436
44209,59036
44209,56980
44209,15050
44209,39021
44209,58341
44209,73155
44209,61542
44209,127279
44209,13745
44209,103691
44209,39790
44209,120569
44209,28119
44209,79277
44209,9994
44209,116799
44209,57214
44209,38317
44209,38431
44209,113
44209,78869
44209,78337
44213,105382
44213,132061
44213,138900
44213,77643
44213,83001
44213,640
44213,73082
44213,104960
44213,134189
44213,84343
44213,38973
44213,63262
44213,70846
44213,124239
44213,115114
44213,110375
44213,57986
44213,55011
44213,10438
44213,35328
44213,96994
44213,100401
44213,134568
44213,86442
44213,54517
44213,149
44213,25464
44213,58079
44214,73831
44214,139682
44214,4399
44214,124331
44214,114897
44214,60383
44214,116303
44214,107912
44214,115936
44214,116199
44214,40039
44214,61664
44214,53756
44214,16670
44214,14190
44214,20520
44214,130408
44214,20210
44214,116615
44214,127850
44214,133310
44214,124097
44214,122215
44214,76140
44214,125027
44214,91590
44214,23613
44214,112323
44214,3631
44214,97901
44214,57633
44214,48105
44215,44447
44215,72317
44215,95871
44215,80213
44215,41183
44215,88708
44215,138055
44215,117200
44215,95887
44215,108664
44215,113414
44215,59136
44215,39121
44215,77221
44215,5561
44215,92238
44215,25726
44215,17088
44215,115700
44215,50538
44215,37542
44215,99428
44215,52051
44215,118435
44215,46955
44215,101602
44215,88884
44215,84967
44215,23522
44215,61215
44216,21362
44216,24242
44216,96029
44216,99722
44216,135544
44216,72955
44216,111649
44216,25857
44216,32410
44216,6718
44216,120509
44216,715
44216,3394
44216,42181
44216,61720
44216,5792
44216,113576
44216,55728
44216,16715
44216,44736
44216,76561
44216,54077
44216,56012
44216,28805
44216,58464
44216,33802
44216,117971
44216,110218
44216,52879
44216,2959
44216,21946
44216,29841
44217,19338
44217,84318
44217,21380
44217,80387
44217,124877
44217,137307
44217,24694
44217,105742
44217,12535
44217,103190
44217,64253
44217,52041
44217,63044
44217,67769
44217,31867
44217,129561
44217,30979
44217,90461
44217,77006
44217,24833
44217,68054
44217,20103
44217,40074
44217,36008
44217,43238
44217,132604
44217,48404
44217,20055
44217,111517
44217,121895
44217,24775
44217,12581
44219,93102
44219,118231
44219,58670
44219,49533
44219,130232
44219,89855
44219,75526
44219,30215
44219,85242
44219,131199
44219,51303
44219,133007
44219,115281
44219,117845
44219,105986
44219,136045
44219,74968
44219,29829
44219,114490
44219,110438
44219,73756
44219,134158
44219,62116
44219,78059
44219,45134
44219,99625
44219,106720
44219,109705
44219,79888
44219,88075
44221,122794
44221,70684
44221,81100
44221,48280
44221,132611
44221,220
44221,91336
44221,50205
44221,124466
44221,110069
44221,83259
44221,117256
44221,26448
44221,27685
44221,132978
44221,95102
44221,132176
44221,36312
44221,81395
44221,73848
44221,130930
44221,90756
44221,11220
44221,16155
44221,46486
44221,93727
44221,79781
44221,70546
44221,56
44221,63360
44221,24515
44221,55430
44221,120309
44224,76695
44224,139021
44224,6182
44224,21498
44224,108064
44224,109993
44224,119225
44224,22664
44224,72857
44224,104469
44224,81316
44224,29887
44224,84528
44225,50160
44225,112976
44225,125426
44225,112593
44225,124365
44225,12666
44225,25327
44225,64917
44225,97451
44225,22457
44225,118474
44226,99942
44226,96751
44226,138185
44226,32390
44226,76075
44226,88624
44226,79339
44226,101480
44226,80611
44226,82735
44226,52289
44226,62251
44226,85599
44226,64130
44226,70076
44226,22771
44226,131454
44226,96078
44226,29194
44226,68230
44226,43528
44226,31059
44226,19374
44226,93150
44226,70519
44226,24525
44226,117788
44226,31286
44226,6100
44226,83700
44226,59632
44226,73139
44226,136171
44227,2511
44227,139861
44227,113858
44227,91990
44227,113958
44227,107342
44227,74059
44227,48901
44227,108652
44227,124869
44227,99878
44227,139129
44227,108619
44227,120747
44227,101892
44227,63602
44227,4447
44227,11746
44227,105705
44227,3658
44227,113994
44227,19560
44227,54871
44227,51408
44227,12933
44227,115614
44227,111990
44227,25623
44227,132543
44227,99877
44227,135660
44230,136926
44230,117809
44230,20328
44230,90376
44230,52727
44230,65837
44230,135625
44230,128903
44230,18656
44230,96409
44230,49514
44230,9568
44230,85084
44230,98096
44230,99128
44230,89580
44230,9875
44230,119564
44230,96598
44230,18688
44230,52348
44230,93789
44230,5817
44230,110349
44230,22498
44230,84536
44230,70953
44230,69159
44230,113917
44230,124311
44230,59786
44230,83989
44230,139224
44231,400
44231,8989
44231,101356
44231,110477
44231,7081
44232,135492
44232,105304
44232,24138
44232,116757
44232,74395
44232,89881
44232,85382
44232,68502
44232,61510
44232,5831
44232,42774
44233,79083
44233,96356
44233,137209
44233,65995
44233,44485
44233,14912
44233,77772
44233,129916
44233,118824
44233,86021
44233,99844
44233,34169
44233,89097
44233,77444
44233,129183
44233,46411
44233,41421
44233,57626
44233,91288
44233,36650
44233,134077
44233,36723
44233,113164
44233,56525
44233,129643
44235,125079
44235,13483
44235,48913
44235,58641
44235,18294
44235,42967
44235,91359
44235,130594
44235,3447
44235,19233
44235,46726
44235,69291
44235,92411
44235,54703
44237,3213
44237,120699
44237,118655
44237,110940
44237,52459
44237,98239
44237,23268
44237,131295
44237,61529
44237,110738
44237,70606
44237,1230
44237,111170
44237,62433
44237,44686
44237,36996
44237,108564
44237,46809
44237,63916
44237,87936
44237,126665
44237,68491
44237,80475
44237,70839
44237,112274
44237,70934
44237,48671
44237,6623
44237,35599
44237,13603
44237,32700
44241,20647
44241,4652
44241,36079
44241,85316
44241,92165
44241,25993
44241,79157
44241,126153
44241,139373
44241,67349
44241,128902
44242,7516
44242,133072
44242,16651
44242,135176
44242,118916
44242,119817
44242,47392
44242,130594
44242,47793
44242,48645
44242,134549
44242,8536
44242,85975
44242,133815
44242,77891
44242,98259
44242,90942
44242,89365
44242,136494
44242,75969
44242,55925
44242,55905
44242,55224
44242,48730
44242,46981
44242,40901
44242,34584
44242,26418
44242,23421
44242,95207
44242,37117
44242,72449
44244,134421
44244,11959
44244,90261
44244,136972
44244,118726
44244,86919
44244,132285
44244,49717
44244,41586
44244,90649
44244,13224
44244,90086
44244,52525
44244,62106
44244,17138
44244,103758
44244,86090
44244,3712
44244,138210
44244,100399
44244,105753
44244,34217
44244,20689
44244,132466
44244,33831
44244,130158
44244,89721
44244,75433
44244,105617
44244,16144
44244,13777
44244,62382
44245,97038
44245,105534
44245,42906
44245,140696
44245,93485
44245,924
44245,36289
44245,80833
44245,14515
44245,77669
44245,111498
44245,113371
44245,131958
44245,90386
44245,12197
44245,139847
44245,124255
44245,138371
44245,121162
44245,128632
44245,18552
44245,122895
44245,50432
44245,130541
44245,45875
44245,138205
44245,93282
44245,75781
44249,90959
44249,19895
44249,4067
44249,22228
44249,98024
44249,116316
44249,97680
44249,138030
44249,87456
44249,131746
44249,136232
44249,75385
44249,47893
44250,112422
44250,114559
44250,87698
44250,67489
44250,48665
44250,12283
44250,105640
44250,21708
44250,45395
44250,133620
44250,125454
44250,52199
44250,120955
44250,91343
44250,80385
44250,129883
44250,14859
44250,64108
44250,62596
44250,79550
44250,99130
44250,78276
44250,110423
44250,42033
44250,41066
44250,102752
44250,13226
44250,132215
44250,84552
44250,87006
44250,55145
44251,88096
44251,113349
44251,46153
44251,21721
44251,35245
44251,121071
44251,18380
44251,140130
44251,39341
44251,39993
44251,32243
44251,32625
44251,117463
44251,1277
44251,56417
44251,4610
44251,57724
44251,110789
44251,46162
44251,83430
44251,122660
44251,130018
44251,44693
44251,11826
44251,96104
44252,125423
44252,104333
44252,87660
44252,49388
44252,11868
44252,91645
44252,27955
44252,73394
44252,26373
44252,105885
44252,83152
44255,129038
44255,75862
44255,78557
44255,134912
44255,119269
44255,30640
44255,35442
44255,43117
44255,52932
44255,115703
44255,41543
44255,68381
44255,29441
44255,104849
44255,73854
44255,87099
44255,114528
44255,86927
44255,126817
44255,99275
44259,13674
44259,61695
44259,107846
44259,76443
44259,45896
44259,83134
44259,118766
44259,42265
44259,24519
44259,42693
44259,39355
44259,65860
44259,70683
44259,132817
44259,126465
44259,86928
44259,134686
44259,90770
44259,22471
44259,100081
44259,32114
44259,21443
44259,5961
44259,88778
44259,127861
44259,69514
44259,74882
44259,560
44259,108213
44259,68206
44259,81720
44259,10418
44259,47556
44260,39809
44260,1025
44260,137119
44260,79200
44260,48243
44260,81408
44260,60134
44260,59430
44260,54268
44260,123857
44260,83331
44260,34518
44260,18752
44260,24993
44260,109462
44260,106330
44260,99280
44260,93819
44260,17674
44260,111731
44260,21501
44260,24781
44260,56448
44260,112548
44260,105101
44260,95681
44260,66256
44260,30289
44260,132464
44260,69117
44260,104303
44260,76429
44260,25864
44261,125069
44261,137826
44261,75491
44261,85742
44261,110813
44261,130729
44261,22824
44261,139893
44261,17817
44261,85567
44261,109185
44261,89991
44261,83045
44261,39993
44261,118104
44261,97099
44261,83806
44261,56063
44261,127808
44261,71258
44261,56472
44261,58696
44261,3625
44261,89119
44261,11622
44261,49152
44261,46162
44261,27317
44261,83430
44261,134162
44261,11826
44261,37581
44262,85555
44262,7898
44262,133509
44262,110258
44262,116852
44262,121696
44262,48233
44262,99025
44262,31135
44262,37790
44262,96974
44262,109868
44262,120238
44262,8917
44262,38981
44262,92090
44262,13934
44262,103982
44262,45693
44262,15608
44262,72873
44262,117430
44262,14411
44262,94897
44262,55865
44262,79437
44262,55059
44262,131894
44262,59962
44262,15073
44262,51465
44262,120274
44262,30353
44262,41438
44263,111013
44263,108134
44263,16921
44263,4789
44263,38480
44263,53269
44263,121172
44263,78449
44263,98536
44263,104411
44264,31183
44264,39516
44264,95011
44264,69049
44264,84065
44264,3181
44264,50596
44264,15009
44264,133415
44264,51431
44264,24861
44264,41382
44264,133962
44264,35395
44264,22786
44264,12043
44264,129152
44264,29836
44264,21401
44264,6936
44264,59620
44264,75852
44264,79159
44264,111975
44264,118029
44264,44910
44264,25816
44264,99585
44264,128956
44264,129863
44264,67760
44264,127255
44264,111638
44267,24323
44267,46611
44267,125881
44267,7341
44267,17800
44267,58957
44267,12110
44267,133674
44267,121178
44267,119716
44267,83567
44267,66621
44267,3855
44267,44515
44267,35022
44267,11394
44267,41475
44267,84829
44267,76384
44267,28526
44267,12241
44267,19081
44267,68972
44267,109276
44267,125387
44267,139545
44267,32483
44267,104025
44268,136926
44268,62377
44268,20328
44268,90376
44268,99128
44268,65837
44268,135625
44268,128903
44268,18656
44268,96409
44268,9568
44268,98096
44268,96598
44268,89580
44268,42318
44268,119564
44268,18688
44268,79507
44268,93789
44268,5817
44268,70953
44268,44193
44268,69159
44268,59786
44268,54384
44268,38264
44268,94381
44268,52727
44268,113917
44268,105360
44268,83989
44268,139224
44268,84536
44269,130586
44269,66428
44269,73537
44269,403
44269,81760
44269,21835
44269,20745
44269,38168
44269,87362
44269,115134
44269,64004
44270,48975
44270,138977
44270,44308
44270,17400
44270,46770
44270,9284
44270,20490
44270,95685
44270,109539
44270,75501
44270,130270
44270,31929
44272,35985
44272,39559
44272,88309
44272,16047
44272,36373
44272,67767
44272,49273
44272,86580
44272,56900
44272,38661
44272,30292
44272,107805
44273,116793
44273,105139
44273,9992
44273,122757
44273,81792
44273,79137
44273,14133
44273,75913
44273,80748
44273,66800
44273,128461
44273,137984
44273,110759
44273,65481
44273,99801
44273,37255
44273,23121
44273,102679
44273,115148
44273,7244
44273,58027
44273,57626
44273,62946
44273,88969
44273,39576
44273,91150
44273,92649
44273,102776
44273,105140
44273,95012
44273,46859
44273,134259
44273,135063
44274,79150
44274,14389
44274,21250
44274,83026
44274,44306
44274,34635
44274,64049
44274,25874
44274,53695
44274,38444
44274,43423
44274,115770
44274,22940
44274,80874
44274,67974
44274,117463
44274,38795
44274,55039
44274,17213
44274,7360
44274,46056
44274,70242
44274,17327
44274,91051
44274,49368
44274,33912
44274,1277
44274,83749
44274,16866
44274,26961
44274,109734
44274,18380
44276,132936
44276,44674
44276,73673
44276,73307
44276,18338
44276,8175
44276,26714
44276,32400
44276,116107
44276,6392
44276,18031
44276,122961
44276,14634
44276,21036
44277,57581
44277,114648
44277,32912
44277,39109
44277,125040
44277,140000
44277,88670
44277,18954
44277,17078
44277,86193
44277,58835
44277,123628
44277,129063
44277,107281
44277,121333
44277,59753
44277,61419
44277,78448
44277,8480
44277,77897
44277,51994
44277,131598
44277,125033
44277,53907
44277,83630
44277,114653
44277,94586
44277,121962
44277,16501
44277,131376
44277,81135
44277,13901
44278,135172
44278,132217
44278,6986
44278,25628
44278,5354
44279,116897
44279,110859
44279,129416
44279,24205
44279,75248
44279,21717
44279,59435
44279,132766
44279,86541
44279,3835
44279,24983
44279,129773
44279,95558
44279,57613
44279,133666
44279,844
44279,52662
44279,37732
44279,68273
44279,72249
44279,61157
44279,59676
44279,91276
44279,37202
44279,133375
44279,116156
44279,69325
44279,70601
44279,60771
44279,88330
44279,81883
44279,33219
44281,25827
44281,76226
44281,31820
44281,44493
44281,86107
44281,69392
44281,124845
44281,7256
44281,82767
44281,6559
44281,1958
44281,96753
44281,2037
44281,8903
44281,66464
44281,99161
44281,124751
44281,46045
44281,69730
44281,127898
44281,136645
44281,27853
44281,46678
44281,131346
44281,109810
44281,208
44281,122935
44281,5420
44281,106225
44281,128916
44281,43875
44281,88055
44281,11976
44283,79424
44283,23453
44283,94209
44283,67525
44283,72975
44283,115768
44283,102274
44283,73852
44283,115500
44283,52269
44283,135030
44283,40778
44283,119966
44283,135053
44283,122932
44283,6585
44283,6860
44283,96833
44283,30990
44283,51304
44283,95736
44283,90505
44283,13855
44283,663
44283,66271
44283,41273
44283,33765
44283,17569
44283,38159
44283,81944
44283,89522
44283,102352
44286,100202
44286,47589
44286,81901
44286,126515
44286,103672
44286,58353
44286,86788
44286,12176
44286,3992
44286,114482
44286,26549
44286,39412
44286,40582
44286,64923
44286,129418
44286,34631
44286,47485
44286,118090
44286,98426
44286,23133
44286,113444
44286,49787
44286,134174
44286,72953
44286,5881
44286,75908
44286,32613
44286,134991
44287,32491
44287,63511
44287,73078
44287,36992
44287,56525
44287,75913
44287,134028
44291,54794
44291,130847
44291,55769
44291,24860
44291,58322
44291,104594
44291,56037
44291,2548
44291,131222
44291,85655
44291,56446
44291,89247
44291,11865
44291,45612
44291,98730
44291,30520
44291,116093
44291,77934
44291,67735
44291,1461
44291,27512
44291,79893
44291,69760
44291,105170
44291,116705
44291,126868
44291,59597
44291,95623
44291,73255
44291,94202
44291,1327
44291,132235
44291,11358
44292,90208
44292,8989
44292,138537
44292,70534
44292,103601
44292,137117
44292,124462
44292,65856
44292,57578
44292,81127
44292,29035
44292,70167
44292,114292
44293,50895
44293,97164
44293,77013
44293,110919
44293,22426
44293,110152
44293,53102
44293,106853
44293,64018
44293,132422
44295,75769
44295,52279
44295,22907
44295,89841
44295,133974
44295,33847
44295,87288
44295,13850
44295,110024
44295,15902
44295,139070
44295,39170
44295,105471
44295,112169
44295,84655
44295,30677
44295,95039
44296,69903
44296,34450
44296,59978
44296,41247
44296,64685
44296,92025
44296,84503
44296,65573
44296,92039
44296,70899
44296,35534
44296,71107
44296,37337
44296,41682
44298,2434
44298,68178
44298,25033
44298,128909
44298,17040
44298,81396
44298,46059
44298,105670
44298,122963
44298,131645
44298,113197
44298,111072
44298,69256
44298,34519
44298,32015
44298,69420
44298,17478
44298,98092
44298,52394
44300,139426
44300,73681
44300,73178
44300,94066
44300,131008
44300,74986
44300,24349
44300,114998
44300,20657
44300,61905
44300,19255
44300,38698
44300,52022
44300,116035
44300,60555
44300,17503
44300,71538
44300,4281
44300,75957
44300,100333
44300,71733
44300,24788
44300,11174
44300,111036
44300,93244
44300,92969
44300,116034
44300,16268
44300,61582
44300,72363
44300,81813
44301,123741
44301,8921
44301,24787
44301,56795
44301,74856
44303,18216
44303,50123
44303,113211
44303,1712
44303,74647
44303,42061
44303,112527
44303,62613
44303,15938
44303,41873
44303,21517
44303,125515
44303,2657
44303,137571
44303,47080
44303,75171
44303,42916
44303,66224
44303,109323
44303,76295
44303,107667
44303,134458
44303,44566
44303,458
44303,46540
44303,32009
44303,63047
44303,120283
44303,48500
44303,93659
44304,21155
44304,1230
44304,48136
44304,90730
44304,41278
44304,130807
44304,30878
44304,98736
44304,61529
44304,90693
44304,126657
44304,25416
44304,4875
44304,83736
44304,23265
44304,77360
44304,35817
44304,23212
44304,74859
44304,125311
44304,128615
44304,70934
44304,86639
44304,5002
44304,74754
44304,30950
44304,7880
44304,135499
44304,69261
44304,126462
44304,138600
44307,51433
44307,6444
44307,58910
44307,38007
44307,110780
44307,134234
44307,136231
44307,136662
44307,127798
44307,20184
44307,8259
44307,80626
44307,66219
44307,125897
44307,68712
44307,140762
44307,111357
44307,64457
44307,126625
44307,29786
44307,130959
44307,49586
44307,72902
44308,124166
44308,419
44308,68002
44308,31359
44308,125053
44308,58136
44308,24021
44308,85065
44308,111508
44308,66506
44308,67376
44308,98457
44308,84526
44308,119127
44308,79953
44308,112568
44308,18085
44308,136025
44308,91084
44308,98359
44308,91687
44308,79068
44308,136880
44308,65100
44308,56064
44308,1535
44308,137514
44308,98557
44308,77465
44308,39748
44308,131344
44308,117751
44309,122511
44309,94286
44309,50403
44309,79863
44309,106426
44309,1458
44309,46537
44309,60369
44309,63154
44309,5398
44309,84754
44309,31558
44309,71979
44309,50374
44309,92026
44309,100059
44309,22331
44309,70099
44309,120241
44309,43422
44309,83646
44311,112216
44311,43353
44311,10608
44311,128841
44311,66770
44311,130422
44311,22494
44311,96144
44311,74447
44311,108668
44311,51131
44311,25913
44311,79991
44311,15759
44311,63999
44311,37126
44311,42556
44311,44882
44311,26007
44311,81165
44311,108079
44311,23786
44311,71178
44311,53846
44311,19443
44311,31959
44311,9021
44313,54650
44313,20099
44313,9480
44313,30759
44313,123684
44313,137640
44313,93055
44313,14600
44313,12169
44313,21402
44313,9997
44313,10151
44313,122762
44313,103206
44313,76209
44313,2838
44313,51322
44313,5820
44313,137950
44313,88919
44313,68896
44314,37393
44314,26337
44314,30378
44314,134410
44314,9492
44316,32728
44316,42136
44316,122838
44316,14870
44316,128128
44318,16558
44318,106805
44318,35106
44318,48570
44318,111441
44318,15359
44318,126421
44318,126363
44318,108681
44318,106531
44318,38605
44318,126282
44318,128255
44318,39802
44318,34784
44318,129628
44318,86855
44318,50424
44318,81177
44318,62588
44318,29098
44318,135518
44318,67768
44318,124126
44318,123740
44318,30507
44318,107996
44318,103940
44318,55723
44318,92261
44318,17814
44318,44371
44318,93507
44320,91031
44320,44900
44320,114707
44320,25270
44320,66312
44320,89678
44320,64697
44320,97315
44320,92322
44320,44592
44320,29336
44320,50605
44320,18166
44320,104653
44320,115482
44320,43983
44320,51159
44320,55875
44320,101473
44320,118684
44320,13732
44320,57972
44320,4175
44320,52535
44320,64246
44320,96331
44320,28069
44320,106339
44320,103852
44320,51824
44320,58842
44321,120144
44321,103860
44321,43749
44321,63145
44321,99484
44321,37283
44321,50162
44321,13443
44321,12579
44321,79221
44321,107785
44321,52784
44321,51979
44321,105559
44321,1085
44321,12341
44321,69615
44321,72597
44321,134966
44321,9812
44321,61934
44321,138112
44321,54937
44321,87215
44321,117439
44321,29811
44321,72090
44321,78599
44321,24194
44321,28181
44321,69352
44321,94729
44321,90385
44321,5543
44322,39800
44322,64028
44322,17100
44322,96574
44322,86
44322,110200
44322,73847
44322,9978
44322,1666
44322,112788
44322,4767
44322,91617
44322,44968
44322,85315
44322,57059
44322,111897
44322,47651
44322,137934
44322,94329
44322,67081
44322,190
44322,34843
44322,71460
44322,49821
44322,41410
44322,1773
44322,60904
44322,19713
44323,49067
44323,58222
44323,102550
44323,18544
44323,29021
44323,129411
44323,87147
44323,62351
44323,102034
44323,88298
44323,116187
44323,71803
44323,86214
44323,88100
44323,18228
44323,65993
44323,49999
44323,52081
44323,120752
44323,79077
44323,11232
44323,35774
44323,8691
44323,43979
44323,1232
44325,132302
44325,80527
44325,131430
44325,20847
44325,78391
44325,44958
44325,4290
44325,15426
44325,39432
44325,35399
44325,25702
44325,48450
44325,47780
44325,56442
44325,68405
44325,91017
44325,121791
44325,66056
44325,21374
44325,124169
44325,67185
44325,17218
44325,54087
44327,23321
44327,85946
44327,123382
44327,45419
44327,98429
44327,17531
44327,118915
44327,112140
44327,89503
44327,66255
44327,42287
44327,57589
44327,121765
44327,101238
44327,87014
44327,76893
44327,128131
44327,45787
44327,24763
44327,23138
44327,84591
44327,8801
44327,48868
44327,49996
44327,50808
44327,118661
44327,55185
44327,77026
44327,46797
44327,53761
44327,44754
44327,39073
44329,34229
44329,44844
44329,84826
44329,20156
44329,88685
44329,86426
44329,130919
44329,111509
44329,33676
44329,37215
44329,6514
44329,130455
44329,42035
44329,48248
44329,92104
44329,51292
44329,92347
44329,55244
44329,55186
44329,43408
44329,93867
44329,138510
44329,72362
44329,35574
44329,89375
44329,43195
44329,88501
44335,106421
44335,48004
44335,34852
44335,3775
44335,106230
44335,79106
44335,90920
44335,63604
44335,7377
44335,70887
44335,123709
44335,135238
44335,87490
44335,41400
44335,120248
44335,38758
44335,57125
44335,2906
44335,93594
44335,38262
44335,56917
44335,14024
44335,77574
44335,38913
44335,96112
44335,72826
44335,52263
44335,101982
44335,35010
44335,80579
44335,98719
44335,134288
44335,128155
44335,8374
44336,14082
44336,137997
44336,124342
44336,116942
44336,37818
44336,131892
44336,35223
44336,104517
44336,90845
44336,70177
44336,77089
44336,60846
44336,21018
44336,114932
44336,40279
44336,59781
44336,78500
44336,38419
44336,134154
44336,24545
44336,49656
44336,68420
44336,94455
44336,46274
44336,26248
44336,77914
44336,102130
44336,59657
44336,122112
44336,90809
44336,117294
44336,77795
44336,60468
44339,83920
44339,16406
44339,12311
44339,109140
44339,135690
44339,43098
44340,114064
44340,91988
44340,16309
44340,112820
44340,86839
44340,25663
44340,18511
44340,106909
44340,36787
44340,98801
44340,55390
44340,101694
44340,42627
44340,114378
44340,42697
44342,91984
44342,113536
44342,109198
44342,82619
44342,125070
44343,27788
44343,118188
44343,97937
44343,9696
44343,119653
44343,96426
44343,66648
44343,4106
44343,4435
44343,49601
44343,105336
44343,123706
44346,40086
44346,136578
44346,19136
44346,45666
44346,311
44346,9631
44346,134962
44346,108313
44346,70129
44346,20809
44346,56204
44346,99614
44346,120078
44346,132914
44346,130195
44346,56068
44346,42131
44346,139499
44346,124268
44346,51947
44346,86761
44346,88331
44346,3164
44346,68334
44346,89347
44346,131094
44346,77406
44346,121955
44346,75591
44346,48080
44346,35389
44346,89994
44346,104027
44347,23872
44347,101971
44347,84517
44347,62779
44347,35708
44347,37132
44347,137919
44347,28798
44347,71526
44347,12607
44347,125892
44347,120169
44347,105999
44347,2431
44347,68229
44347,78561
44347,36358
44347,123220
44347,2427
44347,44103
44347,102562
44347,115498
44347,26226
44347,132453
44347,33103
44347,105432
44347,46048
44347,49231
44347,80212
44347,95730
44347,23139
44349,132925
44349,22578
44349,82210
44349,12135
44349,54438
44349,57845
44349,68872
44349,23636
44349,92772
44349,64488
44349,68530
44349,73745
44349,71922
44349,137751
44349,30618
44349,139418
44349,36171
44349,32969
44349,60824
44349,5286
44349,126899
44349,101543
44349,99349
44349,104455
44349,123227
44349,133732
44349,1426
44349,83051
44349,140533
44349,84914
44349,84510
44349,62542
44349,75218
44350,124166
44350,419
44350,68002
44350,31359
44350,125053
44350,101503
44350,53547
44350,65100
44350,59081
44350,37093
44350,89951
44350,112568
44350,115213
44350,91687
44350,19743
44350,67376
44350,108433
44350,109650
44350,69489
44350,18635
44350,98106
44350,126732
44350,56064
44350,46505
44350,8289
44350,111940
44350,137042
44350,4256
44350,81465
44350,62168
44350,39748
44350,77465
44351,32752
44351,66102
44351,129900
44351,112422
44351,38898
44351,27192
44351,69200
44351,42981
44351,39160
44351,46846
44351,21344
44351,39851
44351,64603
44351,41138
44351,35044
44351,42292
44351,83043
44351,62596
44351,71556
44351,98860
44351,24546
44351,5600
44351,92965
44351,64015
44351,64517
44351,87006
44351,18255
44351,122060
44351,107404
44351,117793
44351,102633
44351,8409
44352,102355
44352,98525
44352,114107
44352,26521
44352,94690
44352,23787
44352,75800
44352,15970
44355,89765
44355,24143
44355,41628
44355,107472
44355,107563
44355,38299
44355,137675
44355,80424
44355,31852
44355,50825
44355,140254
44355,128048
44355,15454
44355,57477
44355,76932
44355,36627
44355,133411
44355,18068
44355,89439
44355,31207
44355,124644
44355,113180
44355,11656
44355,125999
44355,118943
44355,133539
44355,589
44355,53912
44355,35580
44355,109933
44355,9058
44355,82954
44355,54744
44355,32460
44355,27172
44356,76504
44356,721
44356,95473
44356,30773
44356,128799
44356,51926
44356,116655
44356,99982
44356,106004
44356,127502
44356,11825
44356,69103
44356,110694
44356,129738
44356,103278
44356,132020
44356,91289
44356,15592
44356,58680
44356,67377
44356,4091
44356,47891
44356,37735
44356,133766
44356,101291
44356,107434
44356,45391
44356,6191
44356,18170
44356,591
44357,17349
44357,113420
44357,100149
44357,64148
44357,137863
44357,93804
44357,47197
44357,885
44357,80934
44357,20531
44357,120146
44357,138069
44357,68649
44357,96490
44357,116710
44357,2563
44357,97671
44357,88807
44357,50417
44357,36110
44357,125583
44357,88921
44357,129396
44357,34950
44357,100454
44357,137342
44357,75666
44357,84920
44357,71069
44357,103004
44357,128978
44357,17269
44357,137989
44358,79645
44358,85311
44358,9249
44358,105593
44358,130661
44358,39279
44358,9156
44358,55282
44358,140439
44358,87018
44358,127833
44358,9421
44358,103330
44358,88071
44358,1708
44358,12034
44358,41642
44358,24792
44358,13627
44358,75801
44358,53363
44358,55807
44358,93856
44358,34510
44358,140384
44358,89189
44358,32165
44358,39497
44358,72956
44360,31784
44360,97327
44360,119372
44360,80578
44360,69247
44360,112728
44360,26317
44360,102732
44360,17063
44360,95359
44360,121341
44363,95631
44363,100231
44363,65000
44363,110562
44363,140280
44363,100575
44363,100191
44363,82588
44363,135494
44363,26478
44363,54285
44363,72777
44363,21686
44363,80552
44363,68168
44363,131609
44363,123793
44363,44730
44363,104630
44363,85533
44363,87149
44363,92466
44363,118791
44363,61562
44363,71314
44363,100804
44363,23832
44363,85888
44363,24875
44363,100310
44363,87711
44363,132538
44363,56788
44364,86775
44364,43992
44364,40189
44364,21223
44364,20073
44364,128035
44364,133189
44364,30370
44364,130332
44364,98188
44364,120461
44364,9074
44364,112787
44364,55573
44364,2805
44364,117236
44364,111701
44367,126657
44367,139197
44367,53494
44367,4875
44367,41278
44367,86639
44367,126719
44367,15994
44367,138600
44367,23212
44367,77360
44367,64762
44367,62160
44367,76034
44367,7880
44367,32060
44367,10746
44367,78838
44367,31643
44367,79740
44367,64889
44367,41712
44367,38725
44367,71376
44367,74754
44367,90730
44367,6439
44367,125311
44367,35264
44367,120851
44367,77935
44367,128615
44368,29956
44368,133927
44368,36270
44368,41279
44368,38320
44368,211
44368,95787
44368,88057
44368,43489
44368,32066
44368,38827
44368,128628
44368,107994
44368,139853
44368,75223
44368,30256
44368,128593
44368,69753
44368,99081
44368,40065
44368,129053
44368,73015
44368,123823
44368,42154
44368,120344
44368,76374
44368,45861
44369,53494
44369,15994
44369,3213
44369,37346
44369,36427
44369,17633
44369,90730
44369,8161
44369,32887
44369,23268
44369,105408
44369,126719
44369,86639
44369,125311
44369,44923
44369,79740
44369,122621
44369,110940
44369,90693
44369,69154
44369,24685
44369,34214
44369,25476
44369,35264
44369,61529
44369,11102
44369,32112
44369,14536
44369,70934
44369,35817
44369,60277
44369,5002
44370,104766
44370,100683
44370,124730
44370,93981
44370,4962
44370,131697
44370,105392
44370,90995
44370,26087
44370,22596
44370,138482
44370,27458
44370,78752
44370,109482
44370,113775
44370,32741
44370,123216
44370,69885
44370,26011
44370,56950
44370,51782
44370,90702
44370,138922
44370,71991
44371,132210
44371,107652
44371,116505
44371,118670
44371,103174
44371,51178
44371,131917
44371,53883
44371,73077
44371,87652
44371,119794
44371,37540
44371,46027
44371,118165
44371,73145
44371,75972
44371,34221
44371,135028
44371,28132
44371,42983
44371,52703
44371,75890
44371,20022
44371,3235
44371,61011
44371,53916
44371,19836
44371,63417
44371,124043
44371,123583
44371,81739
44371,103583
44372,131399
44372,27798
44372,11177
44372,77869
44372,65661
44372,110435
44372,30179
44372,24552
44372,46483
44372,92402
44372,107194
44372,48330
44372,105188
44372,89665
44372,98094
44372,138628
44372,63666
44372,59462
44372,47370
44372,25486
44372,12250
44372,3234
44372,109017
44372,92450
44375,102773
44375,12620
44375,56875
44375,93188
44375,96791
44375,56183
44375,2361
44375,69860
44375,13548
44375,23058
44375,101519
44375,64516
44375,132597
44375,55600
44375,14628
44375,36571
44375,60696
44375,124554
44375,24438
44375,86777
44375,91698
44375,97210
44375,23036
44375,3822
44376,60079
44376,91280
44376,85559
44376,52473
44376,124595
44376,73600
44376,139170
44376,86652
44376,135667
44376,81420
44376,64286
44376,50791
44376,113890
44376,87013
44376,49940
44376,102215
44376,11780
44376,17007
44376,30782
44376,2137
44376,134655
44376,111307
44376,67152
44376,34386
44376,95215
44376,51678
44376,58075
44376,34767
44376,133833
44376,65182
44376,135939
44376,7858
44377,90958
44377,86126
44377,44913
44377,129479
44377,9601
44377,128540
44377,134941
44377,108186
44377,5663
44377,105599
44377,96745
44377,11320
44377,128332
44377,122894
44377,103347
44377,54439
44377,86528
44377,53109
44377,84991
44377,81469
44377,74491
44377,100379
44377,86297
44377,132487
44377,92252
44377,68140
44377,105181
44377,37223
44377,121355
44377,39159
44377,98104
44378,25091
44378,65830
44378,119919
44378,109517
44378,31956
44378,15072
44378,51082
44378,47296
44378,43921
44378,81679
44378,3799
44378,72570
44378,120296
44378,53971
44378,122506
44378,22042
44378,64916
44378,23351
44378,24862
44378,138952
44381,77454
44381,64502
44381,38711
44381,125187
44381,59821
44381,94974
44381,29970
44381,110812
44381,107000
44381,33159
44381,84580
44381,8607
44381,125792
44381,12348
44381,88667
44381,54447
44381,44553
44381,117194
44381,104012
44381,121662
44381,74300
44381,47557
44381,33490
44383,125893
44383,99320
44383,29345
44383,53247
44383,21241
44383,82633
44383,135840
44383,134552
44383,19822
44385,75209
44385,48996
44385,90192
44385,25517
44385,140761
44385,47888
44385,98108
44385,40871
44385,49117
44385,126954
44385,36904
44385,102487
44385,19524
44385,49129
44385,32941
44385,13370
44385,79783
44385,109732
44385,107806
44385,131292
44385,7123
44385,74999
44385,34109
44385,101261
44385,117904
44385,120551
44385,26122
44385,132291
44385,48974
44385,52736
44385,32103
44385,94165
44385,9606
44386,126961
44386,36227
44386,106325
44386,94742
44386,101614
44386,45620
44386,58656
44386,94732
44387,4533
44387,81913
44387,24863
44387,84110
44387,91759
44387,33534
44387,95621
44387,77356
44387,20717
44387,109744
44387,69317
44387,87888
44387,97758
44387,79219
44387,14690
44387,75914
44387,71759
44387,67590
44387,53740
44387,40537
44387,139114
44387,122340
44387,41841
44387,125995
44387,117252
44387,117673
44388,24545
44388,124342
44388,21018
44388,137997
44388,116942
44388,35223
44388,104517
44388,38419
44388,40279
44388,59657
44388,59781
44388,14082
44388,26248
44388,94455
44388,46274
44388,77795
44388,60468
44388,117294
44388,60846
44388,122112
44390,94708
44390,77865
44390,47254
44390,132328
44390,135002
44390,45423
44390,54976
44390,111071
44390,97913
44390,9327
44390,67856
44390,8646
44390,77725
44390,66200
44390,121127
44390,55428
44390,60540
44390,118965
44390,29981
44390,56865
44390,140277
44390,31270
44390,137312
44390,119748
44390,122631
44390,76315
44390,125920
44390,112273
44392,101342
44392,46586
44392,22914
44392,41754
44392,7422
44392,119703
44392,80449
44392,67908
44392,17089
44392,5385
44392,128724
44392,65864
44392,130406
44392,20640
44392,85744
44392,9281
44392,8139
44393,20362
44393,140132
44393,24311
44393,30627
44393,40649
44393,21721
44393,719
44393,118937
44393,55303
44393,111480
44393,17170
44393,19018
44393,6300
44393,85833
44393,112063
44393,5710
44393,137118
44393,101652
44393,27817
44393,5780
44393,130699
44393,9052
44393,111856
44393,91834
44393,11821
44393,14147
44393,97061
44393,130415
44393,106204
44393,97305
44393,90723
44393,129440
44393,97264
44395,112144
44395,1113
44395,121326
44395,84568
44395,99093
44395,1109
44395,59905
44401,122777
44401,137558
44401,20321
44401,62241
44401,66749
44401,63699
44401,26141
44401,56353
44401,44865
44401,89055
44401,66170
44401,135600
44401,85360
44401,99044
44401,136957
44402,72396
44402,114950
44402,79705
44402,55592
44402,67643
44402,72056
44402,51823
44402,88126
44402,87922
44402,59005
44402,1568
44402,14465
44402,99850
44402,91306
44402,79680
44402,80994
44402,74429
44402,66367
44402,10480
44402,80788
44402,128058
44402,40577
44402,49960
44402,44872
44402,8261
44402,97358
44402,21738
44402,71633
44402,68346
44402,66940
44402,140349
44403,25102
44403,41582
44403,68306
44403,78390
44403,68892
44403,8100
44403,31511
44403,34421
44403,59825
44403,12946
44403,78773
44403,96405
44403,80653
44403,66696
44403,110754
44403,49115
44403,37869
44403,91109
44404,100394
44404,67020
44404,139724
44404,26742
44404,51738
44404,61774
44404,93314
44404,120036
44404,5055
44404,25501
44404,79684
44404,42870
44404,20062
44406,103860
44406,63145
44406,19033
44406,106845
44406,12579
44406,110264
44406,117439
44406,38484
44406,37283
44406,25467
44406,28939
44406,40294
44406,120144
44406,43749
44406,134417
44406,13443
44406,134966
44406,79221
44406,60008
44406,29811
44406,89962
44406,10797
44406,69615
44406,107785
44406,98770
44406,1140
44406,51979
44406,87215
44406,1085
44406,72597
44406,52784
44406,12341
44406,131110
44407,64074
44407,38910
44407,29643
44407,87618
44407,89638
44407,76856
44407,109576
44407,65799
44407,38497
44407,140337
44407,97907
44407,22131
44407,18651
44407,39825
44407,124224
44407,38926
44407,16824
44407,42855
44407,28731
44407,140239
44407,134248
44407,74165
44407,4076
44407,14675
44407,53665
44407,711
44407,50199
44407,58833
44407,90583
44408,105227
44408,4548
44408,60043
44408,12247
44408,18977
44408,4204
44408,26264
44408,19531
44408,113298
44408,18300
44408,57978
44408,101287
44408,61344
44408,119367
44408,79760
44408,14053
44408,132626
44408,88471
44408,54865
44408,86041
44408,137397
44408,104976
44408,30380
44410,123836
44410,12382
44410,1536
44410,65474
44410,40585
44410,85572
44410,24420
44410,123123
44410,99019
44410,59100
44410,108136
44412,114537
44412,114558
44412,46581
44412,9080
44412,86308
44412,52900
44412,97277
44412,25428
44412,135949
44412,9602
44412,62297
44412,64320
44412,88942
44412,124127
44412,4295
44412,33991
44412,25617
44412,6201
44412,93197
44412,8892
44412,122438
44412,38966
44412,3165
44412,91324
44412,107382
44412,31468
44412,112118
44412,87414
44412,92589
44412,61704
44412,90891
44413,137997
44413,124342
44413,24545
44413,37818
44413,14082
44413,35223
44413,104517
44413,90845
44413,70177
44413,77089
44413,131892
44413,116942
44413,114932
44413,78500
44413,134323
44413,38419
44413,134154
44413,49656
44413,90809
44413,68420
44413,59781
44413,77914
44413,29633
44413,57952
44413,38904
44413,60846
44413,125083
44413,137610
44413,54850
44414,108510
44414,69916
44414,75677
44414,34701
44414,18072
44414,122898
44414,122450
44414,33311
44414,9124
44414,65509
44414,67916
44414,7529
44414,101728
44414,123011
44414,6034
44414,22244
44414,54307
44414,97263
44414,44230
44414,8274
44414,29719
44414,129198
44414,81623
44414,76812
44414,130577
44415,76214
44415,81449
44415,36320
44415,36952
44415,19956
44415,10145
44415,25908
44415,46134
44417,58910
44417,99841
44417,6444
44417,90973
44417,8717
44417,110780
44417,25643
44417,69756
44417,28153
44417,136662
44417,38007
44417,118218
44417,72902
44417,136231
44417,8259
44417,20184
44417,57247
44417,31153
44417,126029
44417,66219
44417,64457
44417,58933
44417,68712
44417,71542
44418,3213
44418,7919
44418,76034
44418,41278
44418,105408
44418,1230
44418,10746
44418,61529
44418,56042
44418,139197
44418,126657
44418,45080
44418,80475
44418,7527
44418,70839
44418,121267
44418,23212
44418,23078
44418,135499
44418,139366
44418,78838
44418,60084
44418,38725
44418,7880
44418,41712
44418,114304
44418,126719
44418,138600
44418,69261
44418,106262
44418,129968
44418,31169
44419,77204
44419,103326
44419,80853
44419,127345
44419,132625
44419,140297
44419,89708
44419,50460
44419,78340
44419,23524
44419,125522
44419,36047
44419,47153
44419,34803
44419,115103
44419,106661
44419,72541
44419,76195
44419,505
44419,6764
44419,115899
44419,123768
44419,107782
44419,117038
44419,410
44419,82580
44419,124551
44419,111612
44419,63370
44419,12321
44422,9382
44422,21727
44422,12504
44422,47589
44422,64923
44422,102934
44422,12176
44422,93677
44422,72775
44422,4808
44422,48413
44422,3992
44422,57714
44422,81901
44422,98257
44422,82078
44422,65266
44422,86788
44422,139217
44422,90823
44422,134991
44422,98362
44422,4611
44422,14665
44422,114482
44422,4303
44422,40582
44422,49787
44422,46555
44422,39412
44422,83037
44426,32883
44426,122161
44426,53128
44426,88659
44426,87809
44426,135713
44426,19020
44426,5347
44426,99693
44426,41481
44426,66206
44426,122727
44426,7785
44426,87678
44426,7087
44426,139039
44426,47526
44426,92087
44426,75208
44426,27796
44426,104819
44428,136458
44428,81936
44428,118893
44428,27928
44428,79215
44428,118631
44428,64131
44428,112796
44428,130089
44428,50789
44428,26170
44428,40750
44428,104749
44428,8184
44428,103490
44428,86813
44428,53498
44428,109727
44428,56827
44428,115317
44428,32867
44428,91279
44428,70798
44428,132196
44428,129280
44428,120634
44428,114593
44428,31456
44429,98098
44429,110105
44429,94358
44429,70218
44429,75671
44429,102498
44429,140406
44430,106004
44430,76504
44430,62119
44430,102596
44430,59233
44430,60153
44430,73702
44430,126741
44430,15016
44430,117763
44430,24640
44430,91831
44430,48365
44430,136228
44430,122674
44430,110694
44430,16276
44430,91962
44430,13898
44430,18138
44430,139420
44430,45213
44430,95371
44430,102482
44430,37252
44430,88788
44430,137671
44431,43882
44431,64936
44431,101271
44431,55019
44431,92978
44431,78572
44431,6906
44431,24413
44431,73872
44431,65593
44431,103087
44431,72999
44431,4641
44431,78549
44431,25141
44431,109746
44431,64841
44431,20720
44431,12534
44431,39752
44431,129631
44433,87912
44433,81034
44433,29033
44433,41019
44433,21957
44433,117249
44433,122531
44433,98674
44433,86094
44433,77973
44433,50302
44433,119255
44433,90901
44433,61299
44433,4858
44433,102313
44433,82757
44433,116652
44433,80701
44433,34298
44433,37825
44433,85091
44433,75117
44433,72103
44433,42938
44433,103202
44433,84164
44433,2488
44433,72871
44433,81224
44433,24816
44433,9178
44434,125744
44434,101406
44434,134845
44434,81804
44434,103908
44434,130468
44434,100748
44434,100664
44434,24092
44434,67140
44434,14912
44434,109612
44434,99219
44434,46068
44434,15609
44434,80832
44434,139165
44434,114209
44434,54116
44434,106647
44434,35397
44434,134077
44434,86021
44434,72508
44434,67619
44434,118824
44434,90254
44434,18410
44434,36650
44434,30435
44434,62587
44434,113164
44437,11254
44437,104786
44437,46069
44437,128198
44437,71716
44437,114284
44437,9143
44437,105549
44437,62952
44437,58485
44437,130588
44437,72310
44437,95373
44437,23735
44437,60195
44437,134427
44437,100011
44437,109669
44437,55322
44437,75067
44437,89995
44437,15493
44437,60197
44437,101107
44437,138776
44437,133908
44437,83725
44437,42563
44437,138843
44437,117254
44437,3122
44437,15052
44438,43092
44438,109373
44438,84905
44438,43503
44438,112168
44438,81300
44438,58324
44438,107672
44438,107198
44438,106496
44438,10173
44438,94543
44438,129951
44438,124907
44438,129273
44438,6048
44438,67102
44438,53390
44438,103886
44438,63805
44438,121790
44438,73707
44438,692
44438,35870
44438,118640
44438,26232
44438,64855
44438,99543
44438,48557
44438,91952
44438,37239
44438,130220
44439,20372
44439,21281
44439,28608
44439,25946
44439,6604
44439,25382
44439,25759
44439,43908
44439,12088
44439,1768
44439,117221
44439,44706
44439,93415
44439,22550
44439,110599
44439,126830
44439,5367
44439,2675
44439,60664
44439,66746
44439,78936
44439,102402
44439,99318
44439,91487
44439,107309
44439,25313
44439,106504
44439,79794
44439,41939
44439,91321
44439,45111
44439,52423
44439,43367
44440,41019
44440,50302
44440,77973
44440,82757
44440,21957
44440,40564
44440,42938
44440,128817
44440,86094
44440,18669
44440,74650
44440,90901
44440,117249
44440,2488
44440,102313
44440,72400
44440,76544
44440,61299
44440,64580
44440,37825
44440,69377
44440,110023
44441,47060
44441,79325
44441,82752
44441,138789
44441,75592
44441,92583
44441,74685
44441,52400
44441,124072
44441,85038
44441,101951
44441,82455
44441,44112
44441,61495
44441,118563
44441,74091
44441,72398
44441,72012
44441,108026
44441,23082
44441,19653
44441,21323
44441,45982
44441,98581
44441,294
44441,106197
44441,125864
44441,99092
44442,92526
44442,13207
44442,110517
44442,128886
44442,111987
44442,106997
44442,66177
44442,70308
44442,35915
44442,75068
44442,96166
44442,82909
44442,50197
44442,120264
44442,81032
44442,60529
44442,5786
44442,77736
44442,34744
44442,123034
44442,37646
44446,20101
44446,107766
44446,99110
44446,30245
44446,73254
44446,80543
44446,62387
44446,6867
44446,60064
44446,47222
44446,11589
44446,82749
44446,57242
44446,93288
44446,72325
44446,96987
44446,18523
44446,19946
44446,7047
44446,129277
44446,99367
44446,131082
44446,54959
44447,139102
44447,28659
44447,111061
44447,108140
44447,60486
44447,122985
44447,73110
44448,75704
44448,79225
44448,100913
44448,33988
44448,22984
44448,63347
44448,139959
44448,13996
44448,19598
44448,137773
44448,11244
44448,122795
44448,4940
44448,18016
44448,34187
44448,9392
44448,77605
44448,17890
44448,116043
44448,68904
44448,33528
44448,45141
44448,67406
44448,37278
44448,38183
44448,54922
44448,102461
44448,69199
44448,140723
44448,66769
44448,16096
44448,99529
44448,93383
44448,8624
44450,116398
44450,51876
44450,134609
44450,134685
44450,6838
44450,38363
44450,134154
44450,80393
44450,66253
44450,68420
44450,110263
44450,126968
44450,68777
44450,133661
44450,57952
44450,125083
44451,14971
44451,61181
44451,125390
44451,43982
44451,66507
44451,105984
44451,6879
44451,123782
44451,100668
44451,25318
44451,82901
44451,122683
44451,36715
44451,19492
44451,16335
44451,45064
44451,132964
44451,58899
44451,106795
44451,47782
44451,31967
44451,37752
44451,33110
44451,69368
44451,84680
44451,95042
44451,19835
44451,16857
44451,62731
44451,11113
44451,112737
44451,36623
44452,124166
44452,89951
44452,68002
44452,125053
44452,137514
44452,58136
44452,65100
44452,111435
44452,85065
44452,109650
44452,79068
44452,84526
44452,112568
44452,55073
44452,137042
44452,91687
44452,69489
44452,4256
44452,95369
44452,56064
44452,46505
44452,37093
44452,126732
44452,8289
44452,115213
44452,136880
44452,111831
44452,62168
44452,39748
44452,131344
44452,77465
44452,80251
44453,29609
44453,127184
44453,134161
44453,100436
44453,13550
44453,17941
44453,4082
44453,30323
44453,100173
44453,112433
44453,10973
44453,26697
44453,19359
44453,102048
44453,110476
44453,55243
44453,118283
44455,8560
44455,126937
44455,111108
44455,56013
44455,71023
44455,50988
44455,90015
44455,30139
44455,52354
44455,52479
44455,53235
44455,15415
44455,120134
44455,71928
44455,136400
44455,65482
44455,94133
44455,58759
44455,128688
44455,117333
44455,92483
44455,1251
44455,19167
44455,53822
44455,107289
44455,30382
44455,29900
44455,27665
44455,28157
44455,81681
44455,132981
44455,128569
44455,5827
44455,99036
44456,107485
44456,58037
44456,68487
44456,115026
44456,44686
44456,35817
44456,105538
44456,120317
44456,117144
44456,36996
44456,128615
44456,448
44456,5607
44456,58051
44456,124242
44456,118641
44456,5002
44456,16367
44456,77081
44456,37166
44456,64372
44456,121550
44457,17154
44457,97201
44457,85349
44457,52927
44457,113400
44457,15710
44457,210
44457,128812
44457,82857
44457,59350
44457,76191
44457,25889
44457,73332
44457,101534
44457,32794
44457,118739
44457,53639
44457,47119
44457,41139
44457,65689
44457,128295
44457,63200
44457,66457
44457,86115
44457,89401
44457,34624
44457,114410
44457,85314
44457,65346
44457,45288
44457,94195
44457,37917
44457,138984
44458,81787
44458,125261
44458,77254
44458,80336
44458,15640
44458,12870
44458,37820
44458,51883
44458,18294
44458,49855
44458,139193
44458,10827
44458,10642
44458,43888
44458,86079
44458,119991
44458,68364
44458,7060
44458,86248
44458,122002
44458,63965
44458,19413
44458,108197
44458,40598
44458,46317
44458,91667
44458,85147
44458,86654
44458,39466
44458,16246
44458,40663
44458,234
44459,34298
44459,29033
44459,42938
44459,128817
44459,18669
44459,21957
44459,41019
44459,116652
44459,98674
44459,122531
44459,123832
44459,81224
44459,112197
44459,127314
44459,90901
44459,84164
44459,4858
44459,17911
44459,82757
44459,117249
44459,2488
44459,121811
44459,69377
44459,85091
44459,30376
44459,103202
44459,9178
44459,80701
44459,71946
44459,24057
44459,37825
44459,72871
44459,102313
44460,29810
44460,45038
44460,14433
44460,115304
44460,140698
44460,76383
44460,45455
44460,128127
44460,73541
44460,13563
44460,130241
44460,68516
44460,54453
44460,124627
44460,115654
44460,113063
44460,7949
44460,69893
44460,13164
44460,98619
44460,54135
44460,84325
44460,56957
44460,71193
44460,118080
44460,64567
44460,32139
44460,80802
44460,113163
44460,69598
44462,135398
44462,57087
44462,12923
44462,113724
44462,3933
44462,46361
44462,103654
44462,11408
44462,5099
44462,42099
44464,121530
44464,102890
44464,111191
44464,126823
44464,24058
44464,129688
44464,3377
44464,87244
44467,73778
44467,15994
44467,63916
44467,8962
44467,105403
44467,30338
44467,106262
44467,101984
44467,45080
44467,100352
44467,43441
44467,11302
44467,84122
44467,118035
44467,129228
44468,7156
44468,3713
44468,97339
44468,110339
44468,93078
44468,107794
44468,115796
44468,65313
44468,90258
44468,47537
44468,22300
44468,21474
44468,110448
44468,98525
44468,11768
44468,63663
44468,88485
44469,108974
44469,70237
44469,17458
44469,55170
44469,85620
44469,29906
44469,19248
44469,121160
44469,104603
44469,138039
44469,58458
44469,4154
44469,97040
44469,74588
44469,56837
44469,124302
44469,28473
44469,44020
44469,8348
44469,56786
44469,10962
44469,36150
44469,50557
44469,45100
44469,45157
44469,21890
44469,114632
44469,124926
44469,53025
44469,24493
44471,103405
44471,113300
44471,1435
44471,64587
44471,20110
44471,108788
44471,80276
44471,88756
44471,79579
44471,60073
44471,63987
44471,87695
44471,94539
44471,80049
44471,71282
44471,11391
44471,17829
44471,9347
44471,75598
44471,91377
44471,101684
44471,77186
44471,129452
44471,25265
44471,16708
44471,69284
44471,37804
44471,76476
44471,104696
44471,29278
44471,67418
44473,29033
44473,50302
44473,84164
44473,129245
44473,42938
44473,9178
44473,74650
44473,81034
44473,139448
44473,85091
44473,58718
44473,12638
44473,82757
44473,75117
44473,117249
44473,121811
44473,60987
44473,61299
44473,20557
44473,101654
44473,76544
44473,102361
44473,17911
44473,112197
44473,4858
44473,127314
44473,134700
44473,71946
44473,69377
44473,64302
44473,24057
44473,102313
44473,72871
44473,103202
44473,75524
44475,13420
44475,22250
44475,80800
44475,119693
44475,45525
44475,11275
44475,70354
44475,127151
44475,72326
44475,51498
44475,115453
44475,108915
44475,104099
44475,52913
44475,21905
44475,72289
44475,90425
44475,78318
44476,38910
44476,91714
44476,59989
44476,18727
44476,110998
44476,29643
44476,42855
44476,38926
44476,16687
44476,110940
44476,105403
44476,28731
44476,78685
44476,57863
44476,22131
44476,98159
44476,74165
44476,97907
44476,14242
44476,25075
44476,72799
44476,38497
44476,113108
44476,124224
44476,140337
44476,91172
44476,113291
44476,128447
44476,92038
44476,85865
44478,17460
44478,16308
44478,36763
44478,135426
44478,98689
44478,88613
44478,33428
44478,39505
44478,13705
44478,20737
44478,67291
44478,57010
44478,72503
44478,36202
44478,73888
44478,75260
44478,131951
44478,33353
44478,94032
44478,131436
44478,62649
44478,70312
44478,107535
44478,126249
44478,8206
44478,13067
44479,3775
44479,79106
44479,34852
44479,106421
44479,90920
44479,64872
44479,7377
44479,106230
44479,124778
44479,56917
44479,57934
44479,38262
44479,2906
44479,77574
44479,38913
44479,87490
44479,41400
44479,134538
44479,120248
44479,63604
44479,107028
44479,128155
44479,57125
44479,38758
44479,80579
44479,21638
44479,93594
44479,96112
44479,35010
44479,7895
44479,101982
44479,98719
44479,134288
44479,52263
44482,13657
44482,103543
44482,126593
44482,11555
44482,88555
44482,103968
44482,58664
44482,35839
44482,131475
44482,75012
44482,12706
44482,32527
44482,29996
44482,100372
44482,7996
44482,114486
44482,22810
44482,33441
44482,109530
44482,120303
44482,109573
44482,24462
44482,45439
44482,126111
44482,45489
44482,76359
44482,3617
44482,68619
44482,45223
44482,124693
44482,102667
44482,138280
44483,25955
44483,139306
44483,53072
44483,135139
44483,126560
44483,58207
44483,118098
44483,71179
44483,65044
44483,124880
44484,13674
44484,107846
44484,85430
44484,24519
44484,92927
44484,16826
44484,22471
44484,134686
44484,69514
44484,86928
44484,139719
44484,65860
44484,74882
44484,21443
44484,100081
44484,81720
44484,32114
44484,117744
44484,131203
44484,68601
44484,5961
44484,47359
44484,88778
44484,127861
44484,67161
44484,560
44484,47556
44484,10418
44484,135726
44484,91620
44484,68206
44484,108213
44485,22651
44485,88977
44485,27704
44485,103693
44485,37561
44485,62954
44485,37438
44485,104120
44485,26326
44485,133504
44485,137606
44485,76347
44487,115346
44487,126179
44487,114812
44487,14423
44487,15127
44487,25958
44487,15274
44487,105122
44487,101494
44487,2259
44487,79576
44487,81519
44487,94856
44487,117153
44487,5178
44487,119945
44487,5279
44487,7035
44487,35273
44487,68092
44487,83016
44487,39976
44487,67248
44487,105893
44487,121273
44487,19452
44487,93245
44487,37222
44487,131861
44487,65478
44487,95269
44487,67756
44487,97356
44488,106421
44488,3775
44488,87154
44488,63604
44488,106230
44488,79106
44488,56917
44488,64872
44488,70887
44488,7377
44488,90920
44488,120248
44488,135238
44488,38262
44488,38913
44488,124778
44488,41400
44488,88616
44488,2906
44488,21638
44488,57125
44488,93594
44488,80579
44488,34852
44488,96112
44488,77574
44488,25979
44488,7895
44488,35010
44488,69171
44488,101982
44488,8374
44488,52263
44488,19150
44489,14844
44489,56776
44489,33591
44489,36045
44489,47864
44489,14840
44489,85965
44489,130869
44489,42967
44489,125066
44489,115166
44489,132416
44489,53141
44489,25564
44489,82865
44489,88389
44489,139453
44489,125079
44489,105123
44489,122299
44489,68544
44489,110663
44489,3854
44489,104310
44489,77959
44489,125656
44489,23661
44489,71039
44489,90013
44489,123391
44489,64949
44489,54703
44489,78330
44490,111986
44490,115457
44490,140534
44490,104113
44490,131790
44490,23703
44490,102005
44490,81662
44490,49196
44490,131236
44490,106351
44490,46830
44490,266
44492,9249
44492,79645
44492,105593
44492,39279
44492,130661
44492,115584
44492,9156
44492,42726
44492,140439
44492,85311
44492,87018
44492,55282
44492,127833
44492,140805
44492,9421
44492,7459
44492,55807
44492,1708
44492,93824
44492,12034
44492,103330
44492,53363
44492,24792
44492,135087
44492,97973
44492,89189
44492,72956
44492,39497
44497,138957
44497,111856
44497,113349
44497,88096
44497,46153
44497,21721
44497,35245
44497,117667
44497,44693
44497,120814
44497,11826
44497,29286
44497,18380
44497,83806
44497,109185
44497,46162
44497,32625
44497,83430
44497,57724
44497,32243
44497,3625
44497,39993
44497,12248
44497,121071
44497,56417
44497,1277
44497,4610
44497,70568
44497,110789
44497,119952
44497,122660
44497,49152
44497,130018
44498,93631
44498,26907
44498,107054
44498,73669
44498,136567
44498,48741
44498,80253
44498,96912
44498,7513
44498,125262
44498,2473
44498,55892
44498,64184
44498,99653
44498,73959
44498,26097
44498,97502
44498,95323
44498,77776
44499,9389
44499,8845
44499,132190
44499,96026
44499,41426
44499,50398
44499,82263
44499,131907
44499,127948
44499,87656
44499,122311
44499,85497
44499,61538
44499,42393
44499,136930
44499,43345
44499,40623
44499,88625
44499,99506
44499,103393
44499,105394
44499,63096
44499,111552
44499,127825
44499,35875
44499,63684
44499,38880
44503,27969
44503,14844
44503,42967
44503,130869
44503,19202
44503,9545
44503,132416
44503,94553
44503,121520
44503,33387
44503,85965
44503,130951
44503,78144
44503,70697
44503,41326
44503,12238
44503,1736
44503,36531
44503,76396
44503,90013
44503,68544
44503,86892
44503,16651
44503,133815
44503,75969
44503,105517
44503,71152
44503,72915
44503,130578
44503,83313
44503,60171
44503,94135
44503,54703
44504,92024
44504,23378
44504,92766
44504,409
44504,135870
44504,78407
44504,71230
44504,18258
44504,89757
44504,13304
44504,85245
44504,107761
44504,132963
44504,61241
44504,117220
44504,22186
44504,35810
44504,68163
44504,97805
44504,73033
44504,78229
44504,103248
44504,108436
44504,68066
44504,77622
44504,62200
44504,131969
44504,48982
44504,24724
44504,82651
44504,46899
44504,57787
44504,38979
44505,77589
44505,34634
44505,52061
44505,22173
44505,134518
44505,94662
44505,133270
44505,112547
44505,66017
44505,49159
44505,13476
44505,51442
44505,93785
44505,68763
44505,38588
44505,70310
44505,140259
44505,133847
44505,115102
44505,12025
44505,13902
44505,140288
44505,104733
44505,122442
44505,75740
44505,56189
44505,876
44505,112499
44505,109376
44505,3438
44505,18475
44505,140797
44505,118928
44508,107389
44508,20777
44508,12315
44508,20547
44508,19718
44508,51769
44508,666
44508,6208
44508,49133
44508,111519
44508,57546
44508,80752
44508,123453
44508,88570
44508,72844
44508,107188
44508,15330
44508,140592
44508,138831
44508,39502
44508,54991
44508,93770
44508,13728
44508,83807
44508,35912
44508,128348
44508,33859
44508,44351
44508,78186
44508,76211
44508,46801
44508,54572
44508,54529
44509,84566
44509,61625
44509,16643
44509,125705
44509,124092
44509,29197
44509,38752
44509,67623
44509,25968
44509,83020
44509,25251
44509,74744
44509,22036
44509,129801
44509,45041
44509,103890
44509,122483
44509,125543
44509,43421
44509,89112
44509,13331
44509,73200
44509,107185
44509,78639
44509,43021
44509,64682
44510,75861
44510,84998
44510,72961
44510,16316
44510,46184
44510,67468
44510,105357
44512,28884
44512,106075
44512,70676
44512,44385
44512,51420
44512,7958
44512,54860
44512,131898
44512,51546
44512,16455
44512,17500
44512,18611
44512,27885
44512,45450
44512,130208
44512,61379
44512,2103
44512,91107
44512,137244
44512,52678
44512,91402
44512,133377
44512,38398
44512,128283
44515,96185
44515,19538
44515,63469
44515,42087
44515,73081
44515,43777
44515,100163
44515,128866
44515,37299
44515,42047
44515,116308
44515,15768
44515,54963
44515,97625
44515,12373
44515,126951
44515,73262
44515,112261
44515,93306
44515,120352
44515,122804
44515,109332
44515,537
44515,2968
44515,22019
44515,61330
44515,36580
44515,40083
44515,20742
44515,5651
44515,76130
44515,77247
44515,56017
44515,15151
44516,41278
44516,126657
44516,139197
44516,15994
44516,4875
44516,37346
44516,71376
44516,126719
44516,74754
44516,106262
44516,45080
44516,33590
44516,53494
44516,43010
44516,86639
44516,64889
44516,64762
44516,7880
44516,41712
44516,35264
44516,138600
44516,103187
44516,7527
44516,10746
44516,78838
44516,77935
44516,38725
44516,114304
44516,23212
44516,6439
44516,69261
44516,129968
44517,58852
44517,57489
44517,140791
44517,89171
44517,107936
44517,110272
44517,31239
44517,36667
44517,25261
44517,10722
44517,1626
44517,76521
44517,111471
44517,45190
44517,89807
44517,81776
44517,89817
44517,5218
44517,835
44519,4992
44519,125731
44519,84213
44519,50250
44519,70407
44521,115834
44521,14753
44521,62792
44521,50537
44521,84746
44521,69334
44521,103857
44521,10220
44521,35869
44521,52945
44521,51970
44521,31165
44521,133977
44521,90142
44521,125035
44521,16032
44521,13449
44521,116565
44521,88406
44521,1709
44521,44957
44521,91242
44521,7632
44521,23304
44521,134059
44521,23072
44521,113699
44521,138162
44521,31026
44521,139392
44521,117143
44521,3359
44521,17624
44524,109487
44524,88024
44524,87743
44524,7116
44524,137740
44524,88050
44524,62034
44524,134222
44524,917
44524,26898
44524,101422
44527,112101
44527,112479
44527,137751
44527,10107
44527,139418
44527,27699
44527,34020
44527,52209
44527,22578
44527,32842
44527,126899
44527,92611
44527,106236
44527,21808
44527,5286
44527,63812
44527,132925
44527,134232
44527,23073
44527,77856
44527,69738
44527,55791
44527,139917
44527,121350
44527,126073
44527,89476
44527,113229
44527,69607
44527,57445
44527,130258
44527,108751
44527,121101
44528,27675
44528,74499
44528,24526
44528,95615
44528,102705
44528,122888
44529,76560
44529,98616
44529,96301
44529,137921
44529,83940
44529,67869
44529,140815
44529,69055
44529,119330
44529,71142
44529,32290
44529,30972
44529,14712
44529,58972
44529,16169
44529,120804
44529,114771
44529,12934
44529,64447
44529,72485
44529,135473
44529,51558
44529,17601
44529,130544
44529,35548
44529,134464
44529,76933
44529,14724
44529,97076
44530,65877
44530,23416
44530,15448
44530,69811
44530,5104
44530,57816
44530,112039
44530,74926
44530,83575
44530,73700
44531,133419
44531,99838
44531,70114
44531,9562
44531,46219
44531,34696
44531,139069
44531,130229
44531,87671
44532,64104
44532,88854
44532,48535
44532,4372
44532,110750
44532,49945
44532,2374
44532,85780
44532,125425
44532,80400
44532,72118
44532,91676
44532,82858
44532,22886
44532,50454
44532,92440
44532,106848
44532,102226
44532,69845
44532,29680
44532,105253
44532,35469
44532,24157
44532,51505
44532,41602
44532,62517
44532,135974
44532,62013
44532,125055
44532,69558
44532,109384
44532,50214
44533,72330
44533,136089
44533,33759
44533,41012
44533,18964
44533,123027
44533,56926
44533,79007
44533,105263
44533,49969
44533,84748
44533,71275
44533,124620
44533,25517
44533,106063
44533,39648
44533,6912
44533,90192
44533,22545
44533,129074
44533,33796
44533,4976
44533,36879
44533,48962
44533,43415
44533,89262
44533,126610
44533,7704
44533,70659
44533,130670
44536,68002
44536,31359
44536,124166
44536,66506
44536,79068
44536,24021
44536,125053
44536,137514
44536,53547
44536,85065
44536,95369
44536,46505
44536,101503
44536,103353
44536,69489
44536,67376
44536,111508
44536,98457
44536,98106
44536,91687
44536,99430
44536,137042
44536,18635
44536,62168
44536,131344
44536,4256
44536,84526
44536,56064
44536,81465
44536,91084
44536,119127
44536,136025
44536,39748
44538,39286
44538,20241
44538,3501
44538,8498
44538,38840
44538,138229
44538,118442
44538,123157
44538,11850
44538,115311
44538,130194
44538,118355
44538,121081
44538,94634
44538,3579
44538,64873
44538,38196
44538,101884
44538,93342
44538,120068
44538,39484
44538,125832
44538,21891
44538,112383
44538,66339
44538,28325
44538,95193
44538,7969
44538,80826
44538,113804
44538,44960
44539,86705
44539,55503
44539,138968
44539,81849
44539,42260
44539,83158
44539,59232
44539,106467
44539,13262
44539,135698
44539,31663
44539,15545
44539,4426
44539,3553
44539,125702
44539,69270
44539,70627
44539,16301
44539,108502
44539,24939
44539,56537
44539,68411
44539,109855
44539,116047
44539,64324
44539,46923
44539,55340
44539,7672
44539,91588
44539,17909
44539,74077
44539,11126
44540,1230
44540,41278
44540,3213
44540,105408
44540,20592
44540,23268
44540,8586
44540,7919
44540,139197
44540,15994
44540,126264
44540,37346
44540,71181
44540,70606
44540,38538
44540,77935
44540,64762
44540,68923
44540,23212
44540,71376
44540,131295
44540,84032
44540,111170
44540,121267
44540,135499
44540,25416
44540,41712
44540,86639
44540,53494
44540,56042
44540,70839
44540,23265
44543,120505
44543,89794
44543,86258
44543,65297
44543,100370
44543,112483
44543,58911
44543,84734
44543,64471
44543,97690
44543,128401
44543,35453
44543,50529
44544,45462
44544,6962
44544,33682
44544,22304
44544,9932
44544,52375
44544,128741
44544,42928
44544,78684
44544,87474
44544,123473
44544,44372
44544,133212
44544,17319
44544,104112
44544,110504
44544,11496
44544,78976
44544,84306
44544,9003
44544,59607
44544,97345
44544,126423
44544,3273
44544,84766
44544,21522
44544,69822
44544,137332
44544,28243
44544,88614
44544,82514
44544,106646
44546,92705
44546,85601
44546,74514
44546,64148
44546,129396
44546,78613
44546,97579
44546,59780
44546,50417
44546,101317
44546,138069
44546,120146
44546,134188
44546,116672
44546,97757
44546,83507
44546,81641
44546,80823
44546,75666
44546,91981
44546,117876
44546,71069
44546,74048
44546,137989
44546,83235
44546,60010
44546,135958
44546,55601
44546,71308
44546,128563
44546,76735
44546,42910
44546,84920
44547,89875
44547,32192
44547,30602
44547,106039
44547,24326
44547,56527
44547,140490
44547,92505
44547,111235
44547,13255
44547,105811
44547,102098
44549,134855
44549,22408
44549,94128
44549,53517
44549,65696
44549,86578
44549,46245
44552,90358
44552,85212
44552,5341
44552,130493
44552,32936
44552,109137
44552,92917
44552,111769
44552,116158
44552,128286
44552,119655
44552,88308
44552,84803
44552,54948
44552,52700
44552,39871
44552,20815
44552,129436
44552,96415
44552,121404
44552,38745
44552,77312
44552,72438
44552,138453
44552,6918
44552,37084
44554,25099
44554,109716
44554,103672
44554,80643
44554,112707
44554,30498
44554,123742
44554,134174
44554,78846
44556,80133
44556,105052
44556,52752
44556,55478
44556,71420
44556,100507
44556,50681
44556,45640
44556,46515
44556,116577
44556,34822
44556,5166
44556,110687
44556,79333
44556,90813
44556,91442
44556,127458
44556,15250
44556,36175
44556,79345
44556,2954
44556,78646
44556,37983
44556,73623
44559,101880
44559,46370
44559,103888
44559,33801
44559,89054
44560,57829
44560,113419
44560,31625
44560,12310
44560,81872
44560,101179
44560,138686
44560,126752
44560,93289
44560,130708
44560,54302
44560,88182
44562,37124
44562,22013
44562,37543
44562,31486
44562,55050
44562,1495
44562,107909
44562,48522
44562,62237
44562,95182
44562,62726
44562,21470
44562,12357
44562,38837
44562,48375
44562,110189
44562,66803
44562,25236
44562,79537
44562,79235
44562,85321
44562,64602
44562,118976
44562,68833
44562,43657
44562,102874
44562,113761
44562,25985
44562,83364
44562,85575
44562,63276
44562,39329
44562,1561
44563,44045
44563,28577
44563,100506
44563,46718
44563,113481
44563,128741
44563,33682
44563,6962
44563,42928
44563,67728
44563,45462
44563,52375
44563,28746
44563,133212
44563,68734
44563,126423
44563,117303
44563,106268
44563,112539
44563,129717
44563,82754
44563,46369
44563,88614
44563,133841
44563,42406
44563,32641
44563,880
44563,70955
44563,108584
44563,133878
44564,81041
44564,52724
44564,71207
44564,25609
44564,88259
44564,50539
44564,71298
44567,34635
44567,49368
44567,14389
44567,115770
44567,29286
44567,44306
44567,53695
44567,7360
44567,7258
44567,83026
44567,17213
44567,55039
44567,140130
44567,18380
44567,132293
44567,86289
44567,67974
44567,93944
44567,126571
44567,128241
44567,130018
44567,109431
44568,131740
44568,48375
44568,43657
44568,95182
44568,42011
44568,31245
44568,20295
44568,1495
44568,139360
44568,9894
44568,103807
44568,37304
44568,25236
44568,37543
44568,22013
44568,31486
44568,77411
44568,37124
44568,85321
44568,90836
44568,130173
44568,62726
44568,102874
44568,12357
44568,38837
44568,83364
44568,15230
44568,8797
44568,78694
44568,67389
44568,129926
44568,37726
44572,120810
44572,110622
44572,82613
44572,119468
44572,16324
44572,90228
44572,16988
44572,11682
44572,25292
44572,87441
44572,36284
44572,80893
44572,71040
44572,62450
44572,102158
44572,61393
44572,99445
44572,27008
44572,74665
44572,90911
44572,57294
44572,17474
44572,127513
44572,62716
44572,135618
44572,17721
44572,36209
44572,26196
44574,60073
44574,103405
44574,79579
44574,64587
44574,63987
44574,20110
44574,66158
44574,88756
44574,91377
44574,94539
44574,105632
44574,108788
44574,80276
44574,113938
44574,132846
44574,113300
44574,1435
44574,71282
44574,102787
44574,87695
44574,85645
44574,37804
44574,22686
44574,11391
44574,76476
44574,9347
44574,97007
44574,101684
44574,24079
44574,69284
44574,25265
44574,67418
44574,9095
44575,127523
44575,65567
44575,79150
44575,131362
44575,136541
44575,81988
44575,138416
44575,99805
44575,133502
44575,31912
44575,123546
44575,27942
44575,119602
44575,93538
44575,127912
44575,75708
44575,75834
44575,114470
44575,109253
44575,59528
44575,85562
44575,60026
44575,6562
44575,67626
44575,129970
44575,16397
44575,66401
44575,60053
44575,15672
44575,93026
44575,6542
44575,124518
44575,17762
44577,107282
44577,123180
44577,70032
44577,29700
44577,76250
44577,58271
44577,119030
44577,120143
44577,128069
44577,121993
44577,93297
44577,130770
44577,107528
44577,51436
44577,99333
44577,89300
44577,132155
44577,125157
44577,55143
44577,117980
44577,99746
44577,124447
44577,101529
44577,44490
44577,121104
44577,82619
44577,74205
44577,45179
44577,62435
44577,93794
44577,69182
44577,135613
44578,106578
44578,104775
44578,83137
44578,128674
44578,35746
44578,52024
44578,74136
44578,137379
44578,64425
44578,121082
44578,95888
44578,118599
44578,91895
44578,16817
44578,84682
44578,47175
44578,13804
44578,124587
44578,69227
44579,53168
44579,67012
44579,70297
44579,61864
44579,130093
44579,45249
44579,30835
44579,17449
44579,65850
44579,138062
44579,19071
44579,73097
44579,121407
44579,92421
44579,5155
44579,118421
44579,67094
44579,22025
44579,42390
44579,48383
44580,4557
44580,36469
44580,35699
44580,28293
44580,127569
44580,90056
44580,10442
44580,58171
44580,65136
44580,5382
44580,96063
44580,90392
44580,119084
44580,17496
44580,117315
44582,137804
44582,62227
44582,2330
44582,94958
44582,67837
44582,10888
44582,53182
44582,114345
44582,77403
44582,72666
44582,135276
44582,8811
44582,96812
44582,89862
44582,15244
44582,88999
44582,75618
44582,63197
44582,102491
44582,40242
44582,78262
44582,8809
44582,42709
44582,73032
44582,114045
44582,116699
44582,23295
44582,138801
44582,140624
44582,3415
44582,45709
44583,135607
44583,57355
44583,51926
44583,18138
44583,60530
44583,95634
44583,134767
44583,81920
44583,109823
44583,36798
44583,99253
44583,11437
44583,72805
44583,61306
44583,73257
44583,118265
44583,29863
44583,119866
44583,113915
44583,113123
44583,73876
44584,46201
44584,22083
44584,80877
44584,25986
44584,6600
44584,95011
44584,106691
44584,90826
44584,61948
44584,69049
44584,107293
44584,12043
44584,79159
44584,29836
44584,46081
44584,9064
44584,22786
44584,67760
44584,83198
44584,90382
44584,99585
44584,118029
44584,68305
44584,44910
44584,44675
44584,25816
44584,111975
44584,129863
44584,128956
44584,69647
44584,64891
44584,37948
44584,111638
44587,51830
44587,99674
44587,87862
44587,86265
44587,101392
44587,85177
44587,54791
44587,609
44587,17057
44587,107605
44587,70514
44587,139248
44587,19536
44587,62765
44587,22943
44587,21683
44587,28353
44587,65276
44587,130923
44587,15885
44587,78132
44587,42038
44587,100162
44587,124040
44587,69706
44587,111323
44587,81398
44587,85273
44587,112642
44587,23633
44591,13674
44591,135551
44591,24519
44591,107846
44591,45896
44591,76443
44591,118800
44591,85430
44591,86928
44591,118766
44591,83134
44591,16826
44591,61695
44591,134686
44591,22471
44591,42693
44591,69514
44591,90770
44591,74882
44591,21443
44591,139719
44591,32114
44591,5961
44591,81720
44591,88778
44591,127861
44591,560
44591,47556
44591,10418
44591,68601
44591,91620
44591,108213
44591,67161
44592,41454
44592,48755
44592,101578
44592,122239
44592,132263
44592,13492
44592,60418
44592,91953
44592,58728
44592,132420
44592,10656
44592,133401
44595,114932
44595,137997
44595,124342
44595,37818
44595,21018
44595,134323
44595,40279
44595,134154
44595,49656
44595,24545
44595,94455
44595,46274
44595,60846
44595,35223
44595,131892
44595,70177
44595,77089
44595,59781
44595,14082
44595,38419
44595,26248
44595,77914
44595,102130
44595,78500
44595,77795
44595,60468
44595,59657
44595,57952
44595,38904
44595,90809
44595,117294
44595,68420
44595,125083
44596,75758
44596,47481
44596,105032
44596,89078
44596,61268
44596,10194
44596,125337
44596,77308
44596,95918
44596,37107
44596,34971
44596,114892
44596,56665
44596,69088
44596,63031
44596,2641
44596,31938
44596,120821
44596,16707
44596,66484
44596,70962
44596,56423
44596,128985
44596,42953
44596,108351
44596,125466
44596,35809
44596,104434
44596,101999
44596,115692
44596,28109
44596,55076
44597,24572
44597,72539
44597,71394
44597,25386
44597,103530
44597,25608
44597,35818
44597,7847
44597,117263
44597,13552
44597,9601
44597,86126
44597,120136
44597,105599
44597,80086
44597,104370
44597,70808
44597,68188
44597,45404
44597,44913
44597,41263
44597,31968
44597,86528
44597,90958
44597,96666
44597,128540
44597,39159
44598,44849
44598,107594
44598,26092
44598,48954
44598,14785
44598,97743
44598,17471
44599,13389
44599,71111
44599,124733
44599,92300
44599,122145
44599,53436
44599,9413
44599,23555
44599,54591
44599,2885
44599,73040
44599,80051
44599,22475
44599,48971
44599,135790
44599,22039
44599,643
44599,14778
44599,24778
44599,122140
44599,86613
44599,57103
44599,96533
44599,30745
44599,129162
44599,36560
44599,77041
44599,46204
44600,138900
44600,55011
44600,112870
44600,92100
44600,95914
44600,75809
44600,110375
44600,75562
44600,40209
44600,34026
44600,84968
44600,53602
44600,15030
44600,13158
44600,25464
44600,127818
44600,11187
44600,40222
44600,40027
44600,56431
44600,25899
44600,19675
44600,26052
44600,134406
44600,88008
44600,65207
44600,16736
44602,7898
44602,133509
44602,138722
44602,48233
44602,31135
44602,96974
44602,8917
44602,99025
44602,85555
44602,109868
44602,14960
44602,123096
44602,139000
44602,13934
44602,94261
44602,8508
44602,86188
44602,59962
44602,67927
44602,113912
44602,38981
44602,59056
44602,30986
44602,117430
44602,48898
44602,46320
44602,94897
44602,52515
44602,55059
44602,134671
44602,120274
44602,14411
44602,11885
44602,41438
44605,90787
44605,128934
44605,25784
44605,110898
44605,133839
44605,93831
44605,1139
44605,119812
44605,26510
44606,122416
44606,79603
44606,102917
44606,68941
44606,138786
44606,65303
44606,1523
44606,11986
44606,61991
44606,46002
44606,71140
44606,1517
44606,70490
44606,82382
44606,109181
44606,51993
44607,80832
44607,130468
44607,103908
44607,14912
44607,19807
44607,81804
44607,8134
44607,99844
44607,53266
44607,98347
44607,62587
44607,18410
44607,109612
44608,140592
44608,55920
44608,97282
44608,37555
44608,666
44608,13728
44608,93770
44608,34583
44608,101914
44608,101178
44608,121735
44608,133186
44608,25149
44608,35377
44608,118677
44608,52539
44608,128794
44608,54572
44608,93249
44608,25779
44608,60910
44608,114770
44608,81214
44608,98380
44608,102234
44608,3323
44608,83422
44608,10781
44608,14639
44608,24584
44608,41381
44608,39427
44608,57315
44608,12816
44610,22578
44610,132925
44610,55791
44610,21808
44610,139917
44610,137751
44610,134232
44610,32358
44610,126899
44610,28383
44610,34020
44610,112479
44610,134086
44610,30618
44610,106236
44610,130258
44610,10107
44610,82404
44610,82688
44610,57114
44610,10763
44610,5286
44610,92611
44610,27525
44610,121675
44610,113229
44610,112101
44610,77856
44610,66606
44610,58217
44610,121101
44610,98323
44612,55920
44612,97282
44612,37555
44612,666
44612,93770
44612,101178
44612,140592
44612,52539
44612,133186
44612,117460
44612,118677
44612,128794
44612,132435
44612,102234
44612,10781
44612,54572
44612,121735
44612,25149
44612,34583
44612,39427
44612,25779
44612,83422
44612,60910
44612,57315
44612,3323
44612,85194
44612,88570
44612,24584
44612,67793
44612,81214
44612,78186
44612,98380
44615,751
44615,12975
44615,95082
44615,73568
44615,131228
44615,16091
44615,126347
44615,38900
44615,67956
44615,83871
44615,82867
44615,77986
44615,124197
44615,90390
44615,59850
44615,35081
44615,67197
44615,42054
44615,60353
44615,86908
44615,13220
44615,121475
44615,47759
44615,69057
44616,140435
44616,34300
44616,66568
44616,135654
44616,108540
44616,34357
44616,101424
44619,9665
44619,59175
44619,55718
44619,135774
44619,34222
44619,36651
44619,19826
44619,105688
44619,133797
44619,109846
44619,36822
44619,10044
44619,81549
44619,55949
44619,32240
44619,43922
44619,46734
44619,127403
44619,93820
44619,35246
44619,72672
44619,86567
44619,118348
44619,97131
44619,93830
44619,98336
44619,32787
44619,15724
44619,9507
44619,43881
44620,742
44620,123566
44620,76833
44620,129763
44620,115743
44620,2354
44620,114926
44620,98538
44620,83398
44620,61550
44620,54978
44620,53437
44620,101033
44620,55061
44620,61327
44620,67555
44620,127716
44620,107836
44620,6377
44620,9888
44620,46070
44620,82502
44620,76398
44620,77287
44620,107410
44620,133602
44624,122487
44624,34229
44624,73871
44624,91948
44624,43195
44624,121358
44624,127572
44624,71228
44624,84569
44624,113386
44624,113593
44624,48248
44624,130455
44624,55244
44624,116224
44624,82766
44624,39901
44624,89375
44624,71951
44624,16984
44628,52390
44628,63517
44628,9115
44628,44625
44628,61316
44628,77659
44628,62996
44628,27733
44628,120934
44628,113691
44628,72591
44628,110164
44628,79915
44628,35386
44628,139465
44628,139236
44628,10311
44628,92759
44628,14582
44628,42447
44628,126908
44628,117805
44628,77736
44628,136027
44628,46803
44628,32765
44628,36349
44628,91072
44628,48074
44628,130519
44628,90094
44629,21048
44629,31292
44629,43195
44629,79695
44629,124686
44629,91053
44629,48069
44629,43497
44629,92104
44629,26455
44629,93867
44629,20383
44629,103043
44629,84389
44629,92190
44629,36908
44629,115875
44629,101019
44629,81035
44629,12215
44629,40534
44629,20956
44630,36523
44630,79357
44630,93576
44630,37043
44630,14171
44630,127495
44630,14252
44630,63004
44630,67703
44632,95664
44632,107135
44632,107648
44632,6414
44632,80667
44632,112478
44633,51856
44633,134375
44633,133005
44633,22040
44633,117094
44633,67674
44633,134526
44633,22586
44633,76795
44633,51294
44633,57539
44633,49511
44633,133193
44633,129673
44636,77360
44636,68487
44636,1497
44636,7880
44636,139530
44639,3636
44639,132828
44639,57897
44639,137819
44639,128051
44639,105814
44639,124046
44639,120365
44639,106731
44639,131906
44639,20199
44639,106404
44639,103358
44639,21705
44639,52964
44639,106432
44639,66582
44639,133085
44639,104861
44639,133431
44639,1714
44639,2445
44639,21221
44639,81128
44640,135551
44640,134686
44640,135487
44640,88219
44640,20136
44640,22471
44640,32114
44640,21443
44640,81720
44640,5961
44640,127861
44640,139719
44640,74882
44640,122582
44640,108213
44640,560
44640,13019
44640,10418
44640,47359
44640,68601
44640,47556
44640,73394
44640,45410
44640,135726
44640,91620
44640,68206
44643,29482
44643,11231
44643,47044
44643,53958
44643,94042
44643,122862
44643,119973
44643,92787
44643,105646
44643,20891
44643,87305
44643,67243
44643,118799
44643,26120
44643,106946
44643,93054
44643,45232
44643,72455
44643,115116
44643,135587
44643,3470
44643,7111
44643,61174
44643,47871
44643,63093
44643,36005
44644,109472
44644,67329
44644,46760
44644,24203
44644,52160
44644,138759
44644,36055
44644,58988
44644,109260
44644,120709
44644,62226
44645,117460
44645,107389
44645,55920
44645,666
44645,98380
44645,93770
44645,13728
44645,118677
44645,60910
44645,20777
44645,12315
44645,25149
44645,88570
44645,128794
44645,132435
44645,25779
44645,37555
44645,101914
44645,6208
44645,39427
44645,133186
44645,101178
44645,102234
44645,34583
44645,81214
44645,57315
44645,35377
44645,121735
44645,97282
44645,10781
44645,3323
44645,85194
44645,67793
44647,29576
44647,85580
44647,100139
44647,104654
44647,68030
44647,7602
44647,52855
44647,114187
44647,96495
44647,56000
44647,83960
44647,66697
44647,68627
44647,105960
44647,118881
44647,3551
44647,9485
44647,17297
44647,33624
44647,69119
44647,127508
44647,10475
44647,117490
44647,104990
44647,6884
44647,37789
44647,33956
44647,133238
44647,133240
44647,34781
44647,8972
44650,38029
44650,115816
44650,116681
44650,54291
44650,103134
44650,37960
44650,12206
44650,92635
44650,11781
44650,130639
44650,16336
44650,69147
44650,74019
44650,84237
44650,86303
44650,93199
44650,18903
44650,94809
44650,13140
44650,132665
44652,25159
44652,99025
44652,91975
44652,96974
44652,114174
44652,59962
44652,116549
44652,79437
44652,94897
44652,82267
44653,94065
44653,91751
44653,15531
44653,128252
44653,5760
44653,134677
44653,86518
44653,64823
44653,129014
44653,107832
44653,80261
44653,87854
44653,139934
44653,100608
44653,41532
44653,129823
44653,33693
44653,56217
44653,37355
44653,49788
44653,3365
44653,72376
44653,54180
44653,58260
44653,101994
44653,87316
44653,53018
44653,46949
44653,4215
44653,102043
44653,127814
44653,20236
44653,127621
44654,36186
44654,91132
44654,83626
44654,97805
44654,82643
44654,46305
44654,132963
44654,409
44654,73033
44654,22186
44654,53155
44654,117220
44654,65114
44654,101260
44654,78229
44654,23410
44654,122322
44654,78407
44654,82651
44654,38979
44654,54601
44655,16032
44655,13449
44655,125034
44655,67637
44655,117143
44655,52945
44655,51970
44655,90142
44655,31165
44655,138162
44655,65242
44655,116565
44655,47040
44655,3532
44655,23072
44655,77314
44655,69334
44655,126048
44655,140168
44655,114189
44655,112703
44655,121767
44655,40885
44655,120388
44655,39357
44655,135222
44655,96694
44655,38246
44656,911
44656,35836
44656,74970
44656,17282
44656,5035
44656,57617
44656,52256
44656,28041
44656,85261
44656,38850
44656,32629
44656,9754
44656,74979
44656,114185
44656,81191
44656,58700
44656,134071
44656,44643
44656,7195
44656,50078
44656,82091
44656,53795
44656,36141
44656,69786
44656,61331
44656,49968
44656,75868
44656,24893
44656,60242
44656,120562
44662,15033
44662,14209
44662,51100
44662,13558
44662,72004
44662,117955
44662,78244
44662,109742
44662,38878
44662,111449
44662,128219
44662,63854
44662,63666
44662,81528
44662,74767
44662,87451
44662,19543
44662,93477
44662,135199
44662,137156
44662,65373
44662,64424
44662,47863
44662,45753
44662,15025
44662,87336
44662,33881
44662,12673
44662,66658
44662,112919
44662,80933
44662,77923
44664,74835
44664,67832
44664,25683
44664,43458
44664,56847
44664,110628
44664,126594
44664,62319
44664,93551
44664,30764
44664,58481
44664,67808
44664,70364
44664,72013
44664,106652
44664,606
44665,85580
44665,96495
44665,83960
44665,66697
44665,68030
44665,104990
44665,37789
44665,46643
44665,84312
44665,69119
44665,114187
44665,34403
44665,139647
44665,34781
44665,94712
44665,67466
44665,33956
44665,133238
44665,68627
44665,33624
44665,108405
44665,105960
44665,61879
44665,3551
44665,118881
44666,68473
44666,102298
44666,93125
44666,43785
44666,75755
44666,16191
44666,90889
44666,139620
44666,135266
44666,132946
44666,99967
44666,93518
44666,1250
44666,77975
44666,65686
44666,127747
44666,110497
44666,82665
44666,21265
44666,34889
44666,72500
44666,130510
44666,58773
44666,753
44666,57133
44666,40323
44666,78108
44666,139566
44666,5240
44666,112514
44667,128233
44667,4139
44667,62597
44667,25955
44667,12264
44667,57854
44667,94418
44667,112116
44667,124603
44667,6558
44667,71179
44667,6115
44667,53767
44667,100827
44667,7812
44667,111384
44667,86621
44667,126560
44667,53072
44667,115642
44667,139306
44667,135139
44667,20272
44667,13026
44667,80491
44667,89762
44667,81488
44667,43261
44667,4244
44667,124880
44667,12138
44667,25817
44667,43159
44668,41228
44668,72231
44668,112251
44668,138522
44668,85366
44668,76135
44668,48082
44668,35125
44668,101725
44668,67089
44668,85700
44668,42817
44668,51905
44668,105298
44668,34090
44668,120451
44668,89353
44668,95651
44668,115013
44668,124452
44668,86698
44668,12513
44668,15026
44668,110415
44668,124148
44668,115751
44668,96141
44668,129554
44668,134575
44668,139739
44668,4202
44669,10906
44669,113768
44669,46415
44669,79875
44669,22163
44669,113208
44669,20863
44669,63470
44669,38130
44669,3776
44669,115943
44669,92995
44669,44530
44669,122752
44669,109651
44669,124497
44669,41832
44669,21339
44669,112435
44669,61545
44669,120519
44669,53279
44669,111520
44669,82699
44669,34826
44669,2770
44669,32073
44669,111823
44669,54445
44669,124590
44669,56603
44669,42389
44669,76814
44669,58599
44671,50758
44671,67659
44671,136620
44671,115623
44671,110296
44671,125256
44671,19107
44671,49562
44671,103952
44671,55183
44671,109443
44671,52881
44671,85028
44671,83930
44671,138048
44671,119596
44671,132736
44671,124433
44671,69504
44671,8507
44671,98412
44671,21437
44671,135978
44671,118072
44671,74285
44671,23484
44671,140240
44673,81037
44673,49783
44673,115368
44673,964
44673,71280
44673,68960
44673,94676
44673,87611
44673,112156
44673,9153
44673,4168
44673,127474
44673,6969
44673,135332
44673,10844
44673,10577
44673,23875
44673,32501
44673,16764
44673,58887
44673,123796
44673,53672
44673,129255
44673,126675
44673,93750
44673,108020
44673,99903
44673,12643
44673,121140
44673,51819
44673,137231
44673,61102
44674,119399
44674,47068
44674,28383
44674,3820
44674,40441
44674,10763
44674,122734
44674,30618
44674,121675
44674,84914
44674,92772
44674,82604
44674,58217
44674,66606
44674,64488
44674,71922
44674,101162
44674,9589
44674,62326
44674,124234
44674,45851
44676,64936
44676,101271
44676,103087
44676,39027
44676,116621
44676,4641
44676,31751
44676,92978
44676,59663
44676,73872
44676,104296
44676,63495
44676,98745
44676,67013
44676,60599
44676,65536
44676,72999
44676,53458
44676,13656
44676,109746
44676,43882
44676,129631
44676,25141
44676,137144
44676,12534
44676,64841
44676,20720
44677,54206
44677,25943
44677,76695
44677,45879
44677,18692
44677,133560
44677,104550
44677,42522
44677,6182
44677,133777
44677,108064
44677,129737
44677,119225
44677,103507
44677,59223
44677,22664
44677,21498
44677,113154
44677,81316
44677,104469
44677,72857
44677,77120
44677,134859
44677,111246
44677,114703
44677,84528
44677,29887
44678,9660
44678,20873
44678,71498
44678,14695
44678,74839
44678,30134
44678,79045
44678,140772
44678,8928
44678,63948
44678,63886
44678,103435
44678,33398
44678,93696
44678,26595
44678,72371
44678,41146
44678,41320
44678,82300
44678,75606
44678,72616
44678,97647
44678,66311
44678,24672
44678,81401
44678,7576
44678,2452
44678,65183
44678,107647
44678,85359
44679,24646
44679,122377
44679,50553
44679,2506
44679,92078
44679,26422
44679,117972
44679,95225
44679,124355
44679,57728
44679,92733
44679,21244
44679,28522
44679,81150
44679,9456
44679,103663
44679,109237
44679,90658
44679,87459
44679,12263
44679,99326
44679,38256
44679,130073
44679,53745
44679,115096
44679,125002
44679,12950
44679,41396
44679,19626
44681,61625
44681,16643
44681,45578
44681,8559
44681,107202
44681,69196
44681,70574
44681,25251
44681,109152
44681,105629
44681,110028
44681,126797
44681,45818
44681,49774
44681,39202
44681,73200
44681,44155
44681,25605
44681,116900
44681,130377
44681,35794
44681,77999
44681,27108
44681,127339
44681,57677
44681,29440
44681,172
44681,55541
44682,47573
44682,49548
44682,106186
44682,128067
44682,88483
44682,50930
44682,81274
44682,106781
44682,55613
44682,128119
44682,71969
44682,78179
44682,110280
44682,93730
44682,126782
44682,2977
44682,73613
44682,39643
44682,99083
44682,97575
44682,91119
44682,32434
44682,66286
44682,115539
44682,86666
44682,30665
44682,76632
44682,138125
44682,26946
44682,45886
44682,131845
44683,49249
44683,6995
44683,51401
44683,135672
44683,43642
44683,594
44683,17188
44683,51990
44683,125109
44683,55079
44683,74089
44683,92285
44683,46867
44683,135523
44683,16946
44683,19627
44683,68053
44683,74936
44683,89332
44683,110240
44685,76667
44685,107530
44685,122226
44685,116752
44685,130023
44685,69161
44685,64490
44685,30421
44685,120853
44685,107365
44685,19862
44685,50874
44685,86903
44685,120547
44685,122811
44685,13052
44685,120945
44685,86134
44685,123042
44685,109158
44685,61947
44685,73164
44685,8468
44685,54697
44685,313
44685,25506
44685,16787
44685,45541
44685,88343
44685,48049
44687,9762
44687,80391
44687,56347
44687,66109
44687,2743
44687,70195
44687,22871
44687,76782
44687,116008
44687,14308
44690,7156
44690,99723
44690,29426
44690,65758
44690,3713
44690,97339
44690,94045
44690,93078
44690,115796
44690,35048
44690,117420
44690,122268
44690,110339
44690,83511
44690,106793
44690,25298
44690,98525
44690,75071
44690,107794
44690,131773
44690,90258
44690,65313
44690,131723
44690,47537
44690,22300
44690,100023
44690,28685
44690,88485
44690,43044
44690,34820
44690,21474
44690,18602
44694,18114
44694,81477
44694,110046
44694,85846
44694,115056
44694,70461
44694,96842
44694,25323
44694,42719
44694,15000
44694,5328
44694,15964
44694,140418
44694,4695
44694,95772
44694,88247
44694,90608
44694,120637
44694,71834
44694,5188
44694,50425
44694,62760
44694,22407
44694,29172
44695,61695
44695,135551
44695,85430
44695,93654
44695,4780
44695,127297
44695,107846
44695,76443
44695,13674
44695,28495
44695,24519
44695,122589
44695,92927
44695,77504
44695,116211
44695,13499
44695,59098
44695,75125
44695,96091
44695,86928
44695,68282
44695,65860
44695,80034
44695,139053
44695,83134
44695,79449
44695,62131
44695,11948
44695,100081
44695,76689
44695,75637
44695,106872
44696,10195
44696,123776
44696,111958
44696,98147
44696,64475
44696,94287
44696,64955
44696,22047
44696,76971
44696,63877
44696,58164
44696,98279
44696,95013
44696,31176
44696,38149
44696,1733
44696,60401
44696,72467
44696,92711
44696,116545
44696,45006
44696,83115
44696,134674
44696,87946
44696,105899
44696,121601
44696,108773
44696,99785
44696,82477
44696,128928
44696,21718
44696,20247
44696,20787
44697,136210
44697,59466
44697,1147
44697,84296
44697,80396
44697,101198
44697,10987
44697,129263
44697,23777
44697,123801
44697,117771
44697,62403
44697,37616
44697,83789
44697,78989
44697,124602
44697,90052
44697,11203
44697,51492
44697,70405
44697,94138
44697,97785
44697,25884
44697,22497
44697,92193
44697,7573
44697,55859
44697,62134
44697,43662
44697,59206
44697,104770
44697,31281
44697,80999
44698,26725
44698,76475
44698,46542
44698,134122
44698,102600
44698,1685
44698,133490
44698,11620
44698,136316
44698,104191
44698,44380
44698,5963
44698,22428
44698,26380
44698,1615
44698,32238
44698,36936
44698,90521
44698,62559
44698,40389
44698,132618
44698,117452
44699,84060
44699,93485
44699,1696
44699,53253
44699,67649
44699,56605
44699,69811
44699,42550
44699,57816
44699,78707
44699,46458
44699,50247
44699,95434
44699,116598
44699,116754
44699,36954
44699,104589
44699,10845
44701,128970
44701,7778
44701,8981
44701,87270
44701,87929
44701,133050
44701,75549
44701,29409
44701,121647
44701,85718
44701,77135
44701,135165
44701,35755
44701,8019
44701,7396
44701,85765
44701,80571
44701,7464
44701,97562
44701,32927
44701,37541
44701,21103
44701,117811
44701,70906
44701,73875
44701,88043
44701,128924
44701,51681
44701,92747
44701,87396
44701,48835
44701,82673
44702,10944
44702,137863
44702,5896
44702,9531
44702,64022
44702,71069
44702,66347
44702,80823
44702,132115
44702,17412
44702,133127
44702,67755
44702,72759
44702,74309
44702,38107
44702,116672
44702,131155
44702,55601
44702,5820
44702,22485
44702,74322
44702,49652
44702,18575
44702,98840
44702,99242
44702,80231
44702,48323
44702,42910
44702,16183
44702,86846
44702,51322
44707,101312
44707,88931
44707,75413
44707,114353
44707,86735
44707,105176
44707,88638
44707,133675
44707,70876
44707,94070
44708,64017
44708,44213
44708,133846
44708,94241
44708,6400
44708,80067
44708,119002
44708,50366
44708,54795
44708,54739
44708,110915
44708,97517
44708,37339
44708,115994
44708,68372
44708,122468
44708,59872
44708,89202
44708,978
44708,19965
44708,83079
44708,15064
44708,79141
44708,3754
44708,11314
44708,96517
44708,105745
44708,38769
44708,97430
44708,32279
44708,23256
44708,139974
44708,69638
44710,57384
44710,63022
44710,98996
44710,71111
44710,7650
44710,114828
44710,34891
44710,123975
44710,74966
44710,118334
44710,83672
44710,114569
44710,81075
44710,81592
44710,7499
44710,104900
44710,6638
44710,48971
44710,131176
44710,140548
44710,132054
44710,105801
44710,53621
44710,122101
44710,99436
44710,110519
44710,25217
44710,137063
44710,111841
44710,18286
44710,122356
44710,107292
44715,21155
44715,89359
44715,90730
44715,52459
44715,48136
44715,83736
44715,132469
44715,77360
44715,26139
44715,104625
44715,130807
44715,103515
44715,70934
44715,104853
44715,5719
44715,98874
44715,86343
44715,7523
44717,20073
44717,86775
44717,98188
44717,52849
44717,5734
44717,53635
44717,5077
44717,30370
44717,130332
44717,133189
44717,112787
44717,120461
44717,9074
44717,84345
44717,19615
44717,2805
44717,117236
44717,34639
44718,115884
44718,36514
44718,64675
44718,60257
44718,129301
44718,102514
44718,80969
44718,16083
44718,60815
44718,71889
44718,67043
44718,119682
44718,110167
44718,92556
44718,90469
44718,140381
44718,9379
44718,56403
44718,19164
44718,44622
44718,99626
44718,105781
44718,126151
44718,79872
44718,10873
44718,130140
44718,895
44718,39917
44718,35848
44718,17870
44719,33815
44719,7276
44719,109309
44719,38161
44719,12005
44719,86004
44719,38658
44719,75268
44719,43285
44719,112428
44719,100585
44719,38058
44719,90081
44719,131151
44719,42853
44719,51559
44719,132490
44719,74578
44719,56658
44719,5156
44719,50554
44719,7032
44719,41484
44719,39503
44719,38382
44719,32834
44719,15630
44719,11957
44719,135763
44719,67545
44719,13519
44719,93872
44719,77974
44719,31768
44720,43094
44720,66503
44720,58934
44720,79069
44720,111178
44720,58915
44720,27391
44720,37720
44721,13878
44721,121287
44721,77109
44721,68689
44721,119322
44721,37788
44721,35043
44721,68783
44721,134786
44721,117347
44721,102112
44721,135195
44721,33163
44722,95225
44722,45604
44722,90312
44722,56330
44722,43264
44722,109237
44722,54726
44722,44737
44722,24743
44722,62886
44722,26357
44722,1842
44722,17637
44722,123948
44722,106248
44722,45548
44722,21244
44722,26422
44722,100386
44722,115096
44722,103248
44722,98216
44722,53745
44722,37742
44722,41396
44722,87339
44722,101744
44722,55979
44722,90439
44722,8243
44722,89721
44722,54601
44722,62042
44724,13088
44724,128482
44724,85457
44724,137569
44724,21633
44724,77552
44724,43980
44724,62639
44724,95731
44724,80479
44724,110811
44724,76063
44724,51153
44724,18159
44724,7327
44724,55219
44724,104928
44724,7617
44726,97937
44726,27788
44726,119653
44726,118188
44726,96426
44726,57223
44726,4106
44726,40047
44726,4435
44726,49601
44726,105336
44726,123706
44728,4589
44728,63849
44728,120820
44728,106487
44728,132587
44728,16406
44728,104877
44728,140232
44728,102432
44728,36127
44728,15036
44728,107466
44728,83920
44728,39676
44728,15627
44728,2779
44728,126489
44728,140580
44728,127581
44728,100065
44728,109140
44728,3565
44728,34107
44728,134668
44728,119692
44728,82571
44728,58151
44728,9640
44728,80264
44728,75488
44728,24619
44729,106304
44729,92024
44729,33083
44729,23378
44729,43264
44729,29301
44729,110346
44729,131608
44729,45882
44729,103663
44729,60046
44729,136972
44729,122377
44729,77622
44729,43456
44729,24646
44729,61015
44729,106248
44729,2356
44729,125002
44729,119942
44729,37733
44729,123948
44729,81762
44729,117742
44729,78675
44729,132285
44729,21244
44729,99326
44729,110657
44729,100703
44729,109958
44729,92733
44730,36391
44730,120934
44730,52390
44730,47138
44730,9115
44730,7587
44730,105530
44730,91485
44730,62316
44730,2487
44730,778
44730,137139
44730,91997
44730,27733
44730,19980
44730,65072
44730,102765
44730,100942
44730,85024
44730,17051
44730,10542
44730,42447
44730,48074
44730,11839
44730,125223
44730,97362
44731,107282
44731,123180
44731,12189
44731,119030
44731,127531
44731,82619
44731,121993
44731,117980
44731,137359
44731,109765
44731,97020
44732,10044
44732,46734
44732,137721
44732,127403
44732,55718
44732,9665
44732,135774
44732,19826
44732,57325
44732,98336
44732,70960
44732,15724
44732,126301
44732,59175
44732,55949
44732,34222
44732,47846
44732,36822
44732,105688
44732,97131
44732,133797
44732,109846
44732,110815
44732,36651
44732,32240
44732,118348
44732,81549
44732,121991
44732,9507
44732,43881
44733,117043
44733,20087
44733,117870
44733,62152
44733,138205
44733,113035
44733,10132
44733,45875
44733,108637
44733,61639
44733,131958
44733,97038
44733,74464
44733,101633
44733,110390
44733,98714
44733,139847
44733,140551
44733,12197
44733,93485
44733,14515
44733,38164
44733,109598
44733,58817
44733,28983
44733,122895
44733,23723
44733,132972
44733,138371
44733,50432
44733,75781
44735,7372
44735,77843
44735,106356
44735,45480
44735,85678
44735,138659
44735,85140
44735,112178
44735,137194
44735,34734
44735,115241
44735,120291
44735,120915
44735,71028
44735,112238
44735,117638
44735,17000
44735,38437
44735,10335
44735,42263
44736,89388
44736,102347
44736,131607
44736,80377
44736,32917
44736,117041
44736,131106
44736,131865
44736,26203
44736,113830
44736,31123
44736,76754
44736,63600
44736,28878
44736,81877
44736,18026
44736,122407
44736,130028
44736,93357
44736,128018
44736,101396
44736,98884
44736,41409
44736,5441
44736,39592
44736,126567
44736,57594
44736,93051
44736,32919
44736,99489
44736,45543
44736,8729
44736,39393
44738,105999
44738,125892
44738,137919
44738,129003
44738,2427
44738,68229
44738,10551
44738,39742
44738,127066
44738,84517
44738,99909
44738,62327
44738,2695
44738,72669
44738,62779
44738,94911
44738,12607
44738,75829
44738,102562
44738,93041
44738,53901
44738,26226
44738,31383
44738,95730
44738,56089
44738,102583
44738,38273
44738,59113
44738,92835
44738,49231
44738,80212
44741,56727
44741,131830
44741,44756
44741,47994
44741,94175
44741,41836
44741,22687
44741,88359
44741,12703
44742,44493
44742,76226
44742,86107
44742,99161
44742,31820
44742,9138
44742,69730
44742,113005
44742,85842
44742,125096
44742,39485
44742,208
44742,106484
44742,106225
44742,115599
44742,119577
44742,106982
44742,135380
44742,46678
44742,88055
44742,20378
44742,131346
44742,40395
44742,38292
44742,59276
44743,76560
44743,32290
44743,72485
44743,61370
44743,124410
44743,87495
44743,85772
44743,30972
44743,64447
44743,98616
44743,67869
44743,133086
44743,137921
44743,96301
44743,69055
44743,71264
44743,58972
44743,44684
44743,37981
44743,9687
44743,203
44743,5263
44743,48805
44743,80684
44743,14724
44743,94572
44743,10162
44743,40568
44744,136061
44744,114210
44744,111748
44744,6458
44744,31137
44744,122556
44744,40092
44744,83367
44744,58624
44744,60906
44744,96051
44744,60404
44744,75448
44744,100967
44744,38587
44744,95897
44744,136345
44744,36452
44744,6890
44744,32349
44744,102111
44744,12415
44744,90603
44744,91550
44744,83018
44744,24393
44744,13842
44744,127974
44744,61717
44744,99963
44744,110557
44744,23127
44744,131863
44746,90015
44746,52354
44746,53235
44746,136400
44746,120758
44746,21923
44746,138174
44746,65482
44746,53822
44746,126937
44746,31002
44746,49122
44746,120134
44746,107289
44746,71023
44746,92483
44746,16597
44746,58759
44746,52479
44746,56013
44746,8560
44746,94133
44746,111108
44746,71928
44746,128688
44746,48389
44746,78878
44746,128569
44746,67431
44746,116094
44746,49376
44746,99036
44746,132981
44747,30338
44747,3213
44747,21155
44747,15994
44747,1230
44747,32887
44747,126657
44747,31643
44747,86639
44747,77935
44747,79740
44747,17633
44747,25476
44747,126665
44747,6623
44747,13044
44747,59546
44747,41712
44747,122621
44747,32112
44747,30950
44747,61529
44747,25070
44747,70934
44747,128615
44747,44923
44747,25416
44747,74754
44747,23212
44747,138600
44747,38725
44750,47554
44750,14608
44750,23302
44750,83661
44750,117894
44750,121274
44750,88290
44750,124160
44750,106956
44750,54525
44750,81920
44750,6417
44750,53440
44750,59093
44750,18138
44750,89948
44750,109823
44750,57079
44750,131042
44750,139160
44750,106024
44750,29863
44750,11674
44750,100820
44750,42233
44750,121855
44750,1135
44750,88231
44750,129163
44751,60108
44751,112417
44751,122339
44751,14565
44751,95723
44752,115228
44752,30607
44752,9345
44752,9681
44752,57180
44752,47227
44752,58538
44752,90909
44752,119969
44752,78248
44752,69582
44752,50750
44752,125564
44752,131632
44752,39437
44752,19669
44752,72927
44752,116943
44752,138021
44752,85370
44752,12358
44752,46064
44752,88355
44752,58307
44752,122641
44752,26257
44752,102912
44752,100780
44752,57345
44753,111899
44753,3706
44753,17455
44753,111383
44753,41470
44753,117280
44753,17806
44753,81460
44753,5949
44753,4433
44753,132329
44753,50030
44753,99720
44753,87621
44753,126246
44753,9420
44753,135382
44753,40087
44753,127277
44753,60679
44753,68185
44753,88811
44753,52653
44753,50036
44753,95140
44753,125967
44753,10571
44753,103225
44753,39436
44753,117710
44753,58746
44753,20865
44753,13905
44755,136372
44755,56645
44755,58356
44755,7184
44755,59330
44757,117676
44757,9636
44757,27326
44757,114784
44757,70995
44758,60144
44758,81542
44758,67964
44758,57170
44758,101335
44758,20587
44758,66750
44758,85555
44758,114721
44758,5380
44758,29927
44758,93974
44758,72424
44758,133509
44758,135904
44758,95258
44758,46501
44758,68495
44758,128090
44758,131352
44758,23190
44758,4503
44758,8864
44758,43882
44758,34151
44758,55754
44758,103339
44758,111838
44758,117582
44758,91975
44758,15390
44758,49084
44758,6713
44759,118670
44759,23648
44759,3724
44759,96748
44759,11359
44759,92226
44759,138745
44759,109346
44759,46517
44759,94988
44759,39517
44759,96808
44759,19157
44759,3235
44759,231
44759,7620
44759,15107
44759,37616
44759,128943
44759,116747
44759,86717
44759,1448
44759,55380
44759,20144
44759,46029
44759,103984
44759,84447
44759,109983
44759,4301
44759,75907
44759,110836
44759,80396
44759,55134
44761,105805
44761,129684
44761,103918
44761,137352
44761,100723
44761,113712
44761,29922
44761,24709
44761,119155
44761,122035
44761,138070
44761,16533
44761,50558
44765,102556
44765,131843
44765,15644
44765,82570
44765,34776
44765,35456
44765,92818
44765,70794
44765,113392
44766,123898
44766,37330
44766,56697
44766,128272
44766,137646
44766,56908
44767,48199
44767,18955
44767,70288
44767,24929
44767,74984
44767,37995
44767,53229
44767,29262
44767,76883
44767,109623
44767,116952
44767,123540
44767,108434
44767,69538
44767,114270
44767,64080
44767,24037
44767,109787
44767,129349
44768,60144
44768,76070
44768,106335
44768,32234
44768,135904
44768,46501
44768,93974
44768,67964
44768,66750
44768,3556
44768,35679
44768,69184
44768,32798
44768,101252
44768,131352
44768,68495
44768,113983
44768,133235
44768,24041
44768,25159
44768,59721
44768,8864
44768,77074
44768,34151
44768,138452
44768,79398
44768,67477
44768,67233
44768,75205
44768,111838
44768,23190
44768,15390
44768,75408
44771,34873
44771,67813
44771,115048
44771,12912
44771,11284
44771,113586
44771,8456
44771,5866
44771,96099
44771,40380
44771,13120
44771,27855
44771,71662
44771,140436
44771,29953
44771,100586
44771,99806
44771,46883
44771,67887
44771,48230
44771,5847
44771,55871
44771,25684
44771,22700
44771,47130
44771,108963
44771,17967
44771,2733
44771,40442
44771,3046
44771,70196
44771,26507
44771,88899
44772,85251
44772,54406
44772,140078
44772,118086
44772,53972
44772,79811
44772,94655
44772,4141
44772,140138
44772,17926
44772,9288
44772,67402
44772,23881
44772,88067
44772,20379
44772,108448
44772,112900
44772,792
44772,62083
44772,117037
44772,102333
44772,103757
44772,67435
44772,95553
44775,51111
44775,101661
44775,77286
44775,38001
44775,30443
44775,32202
44775,54630
44775,25423
44775,122931
44775,37056
44775,45820
44775,6452
44775,35844
44775,40198
44775,77518
44775,137603
44775,8206
44775,89564
44775,62260
44775,47233
44775,122027
44775,10346
44775,25629
44775,13854
44775,37547
44775,108279
44775,97016
44775,100848
44775,65825
44775,118210
44775,115951
44775,36314
44776,42192
44776,45005
44776,77266
44776,131487
44776,70708
44776,135067
44776,69190
44776,30481
44776,23403
44776,65846
44776,83423
44776,66477
44776,21904
44776,18653
44776,62304
44776,137866
44776,45665
44776,55421
44776,117291
44776,83144
44776,92490
44776,119139
44776,82380
44776,119454
44776,47681
44776,65976
44776,94190
44776,43256
44776,53583
44776,2050
44776,17155
44778,89338
44778,60291
44778,85714
44778,26816
44778,139205
44778,140365
44778,68934
44778,134206
44778,35813
44780,114251
44780,50608
44780,41325
44780,94330
44780,38828
44780,45253
44780,117915
44780,109632
44780,99656
44780,17344
44780,128521
44780,125136
44780,112510
44780,102276
44780,36675
44780,66204
44780,2136
44780,133013
44780,105783
44780,101170
44780,62404
44780,87756
44780,11712
44780,92815
44780,140636
44780,135146
44780,111594
44780,134393
44780,66289
44780,126910
44781,136210
44781,59466
44781,1147
44781,117771
44781,80396
44781,84296
44781,97785
44781,101198
44781,10987
44781,126942
44781,51492
44781,43662
44781,129263
44781,123801
44781,23777
44781,62403
44781,83789
44781,124602
44781,11203
44781,70405
44781,59206
44781,90803
44781,110836
44781,25884
44781,92193
44781,7573
44781,108023
44781,55859
44781,80999
44781,62134
44781,104770
44781,31281
44782,75747
44782,131608
44782,9987
44782,26190
44782,131932
44782,89232
44782,139764
44782,63562
44782,109958
44782,67792
44782,6809
44785,81787
44785,15640
44785,37820
44785,18294
44785,80336
44785,43888
44785,12870
44785,49855
44785,77254
44785,10827
44785,86248
44785,119991
44785,7060
44785,122002
44785,68364
44785,63965
44785,19413
44785,40598
44785,108197
44785,51883
44785,86079
44785,91667
44785,46317
44785,16246
44785,39466
44785,10642
44785,40663
44785,85147
44785,86654
44785,234
44787,99956
44787,49623
44787,90708
44787,2491
44787,510
44787,91464
44787,10731
44787,88626
44787,29598
44787,8408
44787,28109
44787,13644
44787,96424
44787,107398
44787,104497
44787,69322
44787,72471
44787,22290
44787,93239
44787,48068
44787,138142
44787,35809
44787,76607
44787,26910
44787,104563
44787,42618
44787,112094
44787,126534
44787,61268
44787,30271
44787,40445
44787,11753
44790,45735
44790,97047
44790,85331
44790,78585
44790,29144
44790,127557
44790,10927
44790,120863
44790,68913
44790,121412
44790,109195
44790,52564
44790,45418
44790,116725
44790,7168
44790,21518
44790,94814
44790,66657
44790,11341
44790,45201
44790,127366
44790,107613
44790,118240
44790,24937
44790,82664
44790,56986
44790,61155
44790,81556
44790,57461
44790,25375
44790,6739
44790,33282
44790,67354
44790,124898
44792,57852
44792,45402
44792,58547
44792,50724
44792,67987
44792,22764
44792,54555
44792,89613
44792,105746
44793,46069
44793,100579
44793,71716
44793,130588
44793,120423
44793,64543
44793,135652
44793,36153
44793,22624
44793,62952
44793,14980
44793,58485
44793,110965
44793,88049
44793,133908
44793,72310
44793,128427
44793,52709
44793,31979
44793,60195
44793,63176
44793,128198
44793,111358
44793,82884
44793,120107
44793,26754
44793,23735
44793,93014
44793,116591
44793,23087
44797,116661
44797,70032
44797,80493
44797,135415
44797,120875
44797,29700
44797,136739
44797,10454
44797,12189
44797,107500
44797,17809
44797,27028
44797,109533
44797,68622
44797,107282
44797,64170
44797,135868
44797,6774
44797,93297
44797,44540
44797,15363
44797,75675
44797,95267
44797,45963
44797,55143
44797,11591
44797,74071
44797,137657
44797,58839
44797,125070
44797,74622
44797,121299
44797,34405
44799,85513
44799,92626
44799,68393
44799,122860
44799,12470
44799,8733
44799,27038
44799,12736
44799,13537
44799,2238
44799,123155
44799,140588
44799,1195
44799,86599
44799,98354
44799,127517
44800,128841
44800,10608
44800,59063
44800,117913
44800,74447
44800,31959
44800,67017
44800,71178
44800,16367
44800,78327
44800,70329
44800,129126
44800,19443
44800,60277
44800,34251
44801,45882
44801,106304
44801,23378
44801,80930
44801,62886
44801,117972
44801,122377
44801,95225
44801,38178
44801,54726
44801,136805
44801,24743
44801,69107
44801,28522
44801,136915
44801,58755
44801,55669
44801,54906
44801,139764
44801,72476
44801,85000
44801,9223
44801,77622
44801,100703
44801,109958
44801,132104
44801,8243
44801,82237
44801,125299
44801,110977
44801,32788
44801,35042
44801,110657
44801,67792
44802,128342
44802,1734
44802,60570
44802,76456
44802,50004
44802,51906
44802,139871
44802,36918
44802,22954
44803,35663
44803,131767
44803,68460
44803,44152
44803,85815
44803,117594
44803,27882
44803,40800
44803,57143
44803,58489
44803,13740
44803,63688
44803,47346
44803,134470
44803,90374
44803,36347
44803,100980
44803,131732
44803,77872
44803,96190
44803,16002
44803,44870
44803,45487
44803,98337
44803,19460
44803,42185
44803,3171
44803,36277
44803,50054
44803,29979
44803,52107
44804,16824
44804,123810
44804,112574
44804,117635
44804,101146
44804,38497
44804,18727
44804,93636
44804,140337
44804,58124
44804,14675
44804,140239
44804,711
44804,22131
44804,109772
44804,39627
44804,49487
44804,92038
44804,85865
44804,53665
44805,95387
44805,14487
44805,27118
44805,94679
44805,17091
44805,56428
44805,5395
44805,128425
44805,37919
44805,110705
44805,115632
44805,5864
44805,48007
44805,72021
44805,39962
44805,100221
44805,106875
44805,15337
44805,119403
44805,23695
44805,137506
44805,94140
44805,132087
44805,21199
44808,135119
44808,83557
44808,73504
44808,113267
44808,92987
44808,68575
44808,42327
44808,126742
44808,125637
44808,18693
44808,954
44808,44935
44808,54017
44808,98605
44808,65043
44808,111467
44808,94762
44808,132473
44808,80218
44808,68676
44808,103810
44808,107157
44808,38465
44808,6308
44808,111659
44808,120682
44808,53437
44808,52123
44808,132924
44808,105922
44809,118670
44809,80545
44809,132210
44809,107652
44809,51178
44809,75972
44809,3724
44809,135028
44809,131917
44809,119794
44809,116505
44809,33828
44809,73145
44809,87652
44809,34221
44809,46027
44809,9831
44809,37540
44809,101520
44809,42983
44809,20022
44809,63417
44809,103174
44809,61011
44809,16325
44809,73077
44809,106307
44809,124043
44809,53916
44809,118206
44809,37330
44809,28132
44811,80833
44811,21081
44811,15170
44811,140551
44811,71576
44811,23328
44811,73246
44811,121227
44811,72580
44811,108637
44811,77669
44811,113371
44811,19469
44811,128632
44811,105534
44811,93282
44811,139966
44811,130541
44811,12197
44811,127210
44811,9959
44811,51641
44811,9170
44811,74639
44811,15911
44811,109598
44811,69236
44811,116778
44811,75781
44811,78945
44811,123375
44812,31761
44812,41014
44812,72472
44812,30016
44812,36022
44812,73907
44812,139292
44812,53575
44812,118727
44812,91647
44812,57023
44812,79192
44812,69988
44812,125776
44812,120282
44812,14952
44812,117125
44812,126804
44812,125433
44812,98509
44812,37055
44812,11393
44812,116296
44812,58358
44812,134179
44812,25169
44812,110795
44812,56005
44812,108924
44812,106930
44812,102996
44812,70620
44812,35937
44812,87251
44813,119033
44813,70790
44813,45206
44813,15857
44813,94317
44813,29860
44813,35930
44813,133652
44813,130447
44813,136885
44813,57326
44813,129434
44813,45197
44813,25616
44813,60201
44813,97906
44813,32502
44813,97766
44813,44815
44813,32056
44813,96170
44814,67621
44814,27236
44814,52140
44814,92715
44814,44029
44814,67780
44814,126708
44814,116720
44814,83800
44814,138923
44814,44720
44814,30368
44814,89435
44814,93774
44814,121906
44814,32323
44814,103477
44814,60504
44814,99284
44814,34025
44814,37529
44814,20483
44814,121321
44814,41902
44814,17641
44814,101130
44814,64152
44814,132853
44816,12189
44816,21572
44816,129733
44816,58503
44816,80139
44816,127851
44816,73899
44816,74361
44816,286
44816,24876
44817,69184
44817,60144
44817,20430
44817,131493
44817,25159
44817,5322
44817,14480
44817,77074
44817,67233
44817,91975
44817,35679
44817,59324
44817,67964
44817,81542
44817,67477
44817,111838
44817,117582
44817,112502
44817,138452
44817,128090
44817,15390
44817,8864
44817,24041
44817,73058
44817,34151
44817,133943
44817,113983
44817,135437
44817,72424
44817,68495
44817,29927
44817,23190
44817,88347
44818,111272
44818,132616
44818,39682
44818,97023
44818,38723
44818,43165
44818,73729
44818,27294
44818,138282
44818,9679
44819,124166
44819,24021
44819,31359
44819,59081
44819,17105
44819,137514
44819,85065
44819,19743
44819,419
44819,46505
44819,89951
44819,69489
44819,98106
44819,53547
44819,109650
44819,98938
44819,65100
44819,98359
44819,81465
44819,93384
44819,137042
44819,103353
44819,18635
44819,37093
44819,56064
44819,126732
44819,8289
44819,115213
44819,62168
44819,39748
44819,131344
44819,77465
44821,116505
44821,101520
44821,107652
44821,118670
44821,80545
44821,53883
44821,46027
44821,103174
44821,34221
44821,73145
44821,106307
44821,124043
44821,5700
44821,20022
44821,132210
44821,131917
44821,135028
44821,75972
44821,51178
44821,73077
44821,19836
44821,95604
44821,63417
44821,3724
44821,87652
44821,53916
44821,57169
44821,129263
44821,16325
44821,118206
44821,3235
44821,37540
44821,123583
44822,54794
44822,30520
44822,129266
44822,77250
44822,97533
44822,88962
44822,114136
44822,85655
44822,2282
44822,24207
44822,88762
44822,1461
44822,131222
44822,89247
44822,123830
44822,42904
44822,77127
44822,24294
44822,79893
44822,45612
44822,11358
44822,464
44822,22354
44822,39745
44822,56384
44822,104594
44822,105015
44822,74390
44822,94150
44822,16247
44822,800
44822,73255
44823,96926
44823,118674
44823,104546
44823,66560
44823,53290
44823,39851
44823,91343
44823,57531
44823,58745
44823,128044
44823,46806
44823,71087
44823,12609
44823,60785
44823,71338
44823,83043
44823,137360
44823,48722
44823,105410
44823,59058
44823,5600
44823,104679
44823,61296
44823,125993
44823,120141
44823,61144
44823,14669
44823,22764
44823,18255
44823,64517
44823,69364
44824,125009
44824,76344
44824,49932
44824,112368
44824,14339
44824,36436
44824,78664
44824,115074
44824,67519
44824,566
44824,50551
44824,111607
44824,85608
44824,136916
44824,77724
44824,52071
44824,78912
44824,49453
44824,55341
44824,98205
44824,66857
44824,19964
44824,19840
44824,17119
44824,102964
44824,8704
44824,17852
44824,128601
44824,96386
44824,118354
44824,54263
44824,123610
44826,50094
44826,90166
44826,50899
44826,85495
44826,109370
44826,87355
44826,13232
44826,53213
44826,128350
44826,86218
44826,85231
44826,78973
44826,73553
44826,53747
44826,53062
44826,75121
44826,48847
44826,93656
44826,67254
44826,128643
44826,138105
44826,10336
44826,91125
44826,91664
44826,39115
44826,44362
44826,1764
44826,1021
44826,34339
44826,19688
44826,101938
44827,88081
44827,118778
44827,103074
44827,28603
44827,60750
44827,91634
44827,125941
44827,136018
44827,94124
44827,136399
44827,96957
44827,30231
44827,1575
44827,17714
44827,62314
44827,124020
44827,30933
44827,124993
44827,34168
44827,73471
44827,104061
44827,24723
44827,104494
44827,92352
44827,129484
44827,114876
44827,7310
44827,46986
44827,91660
44827,35256
44830,123329
44830,106163
44830,26437
44830,73305
44830,80687
44830,56322
44830,137693
44830,102748
44830,32102
44830,96567
44830,109541
44830,93964
44830,13002
44830,5276
44830,82952
44830,81837
44830,139185
44830,40785
44830,108596
44830,87969
44830,121939
44830,886
44830,76093
44830,54660
44830,46092
44830,46024
44830,19478
44830,73602
44830,139690
44830,11936
44831,109908
44831,32044
44831,93390
44831,88650
44831,23923
44831,48734
44831,60220
44831,105971
44831,71667
44831,9462
44831,56054
44831,82843
44833,106983
44833,84863
44833,96338
44833,137770
44833,2920
44833,87009
44833,38403
44833,68981
44833,136262
44833,122352
44833,47866
44833,107944
44833,33605
44833,74536
44833,101350
44833,69241
44833,15125
44833,31215
44833,98834
44833,55966
44833,55226
44833,139574
44833,70338
44833,107962
44833,98941
44833,32361
44833,93731
44833,78398
44834,130134
44834,115284
44834,93118
44834,30453
44834,14347
44834,54603
44834,33150
44834,52964
44834,75350
44834,23976
44834,115350
44834,60034
44834,20199
44834,4298
44834,105814
44834,132828
44834,113260
44834,82624
44834,68780
44834,133085
44834,13554
44834,134405
44834,120306
44834,21705
44834,62398
44834,51371
44834,60111
44834,106404
44834,124046
44834,137819
44834,106731
44834,36220
44834,77338
44835,49717
44835,136972
44835,85725
44835,86090
44835,86919
44835,90649
44835,44359
44835,89721
44835,111714
44835,75433
44835,108473
44835,39703
44835,106894
44835,77068
44835,90086
44835,17138
44835,20689
44835,105753
44835,33831
44835,16144
44835,58998
44835,13777
44835,62382
44835,132285
44835,105617
44835,3712
44836,66798
44836,41280
44836,133861
44836,55047
44836,92828
44836,42766
44836,22744
44836,90287
44836,87248
44836,29410
44836,35543
44836,93890
44836,44126
44836,29395
44836,67945
44836,119064
44836,134
44836,31125
44836,124494
44836,97075
44836,138101
44837,132958
44837,114218
44837,88514
44837,88268
44837,139105
44837,117141
44837,111026
44838,46490
44838,55520
44838,60942
44838,103942
44838,81480
44838,108020
44838,94562
44838,139768
44838,131789
44838,88089
44838,92126
44838,89308
44838,81606
44838,16821
44838,69556
44838,69526
44838,86952
44838,18299
44838,122510
44838,40572
44838,113855
44838,73278
44838,126675
44838,68278
44838,86028
44838,121140
44838,61102
44838,19515
44839,6588
44839,73886
44839,108092
44839,6523
44839,100047
44839,104634
44839,40008
44839,74932
44839,57482
44839,28633
44839,7799
44839,117242
44839,95879
44839,47237
44839,78590
44839,137148
44839,82319
44839,117114
44839,104085
44839,113293
44839,35547
44839,105604
44839,5453
44839,64981
44839,24820
44839,75670
44839,56746
44839,51794
44839,33060
44839,131852
44839,5722
44839,137955
44839,32695
44839,119644
44839,12781
44840,62473
44840,12579
44840,17619
44840,112292
44840,15251
44840,61934
44840,13973
44840,99484
44840,105559
44840,82231
44840,73666
44840,94729
44840,35371
44840,95031
44840,5543
44840,78599
44840,67610
44840,3180
44840,69352
44840,6997
44840,80211
44840,68868
44840,70778
44840,63810
44840,18221
44840,17329
44840,10721
44840,22393
44840,115314
44840,69472
44840,73823
44840,71097
44841,7676
44841,25444
44841,93168
44841,36708
44841,132511
44841,111243
44841,79594
44841,29877
44841,113139
44841,16462
44841,131310
44841,66321
44841,124444
44841,31792
44841,96148
44841,48994
44841,2924
44841,33804
44841,132713
44841,34700
44841,94836
44841,88186
44841,136128
44841,103149
44841,84556
44841,41255
44841,83828
44841,74493
44845,93368
44845,22930
44845,107431
44845,9415
44845,34800
44845,113626
44845,74010
44845,26217
44845,83901
44845,52686
44845,4368
44845,85670
44845,99752
44845,103207
44845,29084
44845,23414
44845,54265
44845,120441
44845,130390
44845,70012
44845,77670
44845,116116
44845,10283
44845,120790
44845,122405
44845,2416
44845,24201
44845,36595
44845,64843
44845,52346
44845,120278
44845,41874
44847,136159
44847,7360
44847,18380
44847,109431
44847,20133
44847,50890
44847,140130
44847,130018
44848,103405
44848,1435
44848,139669
44848,64587
44848,79579
44848,20110
44848,88756
44848,66158
44848,60073
44848,108788
44848,113938
44848,63987
44848,113300
44848,91377
44848,94539
44848,87695
44848,17829
44848,77186
44848,37804
44848,101684
44848,11391
44848,16708
44848,80049
44848,69284
44848,25265
44848,82783
44848,76476
44848,102787
44851,100343
44851,117852
44851,120678
44851,9301
44851,33793
44851,20832
44851,11129
44851,41843
44851,134753
44851,90688
44851,30270
44851,64316
44851,39242
44851,47167
44851,118646
44851,105467
44851,8632
44851,31772
44851,12442
44851,26929
44851,93301
44851,113826
44851,22523
44851,63325
44851,91503
44851,107420
44851,115306
44851,132926
44851,24742
44851,112188
44851,14903
44851,58712
44851,26040
44853,133846
44853,119002
44853,94241
44853,115994
44853,6400
44853,82967
44853,19965
44853,80067
44853,64017
44853,54795
44853,50366
44853,54739
44853,110915
44853,37339
44853,68372
44853,122468
44853,53443
44853,44213
44853,114201
44853,978
44853,83079
44853,42207
44853,79141
44853,3754
44853,63519
44853,85930
44853,118722
44853,38769
44853,105745
44853,97430
44853,23256
44853,10494
44853,25820
44854,121932
44854,97391
44854,99376
44854,90958
44854,67692
44854,122894
44854,25814
44854,44913
44854,84991
44854,60204
44854,27875
44854,86126
44854,37223
44854,33920
44855,77286
44855,79020
44855,92919
44855,88366
44855,5841
44855,127369
44855,33428
44855,22935
44855,135426
44855,36763
44855,5902
44855,129817
44855,137928
44855,80898
44855,89564
44855,138378
44855,69535
44855,7056
44855,20651
44855,117187
44855,58775
44855,131951
44855,10396
44855,75260
44855,47442
44855,29740
44855,88613
44855,94383
44855,89643
44855,105152
44855,32308
44856,130195
44856,48080
44856,40086
44856,108313
44856,20809
44856,59520
44856,136578
44856,32970
44856,9631
44856,139499
44856,120078
44856,77406
44856,44637
44856,134962
44856,42131
44856,56204
44856,122414
44856,51947
44856,88331
44856,56068
44856,68334
44856,89347
44856,131094
44856,3164
44856,45666
44856,35389
44856,121955
44856,311
44856,124268
44856,1718
44856,89994
44856,132914
44856,86761
44857,40256
44857,66248
44857,120288
44857,24904
44857,21038
44857,30743
44857,101517
44857,90777
44857,10682
44857,106237
44857,89184
44857,80325
44857,60572
44857,114870
44857,500
44857,75222
44857,103692
44857,94126
44858,137997
44858,35223
44858,14082
44858,116942
44858,77914
44858,124342
44858,37818
44858,90845
44858,70177
44858,77089
44858,104517
44858,131892
44858,38419
44858,134323
44858,114932
44858,26248
44858,21018
44858,134154
44858,49656
44858,59781
44858,90809
44858,24545
44858,68420
44858,40279
44858,125083
44858,78500
44858,60468
44858,29633
44858,122112
44858,117294
44858,94455
44858,46274
44858,59657
44862,61958
44862,39430
44862,112182
44862,54234
44862,99331
44862,62935
44862,73542
44862,75239
44862,42820
44862,123731
44862,2313
44863,93227
44863,72928
44863,28582
44863,101480
44863,84496
44863,73526
44863,42822
44863,2879
44863,96751
44863,125168
44863,40010
44863,117788
44863,33665
44863,52289
44863,92271
44863,87746
44863,124137
44863,79914
44863,85044
44863,102891
44863,9680
44863,25974
44863,8682
44863,86982
44863,117916
44863,111786
44863,90502
44863,117513
44863,100562
44863,117995
44863,67686
44864,64104
44864,51505
44864,137367
44864,2374
44864,41602
44864,18670
44864,72118
44864,88854
44864,102408
44864,109795
44864,92440
44864,22886
44864,110750
44864,60413
44864,26712
44864,35469
44864,48535
44864,29680
44864,62517
44864,24157
44864,82858
44864,54758
44864,38332
44864,98560
44864,85780
44864,102226
44864,49945
44864,106715
44864,125425
44864,124572
44864,50454
44864,69558
44867,11473
44867,5733
44867,139723
44867,85141
44867,58077
44867,67388
44867,70777
44867,7245
44869,64519
44869,131909
44869,52603
44869,55273
44869,34185
44869,84018
44869,96769
44869,138705
44869,27063
44869,20263
44869,23077
44869,57694
44869,9403
44869,98146
44869,104192
44869,35459
44869,114815
44869,129096
44869,67849
44869,136699
44869,86407
44869,53217
44869,35154
44869,730
44869,44570
44869,83988
44869,74164
44869,30721
44869,64296
44869,117370
44869,112512
44869,71704
44870,16939
44870,72670
44870,94532
44870,87342
44870,12224
44870,26190
44870,114939
44872,113806
44872,78019
44872,85826
44872,119620
44872,41927
44872,11043
44872,13685
44872,35493
44872,95629
44872,64350
44872,15856
44872,123233
44872,85614
44872,14593
44872,44451
44872,67084
44872,135019
44872,1311
44872,79429
44872,39805
44872,89700
44872,77276
44872,108039
44872,39068
44872,127864
44872,128486
44872,73441
44872,67259
44872,30951
44872,40915
44872,44429
44872,57468
44872,124438
44873,48103
44873,41662
44873,91816
44873,39419
44873,46337
44873,55416
44873,31067
44873,121018
44873,121133
44873,15979
44873,71622
44873,126060
44873,28839
44873,101102
44873,34630
44873,25718
44873,132849
44873,114718
44873,18751
44873,79824
44873,55167
44873,32484
44873,12413
44873,82179
44873,3327
44873,21227
44873,101069
44873,65427
44873,92065
44873,33186
44873,99640
44873,2928
44874,21870
44874,48237
44874,105871
44874,108102
44874,132622
44874,86196
44874,21077
44874,132633
44874,135300
44874,129573
44874,128937
44874,71445
44874,17013
44874,25599
44874,134029
44874,43963
44874,15773
44874,28797
44874,69193
44874,17654
44874,129821
44874,6841
44874,43404
44874,89983
44874,127938
44874,19080
44875,15111
44875,116172
44875,33808
44875,19824
44875,67368
44875,71772
44877,63351
44877,35836
44877,52546
44877,17263
44877,112311
44877,127469
44877,128856
44877,117796
44877,72546
44877,101660
44877,106409
44877,83813
44877,123412
44877,94353
44877,140049
44877,31041
44877,56206
44877,50314
44877,87703
44877,77289
44877,40438
44877,25383
44877,11834
44877,49968
44877,43197
44877,138312
44877,134536
44877,111154
44877,115520
44877,120562
44878,58915
44878,62463
44878,66503
44878,43094
44878,108801
44878,100018
44878,84438
44878,79069
44878,58934
44878,55733
44878,44469
44878,2198
44878,42172
44878,4127
44878,32973
44878,124136
44878,119663
44878,15746
44878,94075
44878,39476
44878,111178
44878,53669
44878,124158
44878,134280
44878,77970
44878,63845
44878,62899
44878,3705
44878,37720
44878,30695
44878,36546
44878,27391
44878,95203
44878,122799
44879,66829
44879,94837
44879,131410
44879,77192
44879,57385
44879,42013
44879,136917
44879,29006
44879,119306
44879,21062
44879,108658
44879,99360
44879,120987
44879,128263
44879,121285
44879,92749
44879,63454
44879,95519
44879,82151
44879,117232
44879,123424
44879,56111
44879,78541
44879,136287
44879,105570
44879,43987
44879,3674
44879,12573
44879,115699
44879,46288
44879,63490
44879,133790
44880,27969
44880,33591
44880,58049
44880,94584
44880,40598
44880,86177
44880,19233
44880,118916
44880,40341
44880,16024
44880,105123
44880,79240
44880,132416
44880,94553
44880,93741
44880,2094
44880,121049
44880,91359
44880,83313
44880,52812
44880,93462
44880,37923
44880,120374
44880,55925
44880,119817
44880,46726
44880,55905
44880,46981
44880,89365
44880,63202
44880,21108
44880,105232
44880,37117
44882,80414
44882,8346
44882,22973
44882,1939
44882,105343
44882,87542
44882,51950
44882,6293
44882,35229
44882,11847
44882,77384
44882,123031
44882,89475
44882,106119
44882,23444
44882,32552
44883,23967
44883,103267
44883,67075
44883,102595
44883,26787
44883,92533
44883,1178
44883,111081
44883,22851
44883,95646
44883,99572
44883,18969
44883,124356
44883,56584
44883,62132
44883,112484
44883,89804
44883,95556
44883,128270
44883,50694
44883,95548
44883,64297
44883,79642
44883,100766
44883,133278
44883,19102
44883,13056
44883,19062
44883,91160
44883,95236
44883,57896
44883,53836
44885,21150
44885,48512
44885,140304
44885,21805
44885,82051
44885,5988
44885,74482
44885,121275
44885,25223
44885,128677
44885,88988
44885,100473
44885,114177
44885,2899
44885,90665
44885,51555
44885,51653
44885,82830
44885,98900
44885,55158
44885,45412
44885,31381
44885,88307
44885,18566
44885,90509
44885,125859
44885,35504
44885,131324
44885,25746
44885,58015
44885,34966
44885,112519
44886,62093
44886,44057
44886,52720
44886,107077
44886,62611
44886,7591
44886,100192
44886,16654
44886,5250
44886,108705
44886,66656
44886,70672
44886,128889
44886,9707
44886,119835
44886,129726
44886,90517
44886,65656
44886,107908
44886,103569
44886,50565
44886,51343
44886,30844
44886,103564
44886,111819
44886,126307
44886,113860
44886,86059
44887,16655
44887,49081
44887,57604
44887,124881
44887,89396
44887,12374
44887,53245
44887,76025
44887,16863
44887,110643
44887,41573
44887,6709
44887,15892
44887,49784
44887,138639
44887,64590
44887,26276
44887,80715
44887,126547
44887,95572
44887,29982
44887,69947
44887,3422
44887,77468
44889,22578
44889,18601
44889,55791
44889,3820
44889,21808
44889,40441
44889,57114
44889,30618
44889,66606
44889,10107
44889,34020
44889,121350
44889,10763
44889,28383
44889,112101
44889,139917
44889,5286
44889,113229
44889,9589
44889,106236
44889,134086
44889,84914
44889,101162
44889,62326
44889,108751
44889,122734
44889,130258
44889,45851
44889,121675
44889,82404
44889,58217
44889,124234
44889,134883
44891,106230
44891,48004
44891,106421
44891,90920
44891,87154
44891,3775
44891,64872
44891,56917
44891,70887
44891,57934
44891,38913
44891,41400
44891,124778
44891,34852
44891,57125
44891,80579
44891,93594
44891,2906
44891,134288
44891,77574
44891,40048
44891,25979
44891,7895
44891,35010
44891,78642
44891,23358
44891,123584
44891,70624
44891,98719
44891,52263
44891,4634
44891,8374
44891,19150
44893,134609
44893,116398
44893,51876
44893,6838
44893,3518
44893,28238
44893,38363
44893,80393
44893,94534
44893,110263
44893,68420
44893,49656
44893,134154
44893,125083
44893,126968
44893,133661
44893,68777
44893,71026
44893,64169
44893,66253
44893,57952
44893,138106
44893,16131
44893,22066
44893,35225
44894,74669
44894,78231
44894,126965
44894,66424
44894,84413
44894,44919
44894,104541
44894,73410
44894,54184
44894,133179
44894,16522
44894,138002
44895,27781
44895,1009
44895,51035
44895,7923
44895,16008
44895,111626
44895,78351
44895,109776
44895,104760
44895,102584
44895,113205
44895,27826
44895,62428
44895,12254
44895,9417
44895,47690
44895,5551
44895,47633
44895,34031
44895,32359
44895,76131
44895,122336
44895,47920
44895,6067
44895,14985
44895,62388
44895,83302
44896,136469
44896,130414
44896,38161
44896,12005
44896,65782
44896,102251
44896,67545
44896,26016
44896,32031
44896,139644
44896,140202
44896,75281
44896,53617
44896,33815
44896,43285
44896,60463
44896,42755
44896,125343
44896,93872
44896,91601
44896,108191
44896,78841
44896,98465
44896,118896
44896,42761
44896,48928
44896,98131
44896,17367
44896,31768
44896,69670
44896,55264
44896,104888
44897,90920
44897,106230
44897,79106
44897,63604
44897,124778
44897,120248
44897,70887
44897,57934
44897,38262
44897,135238
44897,7377
44897,77574
44897,87154
44897,38913
44897,93594
44897,87490
44897,41400
44897,14024
44897,57125
44897,21638
44897,80579
44897,56917
44897,96112
44897,40048
44897,25979
44897,7895
44897,35010
44897,78642
44897,23358
44897,123584
44897,33067
44897,8374
44897,52263
44897,19150
44900,98407
44900,21245
44900,74989
44900,15256
44900,110354
44900,43547
44900,87563
44900,30787
44900,128498
44900,71204
44900,127904
44900,62699
44900,22439
44900,104936
44900,7031
44900,76830
44900,109171
44900,33990
44900,23485
44900,120329
44900,15215
44900,96529
44900,90137
44900,26844
44900,86352
44900,90127
44900,38372
44900,119141
44900,122198
44900,39751
44900,37675
44902,35378
44902,9268
44902,42244
44902,43709
44902,61986
44902,121348
44902,89820
44902,140065
44902,110490
44902,136797
44902,139470
44902,124624
44902,8325
44902,66752
44902,40391
44902,17068
44903,5195
44903,1664
44903,47348
44903,25658
44903,7342
44903,91727
44903,24304
44903,60086
44903,92524
44903,62769
44903,99330
44903,137551
44903,10710
44903,104437
44903,87838
44903,139522
44903,65139
44903,43733
44903,121872
44903,24098
44903,83679
44903,138043
44903,92532
44903,105710
44905,136220
44905,11486
44905,13580
44905,88969
44905,13252
44905,30630
44905,116361
44905,103369
44905,36466
44905,125655
44905,44196
44905,33805
44905,22756
44905,44485
44905,65995
44905,137209
44905,119302
44905,27669
44905,134607
44905,32491
44905,73078
44905,41497
44905,96356
44905,79083
44905,66444
44905,91150
44905,90151
44905,83293
44905,63511
44905,6435
44905,67150
44905,4302
44909,100921
44909,68854
44909,127572
44909,47085
44909,69499
44909,78353
44909,73871
44909,46767
44909,94573
44909,77903
44909,63279
44909,21591
44909,110337
44909,64886
44909,130144
44909,111812
44909,77477
44909,43900
44909,113537
44909,94514
44909,82766
44909,111900
44909,86054
44909,24428
44909,123083
44909,6150
44909,46331
44911,72792
44911,1442
44911,120180
44911,107222
44911,25601
44911,135468
44911,103556
44911,26761
44911,4466
44911,84190
44911,25800
44911,110130
44911,2190
44911,98064
44911,69890
44911,26509
44911,84113
44911,10503
44911,39936
44911,17428
44911,12734
44911,69427
44911,126867
44911,114257
44911,127375
44911,129762
44911,60155
44911,128355
44912,124000
44912,17249
44912,107698
44912,76929
44912,41632
44912,35087
44912,60270
44912,5060
44912,51092
44912,13010
44912,7064
44912,52812
44912,80336
44912,40598
44912,1474
44912,113504
44912,124538
44912,86248
44912,89105
44912,58113
44912,18306
44912,65930
44912,86654
44912,39466
44912,117448
44912,10642
44912,89667
44912,16417
44912,40663
44912,90083
44912,85147
44912,234
44914,123882
44914,45808
44914,64547
44914,10841
44914,93595
44914,22582
44914,100171
44914,62320
44914,123894
44914,18018
44914,6370
44914,123712
44914,63097
44914,68408
44914,84378
44914,2275
44914,17774
44914,126035
44914,95797
44914,101901
44914,98399
44914,95059
44914,111821
44914,52445
44914,134366
44914,11755
44914,65769
44914,90305
44914,69967
44914,65057
44915,87066
44915,16511
44915,61354
44915,7427
44915,78477
44915,43254
44915,136031
44915,103381
44915,118672
44915,126953
44915,29234
44915,45638
44915,111403
44915,86357
44915,41132
44915,136160
44915,24871
44915,83195
44915,104793
44915,116656
44915,9774
44915,48429
44915,138773
44915,46496
44915,104429
44916,30565
44916,51245
44916,84609
44916,37424
44916,107480
44916,18308
44916,128387
44916,71643
44916,78053
44916,31936
44916,10995
44916,109233
44916,36182
44916,5568
44916,70447
44916,59732
44916,85308
44916,109433
44916,44426
44916,43259
44916,11224
44916,32903
44916,79220
44916,122098
44916,19377
44916,21267
44916,32844
44916,115075
44916,45711
44916,46292
44916,137068
44916,75087
44916,93933
44922,108607
44922,121421
44922,113610
44922,65100
44922,419
44922,123333
44922,48193
44922,85065
44922,68002
44922,135389
44922,225
44922,62426
44922,80251
44922,62168
44922,56064
44922,131344
44922,92403
44922,130532
44922,88553
44924,103272
44924,6458
44924,115119
44924,56800
44924,58816
44924,112972
44924,136061
44924,117992
44924,44857
44924,60404
44924,83018
44924,95897
44924,2998
44924,71357
44924,131937
44924,60906
44924,57197
44924,12415
44924,67553
44924,135513
44924,83367
44924,16709
44924,45094
44924,139954
44924,52037
44924,88144
44924,57206
44924,11502
44924,75017
44924,6268
44924,110741
44924,124990
44924,131863
44925,22139
44925,78741
44925,34178
44925,131320
44925,118927
44925,123596
44925,135668
44925,123250
44925,47595
44925,130850
44925,81217
44925,101986
44925,108913
44925,70143
44925,7077
44925,107353
44925,42570
44925,85611
44925,113724
44925,99833
44926,59320
44926,31977
44926,11522
44926,132978
44926,91116
44926,87120
44926,91185
44926,83461
44926,71568
44926,63094
44926,107069
44926,87494
44926,31547
44926,29789
44926,64953
44926,66762
44926,3054
44926,14947
44926,74437
44926,73675
44926,1990
44926,16526
44926,133942
44926,41914
44926,54930
44926,61744
44926,116049
44926,25237
44926,52391
44926,36891
44926,11671
44927,40254
44927,58709
44927,98516
44927,138137
44927,123861
44927,32132
44927,73363
44927,90206
44927,91297
44927,18697
44927,38835
44930,120179
44930,54977
44930,30093
44930,10098
44930,86339
44930,66316
44930,45275
44930,135053
44930,18049
44930,52198
44930,111880
44930,110531
44930,18161
44930,64908
44930,44518
44930,9790
44930,72482
44930,26206
44930,70576
44930,125192
44930,19606
44930,19570
44930,69843
44930,85668
44930,9495
44930,124709
44930,37311
44931,88253
44931,43729
44931,34506
44931,130940
44931,42184
44931,37863
44931,130077
44931,100918
44931,136512
44931,18442
44931,126356
44931,130667
44931,110840
44931,493
44931,128723
44931,30018
44931,120120
44931,125421
44931,982
44934,40898
44934,1015
44934,126734
44934,96445
44934,115018
44934,1455
44934,91186
44934,20713
44934,107302
44934,63769
44934,69438
44934,66780
44934,112865
44934,37211
44934,125458
44934,84192
44934,114397
44934,136095
44934,29809
44934,67991
44934,132641
44934,99715
44935,44197
44935,27711
44935,77109
44935,41585
44935,133729
44935,42875
44935,11414
44935,18859
44935,137592
44935,68689
44935,5090
44935,138971
44935,34348
44935,65496
44935,13155
44935,130968
44935,63945
44935,117347
44935,65983
44935,70352
44935,31945
44935,57313
44935,15884
44935,36710
44935,67688
44935,134786
44935,99894
44935,108513
44935,37788
44935,114777
44935,135195
44935,35043
44935,68783
44936,24369
44936,70684
44936,67212
44936,114741
44936,81100
44936,10134
44936,62027
44936,63360
44936,67989
44936,77829
44936,115468
44936,4682
44936,114262
44936,132978
44936,101621
44936,98500
44936,108068
44936,70321
44936,72700
44936,130930
44936,118300
44936,82295
44936,101560
44936,52439
44936,118002
44936,83482
44936,26327
44936,77908
44936,79042
44936,16155
44936,126527
44936,115451
44936,88255
44936,78742
44936,1945
44936,63255
44938,137997
44938,124342
44938,24545
44938,116942
44938,37818
44938,131892
44938,104517
44938,70177
44938,38419
44938,77089
44938,35223
44938,90845
44938,21018
44938,59781
44938,78500
44938,134154
44938,49656
44938,26248
44938,68420
44938,60846
44938,14082
44938,77795
44938,122112
44938,60468
44938,59657
44938,40279
44938,38904
44938,90809
44938,46274
44938,117294
44938,114932
44938,94455
44938,125083
44939,132953
44939,72024
44939,126685
44939,108261
44939,60409
44939,132969
44939,73614
44939,115271
44939,14310
44939,82181
44939,109761
44939,114586
44939,113295
44939,55879
44939,104689
44939,123673
44939,58154
44939,103702
44939,5744
44939,122477
44939,40727
44939,105920
44939,75072
44939,35401
44939,17761
44939,109280
44939,85853
44939,46693
44939,115463
44939,125937
44939,129578
44941,114441
44941,122413
44941,26086
44941,22750
44941,19078
44941,125789
44941,98178
44941,68797
44941,3515
44943,137804
44943,81953
44943,2330
44943,108497
44943,32214
44943,94958
44943,10888
44943,8889
44943,114345
44943,77403
44943,96686
44943,120892
44943,56163
44943,72666
44943,67837
44943,8811
44943,96812
44943,89862
44943,75618
44943,15244
44943,53182
44943,62227
44943,34799
44943,71457
44943,100052
44943,15595
44943,102491
44943,63197
44943,8809
44943,42709
44943,78262
44944,51665
44944,24017
44944,21322
44944,17950
44944,20810
44944,29254
44944,70041
44944,68407
44944,20679
44944,34740
44944,92780
44944,134454
44944,133520
44944,102219
44944,82886
44944,38953
44944,78834
44944,28503
44944,123662
44944,30063
44944,78198
44944,47378
44944,77850
44944,12857
44944,91284
44944,77067
44944,96413
44944,45531
44944,19303
44944,63515
44944,62025
44944,103741
44945,6533
44945,47377
44945,10379
44945,81235
44945,44072
44945,91337
44945,43362
44945,96509
44945,93176
44945,83160
44945,117665
44945,27753
44945,23611
44945,46861
44945,24915
44945,78232
44945,131397
44945,43133
44945,71543
44945,64168
44945,93667
44945,90968
44945,11425
44945,47238
44945,45550
44945,124819
44945,131968
44945,119120
44945,133699
44945,96614
44945,22115
44945,92314
44945,137578
44945,132209
44946,121972
44946,137844
44946,3797
44946,93078
44946,97339
44946,76759
44946,67177
44946,26521
44946,102355
44946,1263
44946,55986
44946,83625
44946,94158
44946,131773
44946,25298
44946,78455
44946,131723
44946,90258
44946,2454
44946,25241
44946,116133
44946,75071
44946,105958
44946,119540
44946,75140
44946,40266
44946,134301
44946,138867
44946,113424
44948,94803
44948,120005
44948,43034
44948,69704
44948,113372
44948,21857
44948,50688
44948,105303
44948,13196
44948,131836
44948,28783
44948,99705
44948,121199
44948,118485
44948,69716
44948,213
44948,35426
44948,32357
44948,112312
44948,12845
44948,47107
44948,34333
44948,100003
44948,52749
44948,25942
44948,139878
44948,9614
44948,1643
44948,123991
44948,22804
44948,140382
44948,28831
44948,6136
44949,8416
44949,108627
44949,88531
44949,62201
44949,115226
44949,88701
44949,54240
44949,85871
44949,138803
44949,115957
44949,41701
44949,4689
44949,109468
44949,66409
44949,60694
44949,87354
44949,26403
44949,43974
44949,53484
44949,29714
44949,120548
44949,5160
44949,45631
44949,113653
44949,95128
44949,19501
44949,602
44949,74415
44949,43984
44949,32058
44949,132238
44950,106561
44950,58838
44950,60898
44950,67281
44950,92202
44950,127988
44950,79596
44950,105704
44950,36784
44950,112799
44950,107100
44950,130175
44950,64620
44950,109048
44950,3474
44950,134981
44950,138629
44950,11631
44950,31272
44950,15001
44950,31962
44950,101598
44950,117884
44950,42171
44950,80769
44951,63094
44951,125496
44951,62784
44951,130513
44951,9880
44951,62524
44951,61744
44951,12421
44951,114639
44951,70703
44953,52162
44953,107530
44953,120547
44953,29967
44953,119987
44953,130023
44953,123042
44953,24692
44953,116752
44953,8468
44953,109158
44953,76464
44953,47991
44953,120945
44953,122811
44953,86903
44953,30421
44953,83068
44953,135973
44953,50261
44953,25506
44953,12708
44953,16787
44953,88343
44953,128392
44953,13052
44953,73164
44953,86134
44953,103603
44953,37967
44953,40838
44953,45541
44955,51199
44955,41034
44955,44442
44955,125647
44955,35251
44955,128564
44955,97726
44955,117844
44955,116291
44955,23097
44955,33332
44955,33934
44955,8001
44955,48625
44955,90880
44955,37849
44955,43213
44955,106019
44955,61820
44955,120593
44955,60548
44955,119274
44955,816
44955,51196
44955,97878
44955,51415
44955,39573
44955,130926
44955,41790
44955,88177
44955,126977
44955,111635
44956,135305
44956,32113
44956,51572
44956,139396
44956,31993
44956,88185
44956,9754
44956,97561
44956,50078
44956,62527
44956,25044
44956,46662
44956,96887
44956,28989
44956,38850
44956,26043
44956,70028
44956,135219
44956,35183
44956,52088
44956,124213
44956,106167
44956,20990
44956,114185
44956,10778
44956,120562
44956,11140
44956,132376
44957,71111
44957,53436
44957,13389
44957,9413
44957,23555
44957,92300
44957,122145
44957,124733
44957,122140
44957,22475
44957,135790
44957,73040
44957,86613
44957,22039
44957,14778
44957,48971
44957,96533
44957,53948
44957,109211
44957,30745
44957,129162
44957,95613
44957,36560
44957,77041
44957,77868
44957,46204
44959,99723
44959,7156
44959,65758
44959,97339
44959,3713
44959,122268
44959,115796
44959,83511
44959,22300
44959,102355
44959,117420
44959,25298
44959,93078
44959,107794
44959,47537
44959,35048
44959,100023
44959,78979
44959,98525
44959,90258
44959,65313
44959,131723
44959,131773
44959,34820
44959,114107
44959,104475
44959,75071
44959,21474
44959,88485
44959,28685
44959,18602
44960,80876
44960,25289
44960,53567
44960,53041
44960,20678
44960,38139
44960,100115
44960,136920
44960,34857
44960,112044
44960,136596
44960,113284
44960,66727
44960,8168
44960,101057
44960,28833
44960,8080
44960,98882
44960,34905
44960,118949
44960,2223
44960,115266
44960,100894
44960,97711
44960,74193
44960,64931
44960,100120
44960,98738
44960,107278
44960,100393
44960,131696
44963,82097
44963,82558
44963,30379
44963,24608
44963,121923
44964,38116
44964,29697
44964,17407
44964,7944
44964,110996
44965,41585
44965,121586
44965,9522
44965,27711
44965,42875
44965,11414
44965,115763
44965,30417
44965,70352
44965,65496
44965,38846
44965,63682
44965,36612
44965,114777
44965,44879
44965,18569
44965,121287
44965,67688
44965,134786
44965,104149
44965,99894
44965,35043
44965,33163
44965,37788
44965,135195
44965,68783
44965,102112
44966,77089
44966,124342
44966,134154
44966,137997
44966,49656
44966,68420
44966,104517
44966,90845
44966,93970
44966,121089
44966,6838
44966,78500
44966,32521
44966,39557
44966,132451
44966,88122
44966,30411
44966,23711
44966,85877
44967,109156
44967,121378
44967,50364
44967,70383
44967,138678
44967,101957
44967,41610
44967,84932
44967,24199
44967,51348
44967,57964
44967,27818
44967,59659
44967,23615
44967,13771
44967,108009
44967,134044
44967,99924
44967,126241
44967,136043
44967,41680
44967,127291
44967,122048
44967,19665
44967,2994
44967,75066
44967,104268
44969,11050
44969,16075
44969,105251
44969,117515
44969,41764
44969,60095
44969,120602
44969,71579
44969,18065
44969,91967
44969,73599
44969,78311
44969,33351
44969,27276
44969,111714
44969,125201
44969,123694
44969,93839
44969,38947
44969,123939
44969,49114
44969,120706
44969,73297
44969,51227
44969,82224
44969,127613
44969,62697
44969,110458
44969,56965
44969,101428
44969,130724
44969,39906
44970,48390
44970,20267
44970,25222
44970,46630
44970,73926
44970,10892
44970,30446
44970,47379
44970,16684
44970,25746
44970,25381
44970,89874
44970,90757
44970,10353
44970,54584
44970,81384
44970,32759
44970,117559
44970,71259
44970,129912
44970,138056
44970,53627
44970,27002
44970,86443
44970,85392
44970,49735
44970,73951
44970,34278
44970,63557
44970,82610
44970,109535
44970,139865
44973,138820
44973,12548
44973,64556
44973,98335
44973,122291
44973,113072
44973,39454
44973,115825
44973,56008
44973,109310
44973,120588
44973,39788
44973,53471
44973,27187
44975,61598
44975,114174
44975,63495
44975,65536
44975,43882
44975,59663
44975,67013
44975,89600
44975,26511
44975,41392
44975,16359
44975,108840
44975,103749
44975,132811
44975,4641
44975,60599
44975,30757
44975,99741
44975,104685
44975,109746
44975,82267
44975,138937
44975,67122
44979,90836
44979,1495
44979,107909
44979,23721
44979,9894
44979,12357
44979,38837
44979,137685
44979,90377
44979,42011
44979,59322
44979,55050
44979,62237
44979,79235
44979,89367
44979,37304
44979,68833
44979,72189
44979,118976
44979,43611
44979,79285
44979,21470
44979,113761
44979,83364
44979,85575
44979,47769
44979,8797
44979,63276
44979,10177
44979,16765
44979,1561
44979,64602
44979,115848
44983,90607
44983,79842
44983,82882
44983,27807
44983,99569
44983,34750
44983,22881
44983,58224
44984,20013
44984,99062
44984,92432
44984,15195
44984,92226
44984,89238
44984,83096
44984,67250
44984,52125
44984,10116
44984,46517
44984,116747
44984,55380
44984,1448
44984,103744
44984,23648
44984,15107
44984,103984
44984,73877
44984,88112
44984,97227
44984,128943
44984,5700
44984,31148
44984,96449
44984,106169
44984,21534
44984,16337
44984,99129
44984,19855
44984,85991
44984,123700
44984,134724
44985,62031
44985,79596
44985,453
44985,22988
44985,79625
44985,123709
44985,67025
44985,40048
44985,5132
44985,109
44985,126789
44985,1211
44985,59042
44985,55148
44985,8312
44985,32431
44985,39127
44985,109877
44985,51087
44985,9318
44985,1949
44985,9799
44985,60244
44985,123201
44985,99270
44985,81109
44985,41441
44985,76562
44985,19043
44985,48757
44985,11631
44985,12154
44985,31272
44985,19875
44986,17253
44986,34873
44986,5866
44986,67813
44986,100586
44986,115048
44986,96099
44986,29953
44986,99806
44986,48230
44986,76087
44986,3046
44986,82394
44986,25684
44986,67887
44986,25831
44986,71662
44986,22700
44986,12912
44986,5847
44986,40380
44986,90879
44986,55871
44986,69688
44986,86629
44986,27855
44986,372
44986,70196
44986,2733
44986,108963
44986,26507
44986,40442
44986,88899
44987,99851
44987,140295
44987,122349
44987,10920
44987,138201
44987,131978
44987,121714
44987,66063
44987,70125
44987,1120
44987,101700
44987,68893
44987,21458
44987,7268
44987,72501
44987,9783
44987,70423
44987,29622
44987,8041
44987,106995
44987,13939
44987,16836
44987,104576
44987,8337
44987,72973
44987,108251
44987,126643
44987,39210
44987,87090
44987,60031
44987,10616
44987,56791
44988,69411
44988,91644
44988,117870
44988,20087
44988,97038
44988,138205
44988,40836
44988,108637
44988,23723
44988,14515
44988,93485
44988,131958
44988,924
44988,21081
44988,140551
44988,61639
44988,39842
44988,109598
44988,128632
44988,130541
44988,45875
44988,50432
44988,75781
44988,122895
44988,138371
44988,132972
44988,62152
44988,98714
44988,113035
44988,28983
44988,76969
44988,19931
44990,63105
44990,60144
44990,96780
44990,133943
44990,20430
44990,6713
44990,25159
44990,67233
44990,5322
44990,69184
44990,8864
44990,20587
44990,63229
44990,31825
44990,57170
44990,46501
44990,78647
44990,93974
44990,80709
44990,96206
44990,133689
44990,14480
44990,75205
44990,24041
44990,67477
44990,34151
44990,131493
44990,4503
44990,77074
44990,27632
44990,4080
44990,15390
44990,59721
44990,35679
44991,27788
44991,118188
44991,9696
44991,119653
44991,96426
44991,49601
44991,66648
44991,4435
44991,105336
44991,123706
44992,96728
44992,20024
44992,18933
44992,97940
44992,17447
44992,101671
44992,46226
44992,106029
44992,105552
44992,82564
44992,12516
44992,75177
44992,71247
44992,95589
44992,125094
44992,19790
44992,85431
44992,126881
44992,37759
44992,120872
44993,113443
44993,61639
44993,8057
44993,49099
44993,77669
44993,64575
44993,34541
44993,24179
44993,100781
44993,121809
44993,10845
44993,98615
44993,52892
44993,25100
44993,7144
44993,50300
44993,102209
44993,118968
44993,21081
44993,38707
44993,131958
44993,139847
44993,39842
44993,85852
44993,132497
44993,74926
44993,113035
44993,122343
44993,98714
44993,28983
44993,18181
44995,105215
44995,26192
44995,54200
44995,834
44995,94140
44995,115632
44995,73293
44997,139109
44997,53595
44997,89442
44997,8829
44997,18128
44997,89783
44997,26289
44997,32826
44997,42721
44997,58785
44997,83484
44997,49283
44997,41073
44997,25245
44997,81810
44997,14942
44997,93952
44998,50215
44998,115954
44998,136946
44998,48555
44998,19465
44998,121362
44998,13499
44998,77504
44998,124191
44998,94188
44998,42693
44998,103635
44998,92927
44998,81977
44998,28694
44998,120824
44998,119207
44998,75125
44998,139976
44998,52622
44998,127297
44998,54705
44998,92436
44998,86342
44998,117129
44998,76689
44998,122749
44998,121238
44998,72726
44998,105885
44998,35696
44998,129404
44999,88614
44999,113481
44999,133212
44999,128741
44999,42928
44999,52375
44999,11496
44999,33682
44999,84306
44999,45462
44999,44372
44999,69822
44999,17319
44999,137332
44999,28243
44999,3273
44999,123473
44999,110504
44999,51261
44999,87474
44999,104112
44999,78976
44999,97345
44999,9003
44999,27695
44999,21522
44999,54961
44999,22304
44999,132316
44999,102774
44999,56868
45000,15259
45000,82253
45000,103864
45000,52298
45000,67846
45000,115138
45000,26281
45000,24176
45000,117911
45000,61850
45000,49530
45000,136710
45000,13426
45000,11337
45000,25587
45000,92695
45000,69068
45000,92227
45000,128997
45000,139890
45000,65776
45000,128442
45000,47232
45000,25626
45000,33326
45000,86197
45000,67784
45001,53547
45001,99430
45001,95369
45001,98106
45001,138603
45001,19743
45001,59081
45001,74921
45001,6427
45001,17105
45001,98938
45001,37093
45001,18635
45001,126732
45001,109650
45001,13668
45001,74298
45001,103353
45001,54818
45001,28818
45001,4256
45001,46505
45001,137042
45001,115213
45001,8289
45001,108433
45001,2990
45001,69489
45001,81465
45001,14041
45002,104612
45002,36462
45002,55235
45002,1510
45002,134655
45002,13212
45002,99369
45002,64286
45002,118513
45002,110019
45002,140809
45002,1835
45002,111307
45002,72749
45002,85061
45002,114927
45002,11780
45002,51678
45002,22869
45002,96377
45002,128577
45002,116818
45002,95215
45002,54031
45002,45472
45002,9018
45002,72562
45002,82341
45002,6893
45002,40219
45002,138521
45002,1875
45002,90264
45002,97855
45003,3106
45003,63335
45003,50818
45003,7741
45003,104456
45003,28512
45003,100525
45003,28041
45003,137357
45003,25206
45003,126269
45003,26723
45003,79098
45003,79075
45003,140049
45003,28989
45003,53795
45003,124213
45003,126366
45003,27821
45003,25044
45003,107609
45004,42725
45004,123902
45004,25521
45004,21157
45004,6982
45004,115455
45004,112786
45004,134890
45004,26819
45004,55620
45004,45337
45004,117926
45004,30852
45004,92214
45004,13634
45004,80291
45004,41329
45004,113918
45004,135108
45004,19854
45004,269
45004,136725
45004,22601
45004,102398
45004,31424
45004,27654
45004,123665
45004,30977
45004,121442
45004,28318
45004,10942
45004,79777
45005,41138
45005,107732
45005,99130
45005,106976
45005,21344
45005,71556
45005,78276
45005,87006
45005,117793
45005,72177
45005,84469
45005,107404
45008,82632
45008,93867
45008,9569
45008,101746
45008,44844
45013,72109
45013,5987
45013,136543
45013,6248
45013,38899
45016,48153
45016,14389
45016,43228
45016,55259
45016,44147
45016,109048
45016,46688
45016,123941
45016,121774
45016,119694
45016,98462
45016,94816
45016,65322
45016,59852
45016,6497
45016,128050
45016,43757
45016,13788
45016,36196
45016,45420
45016,84061
45016,107316
45016,124747
45016,27348
45016,46031
45016,9222
45016,85728
45016,97035
45016,42356
45016,24050
45016,95166
45016,56685
45016,36200
45017,78741
45017,131320
45017,22139
45017,135668
45017,59395
45017,78944
45017,47595
45017,34178
45017,49923
45017,118927
45017,50116
45017,130850
45017,55139
45017,123596
45017,70143
45017,81217
45017,85611
45017,42570
45017,99833
45017,101986
45017,108913
45017,38883
45017,113724
45017,123250
45017,7077
45021,27798
45021,97522
45021,53853
45021,30179
45021,110435
45021,89665
45021,107194
45021,92402
45021,98094
45021,128630
45021,77869
45021,3234
45021,138628
45021,99955
45021,49867
45021,59462
45021,48330
45021,24552
45021,105188
45021,68670
45021,47370
45021,134908
45021,12250
45021,43382
45021,65661
45021,36126
45021,83997
45021,73371
45021,70559
45021,109017
45021,28643
45021,139945
45021,67999
45023,64816
45023,28890
45023,22275
45023,124387
45023,70984
45023,891
45023,120661
45023,88086
45023,78111
45023,119178
45026,18562
45026,71119
45026,108867
45026,92527
45026,77305
45026,139543
45026,136194
45026,39309
45026,51942
45026,31025
45026,76107
45026,47514
45026,47147
45026,83727
45026,62858
45026,10654
45026,128875
45026,108154
45026,96778
45026,134524
45026,102701
45026,97196
45026,119431
45026,69101
45026,103902
45026,40889
45026,15265
45026,1441
45026,47933
45026,48594
45026,130344
45028,133555
45028,52921
45028,130440
45028,39623
45028,798
45028,127697
45028,93131
45028,18721
45028,95382
45028,57861
45028,122014
45028,54463
45028,115180
45030,126098
45030,2255
45030,120320
45030,5778
45030,96024
45030,36480
45030,118150
45030,25366
45030,116335
45030,60765
45030,7641
45030,30203
45030,138661
45030,109451
45030,13334
45030,125635
45030,128793
45030,1045
45030,30033
45031,126657
45031,90730
45031,73173
45031,8161
45031,96761
45031,86639
45031,1497
45031,57945
45031,53494
45031,21419
45031,8962
45031,79740
45031,17633
45031,125311
45031,3858
45031,31643
45031,139366
45031,77935
45031,61529
45031,35817
45031,48671
45031,35599
45031,135499
45031,44923
45031,114304
45031,69261
45031,25416
45031,74754
45031,7880
45031,30950
45031,135537
45031,5002
45032,49424
45032,11081
45032,133949
45032,28134
45032,20320
45032,34315
45032,26273
45032,94404
45032,44023
45032,7381
45032,57231
45032,26330
45032,118527
45032,95023
45032,7489
45032,80117
45032,75232
45033,10781
45033,37555
45033,101178
45033,93770
45033,133186
45033,117460
45033,128794
45033,121735
45033,54572
45033,102234
45033,34583
45033,57315
45033,85194
45033,73325
45033,98380
45035,62242
45035,120230
45035,11859
45035,132515
45035,79407
45035,36608
45035,39219
45035,125615
45035,23851
45035,107859
45035,123177
45035,120489
45035,35461
45035,4113
45035,6047
45035,50307
45035,87144
45035,63179
45035,24074
45035,138761
45035,58138
45035,95992
45035,124662
45035,55316
45035,120954
45035,127815
45035,41084
45035,57893
45035,109016
45035,26743
45035,102532
45035,13609
45035,113787
45036,93033
45036,65019
45036,74514
45036,92705
45036,59454
45036,885
45036,59780
45036,85601
45036,97579
45036,120146
45036,91871
45036,129396
45036,116710
45036,78613
45036,71368
45036,75365
45036,48919
45036,67467
45036,50417
45036,48277
45036,27078
45036,36372
45036,9679
45036,137701
45036,115123
45036,65797
45036,100454
45036,80607
45036,68736
45036,47170
45036,83507
45038,50639
45038,14865
45038,38042
45038,112500
45038,84340
45038,119860
45038,34663
45038,106743
45038,18948
45038,116665
45038,125584
45038,7633
45038,37799
45038,70504
45038,127844
45039,48064
45039,114392
45039,117782
45039,16423
45039,19575
45039,112054
45039,44894
45039,5790
45039,128433
45039,65989
45039,48975
45039,13205
45039,74617
45039,29783
45039,59647
45039,49612
45039,72714
45039,31929
45039,82275
45039,113967
45039,120670
45039,26537
45039,130270
45039,18076
45039,108360
45039,128201
45039,44308
45039,48147
45039,86976
45039,75082
45039,16433
45039,55904
45040,92429
45040,83356
45040,134710
45040,39915
45040,42942
45040,16772
45040,8557
45040,782
45040,11012
45040,84483
45040,63863
45041,60073
45041,1435
45041,113300
45041,66158
45041,94539
45041,63987
45041,88756
45041,87695
45041,103405
45041,91377
45041,101684
45041,37804
45041,97007
45041,24079
45042,64170
45042,82399
45042,58359
45042,93385
45042,133980
45043,12655
45043,60298
45043,131391
45043,62467
45043,56354
45043,66835
45043,118521
45043,40954
45043,106648
45043,99433
45043,31204
45043,119181
45043,4094
45043,82828
45043,81402
45043,77634
45043,74357
45043,40857
45043,71200
45043,62565
45043,118915
45043,41611
45043,91261
45043,105706
45043,107744
45043,120454
45043,14370
45043,138198
45043,56627
45043,72921
45043,86072
45043,36199
45043,138075
45044,17790
45044,14417
45044,19024
45044,104507
45044,90882
45044,41819
45044,110819
45044,31835
45044,52355
45044,49093
45045,30744
45045,74106
45045,16955
45045,41369
45045,132434
45045,121029
45045,64613
45045,96221
45045,119142
45045,94172
45045,91153
45045,36359
45045,108117
45045,53282
45045,28403
45045,43106
45045,4395
45045,76023
45045,51129
45045,13264
45045,44065
45045,126847
45045,97812
45045,15798
45045,56467
45045,95413
45045,98209
45045,62436
45045,16529
45045,78667
45045,108958
45046,124198
45046,107116
45046,80618
45046,59358
45046,38684
45046,46133
45046,123867
45046,22660
45046,90477
45046,16627
45046,62510
45046,43863
45046,83953
45046,55399
45046,72945
45046,119045
45046,104063
45046,138078
45046,88326
45046,543
45046,71171
45046,77958
45046,74633
45046,3111
45046,58133
45046,57867
45046,55138
45046,45119
45046,22797
45046,139639
45047,65418
45047,73081
45047,100163
45047,51849
45047,116308
45047,129983
45047,42047
45047,36580
45047,68553
45047,112261
45047,87760
45047,29517
45047,19538
45047,97625
45047,70273
45047,128866
45047,139809
45047,537
45047,125042
45047,126951
45047,21398
45047,96329
45047,61330
45047,22019
45047,120352
45047,77004
45047,107871
45047,73262
45047,15768
45047,77247
45047,53387
45047,15151
45047,3456
45047,26127
45048,22578
45048,3820
45048,40441
45048,21808
45048,134883
45048,28383
45048,122734
45048,89341
45048,119399
45048,10763
45048,30618
45048,64913
45048,9589
45048,10107
45048,121350
45048,5286
45048,106236
45048,18601
45048,113229
45048,58217
45048,66606
45048,84914
45048,134086
45048,45851
45048,82404
45048,47068
45048,139917
45048,121675
45048,133093
45048,124234
45048,101162
45048,82688
45048,57903
45049,2028
45049,86146
45049,135303
45049,101191
45049,99540
45049,112307
45049,82944
45049,77341
45049,32739
45049,24518
45049,28187
45049,67243
45049,47885
45049,41131
45049,97934
45049,52506
45049,47403
45049,129210
45049,66850
45049,98034
45049,113692
45049,112174
45049,121068
45049,52751
45050,75840
45050,33616
45050,120608
45050,103129
45050,136133
45050,118496
45050,45952
45050,128672
45050,41775
45050,127150
45050,41761
45050,83955
45050,88894
45050,135714
45050,39684
45050,74463
45050,129804
45050,79245
45050,94060
45050,37589
45050,24063
45050,52422
45050,81119
45050,98914
45050,125026
45050,11258
45050,85133
45050,27011
45050,91233
45050,62652
45050,84354
45050,132558
45051,116942
45051,124342
45051,137997
45051,104517
45051,60846
45051,59657
45051,40279
45051,59781
45051,24545
45051,94455
45051,14082
45051,35223
45052,133252
45052,10891
45052,43938
45052,58638
45052,56004
45052,80780
45052,60907
45052,100074
45053,83080
45053,130089
45053,2242
45053,105212
45053,138000
45053,38107
45053,92080
45053,112666
45053,127257
45053,41598
45053,87175
45056,39993
45056,76818
45056,65984
45056,90063
45056,116696
45056,125069
45056,21812
45056,68826
45056,86916
45056,129278
45056,83806
45056,83045
45056,22824
45056,75491
45056,90923
45056,54731
45056,3625
45056,137826
45056,85567
45056,46162
45056,11826
45056,109185
45056,71671
45056,97099
45056,89119
45056,127808
45056,71258
45056,83430
45056,37581
45056,134162
45056,122660
45056,49152
45057,134609
45057,51876
45057,61488
45057,6838
45057,94534
45057,49656
45057,110263
45057,134154
45057,68420
45057,68777
45057,133661
45057,64169
45057,66253
45057,125083
45057,16131
45057,22066
45057,71026
45059,17739
45059,28495
45059,126013
45059,70058
45059,8343
45059,116176
45059,44502
45059,140120
45059,122589
45059,136865
45059,92436
45059,139706
45059,72473
45059,118876
45059,14119
45059,123218
45059,64513
45059,137450
45059,15079
45059,16631
45059,6087
45059,136946
45059,119580
45059,69232
45059,33740
45059,119766
45059,19565
45059,19427
45059,57312
45059,106916
45059,106166
45059,138962
45059,80265
45059,117944
45060,64047
45060,16495
45060,101728
45060,139661
45060,122450
45060,20756
45060,34701
45060,83199
45060,64215
45060,133663
45060,96695
45060,137302
45060,44368
45060,140498
45060,81904
45060,65893
45060,103483
45060,94487
45060,6034
45060,48447
45060,27612
45060,9904
45060,6305
45060,129669
45060,14359
45060,45916
45060,8274
45060,65663
45060,83722
45060,13447
45060,80071
45063,77109
45063,11414
45063,27711
45063,42875
45063,117347
45063,121586
45063,104149
45063,135195
45063,134743
45063,115207
45064,22756
45064,125655
45064,33805
45064,100664
45064,103369
45064,6435
45064,67150
45064,27669
45064,35397
45064,90151
45064,103908
45064,99219
45064,134845
45064,13252
45064,39137
45064,10250
45064,136220
45064,30630
45064,119302
45064,80832
45064,73738
45064,83293
45064,44196
45064,41497
45064,134607
45064,45354
45064,32491
45064,73078
45064,36466
45064,66444
45064,4302
45064,62587
45064,63511
45065,16594
45065,70201
45065,66918
45065,116681
45065,18649
45065,57302
45065,80733
45065,40966
45065,5589
45065,16446
45065,120003
45065,41700
45065,60610
45065,115039
45065,107320
45065,121393
45065,85489
45065,28977
45065,8192
45065,116232
45065,30660
45065,10387
45065,116527
45065,77007
45065,75952
45065,123888
45065,42958
45065,103645
45065,10168
45065,13454
45065,35960
45065,89495
45067,28659
45067,139102
45067,126940
45067,111061
45067,108140
45067,25481
45067,28434
45067,60486
45070,38419
45070,24545
45070,124342
45070,21018
45070,116942
45070,37818
45070,131892
45070,137997
45070,70177
45070,104517
45070,90845
45070,77089
45070,35223
45070,14082
45070,60846
45070,77914
45070,114932
45070,78500
45070,59781
45070,122112
45070,134154
45070,49656
45070,94455
45070,46274
45070,125083
45070,90809
45070,26248
45070,68420
45070,77795
45070,60468
45070,40279
45070,59657
45070,117294
45071,117424
45071,94766
45071,88683
45071,111155
45071,97606
45071,95429
45071,95518
45071,118745
45071,117906
45071,102604
45071,67230
45071,103551
45071,21079
45071,106095
45071,129226
45071,84100
45071,98173
45071,90055
45071,68589
45071,13801
45071,19089
45071,81270
45071,35986
45071,119324
45071,120030
45071,92974
45072,14968
45072,115697
45072,74351
45072,75942
45072,29917
45072,60671
45072,18525
45072,77740
45072,38825
45072,135087
45072,127612
45072,62245
45072,88601
45072,3929
45072,111147
45072,113676
45072,12034
45072,4354
45072,53363
45072,97973
45072,57827
45072,39279
45072,115584
45072,41642
45072,9249
45072,30419
45072,81412
45072,92741
45072,20157
45072,34510
45072,72956
45072,89189
45073,78613
45073,101134
45073,87015
45073,122586
45073,65019
45073,134188
45073,94663
45073,129396
45073,59780
45073,111268
45073,67755
45073,121880
45073,50417
45073,74514
45073,1817
45073,118084
45073,93055
45073,24847
45073,103658
45073,115123
45073,65797
45073,139876
45073,77526
45073,32068
45073,100454
45073,117876
45073,2144
45073,71069
45073,91981
45073,78484
45073,94082
45075,85380
45075,56958
45075,82269
45075,93115
45075,53514
45075,36607
45075,87361
45075,129735
45075,66308
45076,47249
45076,40933
45076,93917
45076,127834
45076,23061
45076,13015
45076,95142
45076,42248
45076,89641
45076,112142
45076,16665
45076,108981
45076,10815
45076,25834
45076,31666
45076,66310
45076,107705
45076,136178
45076,35077
45076,21568
45076,127056
45076,35269
45076,47818
45076,13128
45076,15224
45076,129220
45076,131706
45076,40870
45076,102715
45076,75684
45076,124184
45076,95752
45078,98055
45078,46785
45078,92469
45078,68371
45078,88164
45078,17289
45078,118021
45078,16195
45078,72472
45078,64962
45078,37055
45078,125433
45078,125961
45078,138847
45078,125776
45078,70524
45078,111829
45078,89132
45078,94062
45078,22652
45078,40001
45078,85908
45078,79147
45078,56740
45078,133159
45078,124924
45078,68966
45078,100524
45078,106930
45078,70620
45078,61257
45078,87427
45080,33422
45080,68266
45080,7660
45080,128080
45080,35487
45080,16021
45080,65354
45080,36997
45080,89010
45080,66676
45080,133575
45080,16724
45080,10099
45080,887
45080,3603
45080,36534
45080,14260
45080,119758
45080,51857
45080,90282
45080,43500
45080,58867
45080,36318
45080,98489
45080,95940
45080,85909
45080,9023
45080,76925
45080,55725
45080,26126
45080,103601
45080,10926
45080,71334
45082,27969
45082,36045
45082,56776
45082,5505
45082,47392
45082,25564
45082,36412
45082,14840
45082,15802
45082,93741
45082,110663
45082,126818
45082,42967
45082,14844
45082,117772
45082,70697
45082,44170
45082,125066
45082,23661
45082,125079
45082,119316
45082,90380
45082,125656
45082,51616
45082,21198
45082,1736
45082,66917
45082,64949
45082,90013
45082,53172
45082,78330
45082,107721
45082,54703
45083,120144
45083,43749
45083,13443
45083,134417
45083,107785
45083,52784
45083,1085
45083,37283
45083,33168
45083,12341
45083,60008
45083,87215
45083,134966
45083,51979
45083,69615
45083,63145
45083,79841
45083,29811
45083,1140
45083,72597
45083,38484
45083,89962
45083,131110
45083,74166
45083,9812
45083,106845
45083,28939
45083,19033
45083,103860
45083,110264
45083,74221
45083,117439
45084,137964
45084,51476
45084,88220
45084,140354
45084,17320
45084,55403
45084,121838
45084,60711
45084,122285
45084,13618
45084,105749
45084,126414
45084,121461
45084,2145
45084,62162
45084,40580
45084,53379
45084,122388
45084,17143
45084,134116
45084,16899
45084,133315
45084,135621
45084,91626
45086,80930
45086,33083
45086,119942
45086,69107
45086,43264
45086,12224
45086,37088
45086,88386
45086,131608
45086,16075
45086,35350
45086,61015
45086,116435
45086,139764
45086,125201
45086,130102
45086,67792
45086,2091
45086,6809
45086,100892
45086,109958
45086,8243
45086,123948
45086,110977
45086,26357
45086,105251
45086,26190
45086,13777
45086,99326
45086,75433
45086,53620
45090,21129
45090,1248
45090,37029
45090,87878
45090,42200
45090,88496
45090,103682
45090,140503
45090,11710
45090,29726
45090,102992
45090,21693
45090,81449
45090,25908
45090,36320
45090,96662
45090,45447
45090,76214
45090,75778
45090,112607
45090,19956
45090,104649
45090,118714
45090,38533
45090,36952
45090,40185
45090,70401
45090,137305
45090,46134
45090,10145
45091,21265
45091,1146
45091,68473
45091,93518
45091,57133
45092,133227
45092,105300
45092,30867
45092,136686
45092,11719
45092,26548
45092,15174
45092,13297
45092,117787
45092,77275
45092,33341
45092,21469
45092,62593
45092,50912
45092,118908
45092,68723
45092,38345
45092,91315
45092,118064
45092,73134
45092,130231
45092,63794
45092,119388
45092,98668
45092,110402
45092,33764
45092,104648
45092,109544
45092,132906
45092,74892
45092,41001
45092,123377
45096,122472
45096,71417
45096,18710
45096,1694
45096,23277
45096,50789
45096,49893
45096,123594
45096,90817
45096,31489
45096,57459
45096,20249
45097,124503
45097,86344
45097,27416
45097,70987
45097,28636
45097,132979
45097,54723
45097,138974
45097,33758
45097,102503
45097,20798
45097,35070
45097,89529
45097,469
45097,117792
45097,77071
45097,140013
45097,4834
45097,86328
45097,66026
45097,65651
45097,43576
45097,50653
45097,55247
45097,78875
45097,83343
45097,123828
45097,30277
45097,73241
45097,85861
45097,62646
45097,138203
45098,79240
45098,40647
45098,136494
45098,133072
45098,119817
45098,117970
45098,113504
45098,84311
45098,12238
45098,75969
45098,7516
45098,124538
45098,120631
45098,118469
45098,98259
45098,77891
45098,138845
45098,63202
45098,47728
45098,46981
45098,40901
45098,34584
45098,29212
45098,27633
45098,26418
45098,23421
45098,16592
45098,21108
45098,129376
45098,79183
45098,105232
45098,6184
45098,37117
45100,99504
45100,126997
45100,51644
45100,50431
45100,57259
45100,58706
45100,97631
45100,131920
45100,35788
45100,5007
45100,435
45100,93836
45100,112872
45100,105533
45100,139614
45100,24575
45100,5502
45100,2311
45100,562
45100,70348
45100,98395
45100,50169
45100,68146
45100,113546
45100,84707
45100,40200
45100,133022
45100,136604
45100,76316
45100,80656
45100,137159
45101,124366
45101,113592
45101,30759
45101,30157
45101,3223
45101,31570
45101,126468
45101,68098
45101,47587
45101,26562
45101,5896
45101,94082
45101,38782
45101,68736
45101,27088
45101,129825
45101,9997
45101,46963
45101,48323
45101,88919
45101,26916
45101,75937
45102,13004
45102,55742
45102,770
45102,6746
45102,120633
45102,49813
45102,70639
45102,129516
45102,91796
45102,60314
45102,28007
45102,119270
45102,102888
45102,78890
45102,127009
45102,60791
45102,133884
45102,54846
45102,21908
45102,76479
45102,123646
45102,88384
45102,19527
45102,56555
45102,35993
45102,25980
45102,95489
45102,45494
45102,78507
45102,7413
45102,57149
45102,8392
45102,15213
45103,38419
45103,24545
45103,124342
45103,137997
45103,116942
45103,37818
45103,131892
45103,70177
45103,90845
45103,77089
45103,35223
45103,104517
45103,77914
45103,59781
45103,49656
45103,134154
45103,90809
45103,68420
45103,21018
45103,14082
45103,125083
45103,40279
45103,114932
45103,77795
45103,60468
45103,78500
45103,60846
45103,122112
45103,38904
45103,46274
45103,94455
45103,59657
45103,117294
45104,36990
45104,133555
45104,127697
45104,52921
45104,39623
45104,798
45104,93131
45104,53003
45104,130440
45104,2214
45104,14923
45104,16463
45104,63922
45104,95382
45104,137210
45104,115180
45104,11197
45105,71989
45105,28347
45105,44885
45105,68911
45105,84474
45105,93071
45105,62969
45105,59637
45107,67800
45107,12706
45107,45489
45107,109573
45107,134911
45108,36820
45108,138394
45108,97144
45108,83753
45108,46362
45108,3053
45108,46557
45108,105861
45108,135462
45108,53684
45108,79297
45108,2737
45108,73199
45108,129956
45108,132413
45108,65017
45108,53848
45108,33562
45112,82860
45112,42341
45112,3320
45112,134253
45112,45513
45112,50071
45112,51368
45112,53407
45112,70392
45112,85421
45112,73873
45112,115053
45112,16403
45112,122616
45112,14981
45112,131734
45112,25795
45112,100289
45112,114357
45112,16889
45112,85621
45112,93866
45112,56371
45112,30213
45112,25391
45112,62332
45112,10940
45112,72193
45112,138802
45112,125701
45113,105123
45113,110663
45113,78649
45113,13483
45113,43028
45114,120160
45114,100569
45114,85739
45114,128224
45114,79959
45114,136758
45114,102090
45114,110910
45114,129506
45114,32626
45114,95626
45114,48547
45114,111176
45114,45554
45114,70272
45114,20156
45114,103469
45114,86426
45114,47869
45114,79114
45114,9733
45114,116224
45114,26823
45114,86063
45114,109806
45114,100626
45114,114255
45115,17453
45115,86311
45115,130154
45115,45556
45115,12571
45115,29856
45115,39417
45115,110190
45115,100687
45115,113853
45115,30995
45115,18330
45115,122972
45115,57587
45115,8422
45115,86492
45115,101785
45115,80321
45115,64193
45115,31755
45115,67453
45115,107164
45115,120426
45115,1133
45115,92210
45115,81817
45115,77507
45115,27974
45115,114825
45115,36310
45115,100390
45115,21996
45115,9946
45116,92100
45116,97799
45116,123699
45116,27069
45116,104526
45116,9813
45116,138900
45116,115525
45116,138908
45116,111830
45116,130646
45116,124658
45116,134568
45116,67661
45116,640
45116,100401
45116,10438
45116,97244
45116,27982
45116,102366
45116,149
45116,26052
45116,100503
45116,78814
45116,40027
45116,94839
45116,115234
45117,743
45117,10608
45117,76856
45117,125573
45117,126382
45117,55965
45117,55949
45117,126301
45117,109772
45118,60875
45118,17344
45118,41325
45118,58232
45118,83173
45118,28322
45118,36142
45118,138839
45118,91408
45118,77151
45118,76196
45118,57098
45118,14207
45118,19363
45118,68170
45118,73263
45118,125772
45118,97732
45118,34076
45118,101467
45118,134393
45118,71827
45118,4558
45118,14426
45118,126910
45118,104391
45118,77291
45118,15045
45118,107307
45118,132203
45120,136159
45120,18380
45120,50890
45120,17213
45120,7360
45120,7258
45120,24345
45120,86289
45120,29286
45120,140130
45120,39975
45120,82957
45120,109431
45120,93944
45120,20133
45120,130018
45120,74130
45120,3566
45120,8951
45120,94596
45120,59638
45120,95486
45120,77583
45120,60458
45120,56685
45120,37798
45120,12347
45120,80767
45120,132293
45120,90389
45120,134654
45120,107316
45123,4165
45123,23286
45123,25659
45123,89497
45123,119941
45123,21140
45123,65894
45123,7810
45123,103220
45123,94060
45123,38190
45123,139253
45123,14811
45123,116281
45123,107582
45123,39684
45123,8023
45123,7326
45123,78357
45123,101516
45123,101490
45123,63549
45123,66650
45123,71185
45123,74240
45123,66038
45123,126434
45123,60615
45123,47235
45123,125026
45123,81387
45123,10955
45123,132558
45127,3335
45127,43735
45127,72769
45127,39442
45127,75383
45129,48186
45129,12146
45129,57551
45129,69543
45129,87343
45129,46146
45129,12017
45129,104950
45129,76014
45129,4547
45129,64854
45129,18742
45129,140189
45129,8420
45129,119470
45129,64822
45129,95792
45129,83704
45129,107639
45129,36785
45129,131556
45129,72324
45129,132572
45129,101066
45129,4398
45129,112569
45129,53423
45132,64017
45132,44213
45132,94241
45132,138290
45132,138973
45132,82967
45132,80067
45132,119002
45132,94976
45132,54795
45132,54739
45132,98198
45132,110915
45132,76755
45132,37339
45132,115994
45132,68372
45132,6400
45132,122468
45132,114201
45132,978
45132,19965
45132,50366
45132,83079
45132,15064
45132,79141
45132,3754
45132,139974
45132,105745
45132,97430
45132,53443
45132,32279
45132,23256
45133,118444
45133,101335
45133,133943
45133,67964
45133,7541
45133,101215
45133,44969
45133,76070
45133,124189
45133,82507
45133,32234
45133,131046
45133,23592
45133,98769
45133,106495
45133,38286
45133,41988
45133,5380
45133,133820
45133,12957
45133,70502
45133,55754
45133,5121
45133,101252
45133,9351
45133,135590
45133,131352
45133,88768
45133,101812
45133,16845
45133,131880
45133,57017
45133,33890
45134,79428
45134,53584
45134,51342
45134,104348
45134,74641
45134,69329
45134,73943
45134,127689
45134,122620
45134,44168
45134,100811
45134,33791
45134,102725
45134,111646
45134,72260
45134,35489
45134,9489
45134,135806
45134,105453
45134,95624
45134,67912
45134,72372
45134,40498
45134,16222
45134,2821
45134,79743
45134,86220
45134,108874
45134,133701
45135,24058
45135,2184
45135,42473
45135,121530
45135,101230
45135,129688
45135,53069
45135,102890
45135,21288
45135,116673
45135,91458
45135,112643
45135,113039
45135,93345
45135,111191
45135,102273
45135,126823
45135,66764
45135,88369
45135,138386
45135,5861
45135,92291
45135,106752
45135,102106
45135,3377
45135,80063
45135,45695
45135,60976
45135,87482
45136,32931
45136,119206
45136,101080
45136,44036
45136,30523
45136,121630
45136,123360
45136,33925
45136,20491
45136,93185
45136,120722
45136,40683
45136,19720
45136,46339
45136,88017
45136,27576
45137,136025
45137,38295
45137,125213
45137,129446
45137,31144
45137,105971
45137,28050
45137,82843
45137,121156
45137,85888
45137,113098
45137,134244
45139,89650
45139,103354
45139,112808
45139,78569
45139,26107
45139,3281
45139,58483
45139,84403
45139,121401
45139,27756
45139,118883
45139,26583
45139,83490
45139,118448
45139,71530
45139,58944
45139,109790
45139,37156
45139,37903
45139,57860
45139,21637
45139,117661
45139,100799
45139,88678
45139,26066
45139,86617
45139,87190
45139,75266
45139,98102
45139,22245
45139,116091
45139,21557
45139,106319
45142,86090
45142,134421
45142,49717
45142,35350
45142,132466
45142,136972
45142,20689
45142,111714
45142,16075
45142,5310
45142,90649
45142,32108
45142,85725
45142,44234
45142,89721
45142,75433
45142,120855
45142,39703
45142,86919
45142,73791
45142,17138
45142,106894
45142,58998
45142,105753
45142,134875
45142,33831
45142,105617
45142,108473
45142,132285
45142,16144
45142,37088
45142,13777
45142,34217
45145,8117
45145,119804
45145,56483
45145,39931
45145,83015
45145,74634
45145,90538
45145,122447
45145,36114
45145,134760
45145,40858
45145,19978
45145,41581
45146,118034
45146,43718
45146,82921
45146,26251
45146,50408
45146,39374
45146,23350
45146,118182
45146,22160
45146,119536
45146,62003
45146,57426
45146,16149
45146,59952
45146,64368
45146,133682
45146,54548
45146,104746
45146,74567
45146,2053
45146,30304
45146,57469
45146,109021
45146,69678
45146,67607
45146,45609
45146,2179
45146,53917
45146,101143
45146,120466
45146,106919
45146,24960
45146,90408
45147,139192
45147,106609
45147,14288
45147,126688
45147,107233
45147,130628
45147,115185
45147,104053
45147,101183
45147,103760
45147,77491
45147,34415
45147,80982
45147,129124
45147,120460
45147,481
45147,2348
45147,83286
45147,82280
45147,35823
45147,104220
45147,95991
45147,93161
45147,140315
45147,129252
45147,56466
45147,97009
45147,7673
45148,57581
45148,45803
45148,79092
45148,83630
45148,114648
45148,108752
45148,131598
45148,102248
45148,105334
45148,18954
45148,125040
45148,123628
45148,111241
45148,16501
45148,17078
45148,39109
45148,39112
45148,20084
45148,105764
45148,71391
45148,83060
45148,33012
45148,121962
45148,29738
45148,7793
45148,38228
45148,31084
45148,71019
45148,81963
45148,20298
45148,97789
45148,46256
45151,66560
45151,25583
45151,39851
45151,105389
45151,28618
45151,45748
45151,51421
45151,96900
45151,14125
45151,6727
45151,29625
45151,15550
45151,51563
45151,82487
45151,45402
45151,24546
45151,100631
45151,5600
45151,55092
45151,131510
45151,53826
45151,57058
45151,62933
45151,89613
45151,49521
45151,37706
45151,94239
45151,61144
45151,6889
45151,73212
45151,23811
45151,22764
45152,54569
45152,24150
45152,113351
45152,34471
45152,108240
45152,89292
45152,121567
45152,114926
45152,51844
45152,75812
45152,51015
45152,92329
45152,62063
45152,18995
45152,70488
45152,96120
45152,38972
45152,31283
45152,40247
45152,36268
45152,67555
45152,61327
45152,86438
45152,93457
45152,86498
45152,23001
45152,76398
45152,12748
45152,119845
45152,82502
45153,121314
45153,53584
45153,44168
45153,53572
45153,100811
45153,127689
45153,104348
45153,33791
45153,79428
45153,51342
45153,135806
45153,35489
45153,73943
45153,44999
45153,69329
45153,74641
45153,122620
45153,2939
45153,102725
45153,9489
45153,16222
45153,18272
45153,40498
45153,111646
45153,86220
45153,95624
45153,2821
45153,122057
45153,79743
45153,108874
45153,19217
45153,106001
45154,106230
45154,87154
45154,106421
45154,120248
45154,70887
45154,61586
45154,99314
45154,77574
45154,49928
45154,72631
45154,41400
45154,33509
45154,78725
45154,453
45154,80579
45154,2906
45154,86989
45154,24984
45154,45961
45154,14024
45154,84341
45154,35010
45154,69171
45154,1211
45154,78642
45154,123584
45154,57125
45154,19150
45154,4634
45154,19043
45154,32431
45154,23358
45154,8374
45155,120675
45155,96456
45155,53438
45155,37228
45155,80217
45155,21985
45155,12867
45155,53576
45155,12977
45155,66652
45155,15871
45155,35872
45155,13689
45155,112398
45155,112236
45155,107435
45155,8330
45155,14573
45155,119123
45155,17755
45155,87918
45155,132696
45155,75166
45155,108667
45155,4292
45155,95570
45155,105272
45155,12299
45155,54140
45155,46464
45155,20983
45155,2639
45157,17708
45157,98091
45157,58631
45157,34319
45157,64599
45157,39122
45157,101830
45157,34524
45157,79968
45157,97565
45157,7926
45157,24794
45157,3423
45157,78476
45157,119252
45157,95187
45157,98726
45157,29329
45157,71907
45157,139894
45157,32653
45157,30023
45157,50450
45157,88134
45157,92251
45157,98018
45157,90162
45157,55571
45157,11150
45157,86189
45165,33083
45165,56330
45165,25168
45165,134421
45165,82237
45165,44737
45165,2356
45165,24743
45165,81762
45165,15716
45165,104922
45165,107761
45165,15159
45165,19605
45165,87342
45165,65114
45165,91132
45165,74102
45165,101260
45165,122466
45165,87188
45165,130073
45165,79980
45165,57319
45165,42499
45165,105617
45165,127613
45165,38947
45165,323
45165,77622
45165,68066
45165,39283
45165,102315
45166,55047
45166,41808
45166,66798
45166,87248
45166,22744
45166,126445
45166,41280
45166,90287
45166,35543
45166,127377
45166,92828
45166,44126
45166,102205
45166,42766
45166,1564
45166,62189
45166,29395
45166,45759
45166,130704
45166,110756
45166,139555
45166,124494
45166,82768
45166,138101
45166,134
45166,18557
45167,25577
45167,121251
45167,130976
45167,57669
45167,68522
45167,118334
45167,16568
45167,31020
45167,80299
45167,67278
45167,116733
45167,55672
45167,78567
45167,85022
45167,643
45167,99436
45167,76444
45167,25217
45167,45372
45167,15115
45167,28624
45167,132848
45167,74586
45167,41498
45167,3328
45167,65636
45167,25855
45167,94922
45167,94997
45167,31999
45167,54591
45167,109975
45167,38338
45167,104929
45167,88027
45168,18878
45168,92720
45168,41718
45168,104956
45168,4285
45168,103987
45169,11493
45169,63000
45169,110683
45169,34925
45169,45537
45169,32852
45169,63526
45169,124864
45169,106510
45169,119418
45169,78622
45169,66685
45169,107684
45169,35433
45169,28826
45169,126726
45169,101249
45169,109123
45169,35213
45169,37491
45169,24642
45169,135190
45169,21807
45169,139791
45169,9998
45169,22373
45169,21706
45169,66315
45170,103174
45170,132210
45170,73077
45170,101520
45170,119794
45170,116505
45170,80545
45170,51178
45170,33828
45170,106307
45170,87652
45170,73145
45170,118206
45170,46027
45170,37540
45170,96808
45170,61935
45170,19836
45170,11359
45170,123898
45170,28625
45170,7620
45170,94988
45170,9831
45170,75890
45170,37330
45170,3235
45170,16325
45170,28496
45170,113256
45170,128272
45170,56908
45173,42725
45173,62219
45173,9198
45173,128708
45173,107439
45173,132952
45173,135657
45174,71111
45174,92300
45174,73040
45174,53436
45174,13389
45174,54591
45174,135790
45174,124733
45174,2885
45174,122140
45174,122145
45174,643
45174,80051
45174,14778
45174,22475
45174,86613
45174,22039
45174,57103
45174,48971
45174,96533
45174,30745
45174,109211
45174,120635
45174,36560
45174,129162
45174,53948
45174,46204
45174,77868
45174,18499
45178,137997
45178,124342
45178,116942
45178,37818
45178,14082
45178,35223
45178,131892
45178,90845
45178,70177
45178,21018
45178,134323
45178,40279
45178,114932
45178,49656
45178,134154
45178,24545
45178,60846
45178,59781
45178,26248
45178,77914
45178,102130
45178,77795
45178,60468
45178,59657
45178,122112
45178,57952
45178,38904
45178,90809
45178,46274
45178,94455
45178,117294
45178,68420
45178,125083
45179,133555
45179,39623
45179,36990
45179,18006
45179,137210
45179,16463
45179,128386
45179,96543
45179,108547
45179,91270
45179,18935
45179,17231
45179,11197
45179,53003
45179,125315
45179,2214
45179,50358
45180,114354
45180,53739
45180,124348
45180,52231
45180,34935
45180,48281
45180,73067
45180,84414
45180,120156
45180,78530
45180,15296
45180,5214
45180,132699
45180,98422
45180,120048
45180,36740
45180,15007
45180,127044
45180,132314
45180,30576
45180,1604
45180,82758
45180,120027
45180,19920
45180,34091
45180,14633
45182,96957
45182,22959
45182,13097
45182,124020
45182,103699
45182,118778
45182,48700
45182,1575
45182,46986
45182,28603
45182,125176
45182,103074
45182,17714
45182,5119
45182,88081
45182,124993
45182,104061
45182,30135
45182,17310
45182,94124
45182,136018
45182,60750
45182,30231
45182,24723
45182,40702
45182,28277
45182,79427
45182,7310
45182,119196
45182,69896
45182,51588
45183,88240
45183,55023
45183,12159
45183,69059
45183,32451
45183,91371
45183,91511
45183,113470
45183,99191
45183,32495
45183,73927
45185,107652
45185,73077
45185,118670
45185,131917
45185,116505
45185,103174
45185,132210
45185,101520
45185,95604
45185,51178
45185,3724
45185,57169
45185,73145
45185,87652
45185,34221
45185,37540
45185,19157
45185,96808
45185,94988
45185,19836
45185,135028
45185,63417
45185,75972
45185,20022
45185,42983
45185,52703
45185,75890
45185,31038
45186,46733
45186,65347
45186,2383
45186,68522
45186,116957
45186,62809
45186,102175
45186,107226
45186,23381
45186,110917
45187,73338
45187,97353
45187,79085
45187,51631
45187,56626
45187,92448
45187,139567
45187,46187
45187,79873
45187,38672
45188,92090
45188,14960
45188,7898
45188,59962
45188,139952
45188,122649
45188,117430
45188,16029
45188,45693
45188,8917
45188,120238
45188,135071
45188,33130
45188,72873
45188,31135
45188,86188
45188,99025
45188,96974
45188,15073
45188,139978
45188,59508
45188,110258
45188,37790
45188,8508
45188,20937
45188,53304
45188,44421
45188,88908
45188,25887
45188,13934
45188,110830
45188,15608
45188,55059
45189,83984
45189,53368
45189,77015
45189,103557
45189,123553
45189,72537
45189,100313
45189,109432
45189,55570
45189,64431
45189,86396
45189,36664
45189,64504
45189,125885
45190,124342
45190,137997
45190,131892
45190,70177
45190,104517
45190,90845
45190,77089
45190,21018
45190,35223
45190,116942
45190,37818
45190,14082
45190,77914
45190,40279
45190,60846
45190,114932
45190,59781
45190,38419
45190,24545
45190,49656
45190,134154
45190,94455
45190,90809
45190,68420
45190,26248
45190,125083
45190,122112
45190,46274
45190,117294
45190,59657
45190,77795
45190,60468
45193,105534
45193,36289
45193,131958
45193,111752
45193,38164
45193,100293
45193,59354
45193,20087
45193,42906
45193,140551
45193,117870
45193,139966
45193,128632
45193,139847
45193,12197
45193,52139
45193,18785
45193,102209
45193,18552
45193,121162
45193,138205
45193,62152
45193,113035
45193,138371
45193,19931
45193,98714
45193,132972
45193,45875
45193,122895
45193,50432
45193,55450
45193,130541
45194,85141
45194,4047
45194,73982
45194,72292
45194,45313
45194,112085
45194,89016
45194,5733
45194,77845
45194,11473
45194,58077
45194,117469
45194,134989
45194,35973
45194,132196
45194,139723
45194,140145
45194,14331
45194,28183
45194,47737
45194,39717
45194,107212
45194,76209
45194,114847
45194,99347
45194,33570
45194,12001
45194,72516
45194,137994
45194,71438
45194,72679
45194,67388
45194,48572
45195,34668
45195,126103
45195,50912
45195,50787
45195,121076
45195,63794
45195,136259
45195,57548
45195,67367
45195,82891
45195,62593
45195,21469
45195,117391
45195,109544
45195,136686
45195,13297
45195,62447
45195,83440
45195,5325
45195,98447
45195,105300
45195,428
45195,134296
45195,27040
45195,110402
45195,41001
45195,15174
45195,12082
45195,95250
45195,26548
45195,84322
45195,68723
45195,17345
45198,140304
45198,121275
45198,115562
45198,51555
45198,28943
45198,48512
45198,2899
45198,51653
45198,82051
45198,128677
45198,114177
45198,21805
45198,88023
45198,74482
45198,105565
45198,31814
45198,25223
45198,98900
45198,58015
45198,63098
45198,31381
45198,54476
45198,43605
45198,100473
45198,34966
45198,85323
45198,125859
45198,12507
45198,25222
45198,78171
45198,55158
45200,60174
45200,98185
45200,63106
45200,71988
45200,119300
45200,134534
45200,17726
45200,61764
45200,133989
45200,26737
45200,96068
45200,100793
45200,135131
45200,79685
45200,101779
45200,12998
45200,42746
45200,39301
45200,138179
45200,34854
45200,116636
45200,12692
45200,70578
45200,108493
45200,77440
45200,36877
45200,74861
45200,44741
45200,133151
45200,92364
45200,120221
45200,97992
45200,37937
45201,101880
45201,46370
45201,103888
45201,91499
45201,33801
45202,92814
45202,73250
45202,109676
45202,16781
45202,80203
45202,131319
45202,140531
45202,133164
45202,607
45202,74065
45202,100679
45202,44574
45202,94995
45202,121181
45203,135737
45203,73473
45203,28846
45203,98463
45203,112583
45203,379
45203,106828
45203,4596
45203,70452
45203,65960
45203,17210
45203,109743
45203,90640
45203,4158
45203,117552
45203,18794
45203,3851
45204,2158
45204,73871
45204,68580
45204,95527
45204,48248
45204,23359
45204,43900
45204,21591
45204,6150
45204,88961
45204,86054
45204,46331
45204,105083
45205,89984
45205,33301
45205,12482
45205,138981
45205,3926
45205,16514
45205,91821
45205,9434
45205,120939
45205,94304
45205,5028
45205,131819
45205,137317
45205,118285
45205,110347
45205,132514
45205,26838
45205,55930
45205,64319
45205,138694
45205,124005
45205,130706
45205,685
45205,48034
45205,46843
45205,103071
45205,118290
45205,112494
45205,33400
45205,20119
45205,19117
45205,127708
45206,73333
45206,94209
45206,64165
45206,124202
45206,130803
45206,33574
45206,101443
45206,6585
45207,133511
45207,9754
45207,97561
45207,138063
45207,129133
45207,97548
45207,104456
45207,114185
45207,49258
45208,47427
45208,123055
45208,87171
45208,35556
45208,81352
45208,50303
45208,23982
45208,69539
45208,13221
45208,114442
45208,66733
45208,27595
45208,43978
45208,128481
45208,104927
45208,136658
45208,116668
45208,119017
45208,48922
45208,119806
45208,78911
45208,100267
45208,56136
45208,54022
45208,49905
45208,138447
45208,67505
45208,126555
45208,22457
45208,2336
45208,100328
45209,79762
45209,105809
45209,126139
45209,125401
45209,18389
45209,101577
45209,74015
45209,49875
45209,100060
45209,11401
45209,60962
45210,62314
45210,91636
45210,13097
45210,104494
45210,43719
45210,104061
45210,103699
45210,103074
45210,43558
45210,125176
45210,17714
45210,136399
45210,96957
45210,124020
45210,24723
45210,124993
45210,5119
45210,28603
45210,51588
45210,30231
45210,128570
45210,75830
45210,129484
45210,91068
45210,119196
45210,40702
45210,94124
45210,69896
45215,78237
45215,123524
45215,32226
45215,94902
45215,20036
45215,75016
45215,64072
45215,111848
45215,135730
45215,61899
45215,91099
45215,76146
45215,129778
45215,53198
45215,98021
45215,107599
45215,47299
45216,133720
45216,137185
45216,110810
45216,44432
45216,69406
45216,27127
45216,74036
45216,80820
45216,79124
45216,107429
45216,46994
45216,47322
45216,100864
45216,113365
45216,118211
45216,106505
45216,121295
45216,94734
45216,129374
45216,95588
45216,51603
45216,48318
45216,113550
45216,27481
45216,14349
45216,4500
45216,15660
45216,5577
45216,35083
45216,113367
45216,120345
45216,132401
45217,81280
45217,134175
45217,20653
45217,10143
45217,64082
45217,6504
45217,121945
45217,137310
45217,66626
45217,43936
45217,136368
45217,22625
45217,75933
45217,5601
45217,26275
45217,41331
45217,37254
45217,125435
45217,120544
45217,104955
45217,73590
45217,26805
45217,62923
45217,119964
45217,28382
45217,79945
45217,65417
45217,94868
45217,47357
45217,102004
45217,113204
45217,88402
45222,111620
45222,5376
45222,3834
45222,103223
45222,97064
45222,133285
45222,24482
45222,130955
45222,77018
45222,15629
45222,327
45222,99101
45223,123487
45223,120963
45223,30762
45223,99726
45223,130141
45223,94203
45223,19438
45223,133379
45223,71822
45223,113818
45223,25370
45223,105585
45223,56911
45223,5355
45223,110269
45223,8983
45223,59097
45223,81879
45223,90078
45223,136247
45223,100206
45223,118353
45223,135274
45223,27357
45223,93058
45223,95108
45223,34807
45223,12162
45223,53931
45223,47616
45223,37813
45223,125278
45224,33159
45224,77454
45224,107000
45224,38711
45224,74300
45224,29970
45224,12348
45224,44553
45224,125187
45224,59821
45224,8607
45224,125792
45224,94503
45224,94974
45224,47557
45224,33490
45227,140006
45227,12785
45227,97986
45227,97054
45227,24168
45227,123264
45227,113788
45227,52527
45227,70999
45227,57196
45227,58163
45227,48019
45227,8085
45227,106764
45227,92211
45227,32624
45227,116041
45227,65218
45227,69371
45227,27230
45227,41366
45227,133275
45227,34790
45227,126012
45227,63494
45227,90694
45227,59782
45227,120787
45227,11974
45227,68363
45227,28865
45227,108827
45227,39004
45229,93133
45229,102764
45229,28423
45229,106596
45229,12621
45229,115869
45229,98461
45229,68184
45230,101175
45230,89956
45230,33524
45230,98430
45230,77961
45230,128134
45230,94913
45230,108397
45230,30193
45230,113015
45230,12660
45230,125854
45230,23470
45230,74139
45230,122680
45230,93859
45230,81129
45230,69531
45230,64846
45230,62114
45230,61321
45230,41978
45230,28630
45230,87103
45230,80010
45230,99425
45230,16617
45230,99031
45230,104778
45230,133385
45230,42437
45230,39131
45233,20430
45233,63105
45233,69184
45233,60144
45233,57170
45233,66750
45233,93974
45233,133689
45233,46501
45233,8864
45233,131493
45233,25159
45233,14480
45233,5322
45233,59721
45233,133943
45233,35679
45233,67964
45233,81542
45233,7541
45233,15390
45233,67477
45233,4503
45233,23190
45233,24041
45233,34151
45233,78647
45233,128090
45233,75205
45233,135904
45233,53274
45233,131352
45233,135437
45234,125045
45234,19775
45234,34609
45234,65175
45234,111387
45234,66104
45234,23577
45234,46562
45234,38911
45234,94048
45234,599
45234,39817
45234,60387
45234,47408
45234,64067
45234,27476
45234,68588
45234,66042
45234,71000
45234,121004
45234,112980
45234,89023
45234,56074
45234,130738
45234,107780
45234,121213
45234,25439
45234,85540
45234,74975
45234,132761
45234,7189
45234,84425
45240,81100
45240,24369
45240,11235
45240,107762
45240,62027
45240,52439
45240,26327
45240,130930
45240,115468
45240,54665
45240,74426
45240,10134
45240,67989
45240,77829
45240,101621
45240,65556
45240,114741
45240,67212
45240,82295
45240,95102
45240,126527
45240,70684
45240,83482
45240,87036
45240,79042
45240,75452
45240,118300
45240,29565
45240,118002
45240,9086
45240,77908
45240,126350
45240,115451
45240,63255
45243,45792
45243,81370
45243,23275
45243,62165
45243,101864
45243,21426
45243,93088
45243,52679
45243,67833
45243,28431
45243,132060
45243,66891
45243,72280
45243,45390
45243,110948
45243,5610
45243,133268
45243,117381
45243,54089
45243,90038
45243,116868
45243,60667
45243,95169
45243,40108
45243,111056
45243,78771
45243,48432
45243,102615
45243,118319
45243,79139
45243,63651
45244,55669
45244,51236
45244,6578
45244,88386
45244,28665
45244,56330
45244,59497
45244,75747
45244,118445
45244,136805
45244,19605
45244,82237
45244,109958
45244,89232
45244,117742
45244,100703
45244,128839
45244,62030
45244,100892
45246,20592
45246,4875
45246,105408
45246,122621
45246,73173
45246,46809
45246,77360
45246,98862
45246,1546
45246,41347
45246,111464
45246,82927
45246,74754
45246,24685
45246,1707
45246,36871
45246,68923
45246,110205
45246,120497
45246,27911
45246,46506
45246,47786
45246,130807
45246,5002
45246,44419
45246,86639
45246,16367
45246,135537
45246,448
45246,63266
45246,91919
45246,64569
45247,75209
45247,48996
45247,90192
45247,25517
45247,140761
45247,47888
45247,98108
45247,40871
45247,49117
45247,126954
45247,36904
45247,102487
45247,19524
45247,49129
45247,13370
45247,32941
45247,79783
45247,107806
45247,132291
45247,101261
45247,7123
45247,34109
45247,74999
45247,109732
45247,117904
45247,120551
45247,131292
45247,26122
45247,52736
45247,48974
45247,117566
45247,32103
45247,94165
45248,52527
45248,48019
45248,113788
45248,70999
45248,16118
45248,12785
45248,97054
45248,126012
45248,128588
45248,57196
45248,92211
45248,24168
45248,123264
45248,63494
45248,41366
45248,15223
45248,27230
45248,133275
45248,34790
45248,109222
45248,90694
45248,69371
45248,68363
45248,137855
45248,58163
45248,11974
45248,65218
45248,116041
45248,116060
45248,108827
45248,103307
45248,39004
45250,89855
45250,66000
45250,123464
45250,79827
45250,18778
45250,82676
45250,87298
45250,111245
45250,111045
45250,8146
45250,133003
45250,137458
45250,59318
45250,126700
45250,51303
45250,118167
45250,133007
45250,115281
45250,62941
45250,93605
45250,134158
45250,116984
45250,82391
45250,62257
45250,134971
45250,115452
45250,5327
45250,71048
45250,123077
45250,56538
45250,79888
45251,138559
45251,42087
45251,65418
45251,40083
45251,96371
45251,116308
45251,36580
45251,112261
45251,87760
45251,19538
45251,97625
45251,96329
45251,29517
45251,129983
45251,125042
45251,43777
45251,126951
45251,21398
45251,61330
45251,77004
45251,86912
45251,96039
45251,42047
45251,5651
45251,68553
45251,73262
45251,26127
45251,77247
45251,53387
45251,11683
45251,15151
45251,3456
45251,19472
45252,103369
45252,22756
45252,27669
45252,10250
45252,35397
45252,119302
45252,125655
45252,67150
45252,33805
45252,6435
45252,90151
45252,39137
45252,136220
45252,30630
45252,13580
45252,134607
45252,73738
45252,73078
45252,116361
45252,11486
45252,32491
45252,45354
45252,13252
45252,36466
45252,63511
45252,41497
45252,83293
45252,66444
45252,4302
45252,88969
45252,106600
45252,46139
45253,98466
45253,81062
45253,65773
45253,90178
45253,116485
45253,129971
45253,46335
45253,28711
45253,104046
45253,17574
45253,17422
45254,29254
45254,92780
45254,114568
45254,134573
45254,63515
45254,131653
45254,13959
45254,21322
45254,62119
45254,67566
45254,66822
45254,124001
45254,6013
45254,48968
45254,57187
45254,60402
45254,1446
45254,40207
45254,126903
45254,85113
45254,32520
45254,11070
45254,77850
45254,38764
45254,115217
45254,68288
45254,62025
45254,57761
45254,124435
45254,2931
45254,43330
45255,77609
45255,128141
45255,78332
45255,114871
45255,120617
45255,106915
45255,25274
45255,61620
45255,10707
45255,38312
45255,51249
45255,14850
45255,132583
45255,114694
45255,83004
45255,120483
45255,59551
45255,66605
45255,59351
45255,44343
45255,40322
45255,22989
45255,106333
45255,121628
45255,7657
45255,48443
45255,84292
45255,122419
45255,101713
45255,78850
45255,17233
45255,73075
45255,64329
45259,92823
45259,1484
45259,11732
45259,102067
45259,15444
45259,46061
45259,98682
45259,79884
45259,117423
45259,3458
45259,70339
45259,129110
45259,12461
45260,32933
45260,19143
45260,133887
45260,3247
45260,35195
45260,52234
45260,106035
45260,51256
45260,736
45260,22677
45260,50471
45260,101512
45260,59810
45260,99462
45260,32504
45260,46432
45260,40621
45260,12012
45260,1392
45260,34836
45260,115157
45260,81001
45260,53998
45260,106423
45260,58180
45260,40592
45260,73799
45260,39644
45260,52378
45260,74735
45260,2337
45262,95182
45262,22013
45262,42011
45262,59322
45262,62237
45262,55050
45262,88316
45262,72189
45262,7011
45262,25236
45262,31486
45262,38837
45262,12357
45262,110189
45262,113761
45262,27142
45262,130173
45262,37304
45262,79235
45262,43657
45262,62726
45262,102874
45262,25985
45262,8797
45262,39329
45262,67724
45262,90836
45262,97386
45262,31166
45262,77411
45262,14530
45266,87602
45266,122109
45266,99143
45266,2493
45266,32971
45266,94254
45266,95197
45266,126760
45266,100531
45266,6226
45266,43927
45266,110079
45266,61875
45266,108259
45266,86771
45266,133650
45266,71042
45266,75111
45266,58512
45266,36421
45266,80939
45266,53288
45266,88782
45266,34409
45266,66931
45266,3847
45266,67591
45266,109588
45266,96997
45266,54002
45266,34183
45266,31051
45266,22929
45266,136105
45267,114864
45267,122600
45267,123045
45267,78100
45267,23734
45267,121942
45267,27308
45267,105381
45267,6981
45267,75619
45267,93590
45267,41649
45267,56995
45267,53391
45267,12562
45267,71135
45267,38293
45267,60348
45268,45803
45268,16823
45268,18954
45268,20197
45268,11492
45268,31084
45268,108752
45268,53907
45268,77708
45268,111241
45268,39109
45268,46223
45268,102248
45268,67428
45268,21533
45268,58835
45268,25020
45268,112359
45268,20084
45268,18034
45268,77897
45268,16534
45268,121333
45268,13323
45268,109065
45268,13901
45268,78448
45268,80045
45268,7793
45268,101313
45268,121962
45268,33012
45268,55749
45270,100748
45270,80832
45270,21339
45270,131066
45270,106647
45270,113208
45270,109612
45270,86021
45270,77772
45270,120519
45270,51514
45270,46411
45270,122757
45270,119302
45270,110759
45270,105139
45270,136220
45270,95300
45270,6336
45270,30630
45270,130840
45270,49899
45270,41421
45270,39137
45270,116793
45270,37394
45270,35749
45270,62587
45270,36650
45270,91150
45270,39576
45270,42389
45270,135063
45271,81953
45271,8889
45271,62227
45271,114345
45271,137804
45271,56163
45271,120892
45271,10888
45271,94958
45271,71457
45271,108497
45271,75618
45271,53182
45271,15595
45271,42709
45271,72666
45271,96686
45271,8811
45271,96812
45271,77403
45271,34799
45271,102491
45271,15244
45271,89862
45271,14890
45271,32763
45271,37377
45271,8809
45271,84361
45273,81489
45273,106196
45273,11294
45273,403
45273,81760
45273,2632
45273,72841
45273,21835
45273,14173
45273,7627
45273,87595
45273,82074
45273,64004
45273,20745
45273,38168
45273,132991
45273,87362
45273,26274
45273,123355
45273,362
45274,15251
45274,78200
45274,25511
45274,54833
45274,51885
45274,103898
45274,86375
45275,126567
45275,80377
45275,93357
45275,102347
45275,102969
45275,131865
45275,31123
45275,76754
45275,128018
45275,114196
45275,99489
45275,98884
45275,18026
45275,130028
45275,23027
45275,39592
45275,93051
45275,114399
45275,79246
45275,2323
45275,62395
45275,18774
45275,81090
45275,26748
45275,118429
45275,79749
45275,57594
45275,1110
45275,26203
45275,79014
45275,8729
45275,39933
45275,39393
45275,32919
45276,116505
45276,118670
45276,135028
45276,73077
45276,80545
45276,119794
45276,106307
45276,53883
45276,51178
45276,124043
45276,73145
45276,101520
45276,87652
45276,52703
45276,33828
45276,34221
45276,19157
45276,28132
45276,63417
45276,123898
45276,20022
45276,75972
45276,61011
45276,138745
45276,129263
45276,16325
45276,5700
45276,56697
45276,128272
45276,118206
45276,37330
45276,56908
45278,27223
45278,114485
45278,37250
45278,31258
45278,28735
45278,45540
45278,17625
45278,63064
45278,67901
45278,128572
45278,57706
45278,104583
45278,40637
45278,84039
45278,16931
45278,56719
45278,66167
45278,104128
45278,132396
45278,108905
45278,107215
45278,2519
45278,62199
45278,89920
45278,135309
45278,47976
45278,78801
45278,28595
45279,90769
45279,27730
45279,35615
45279,42773
45279,139881
45279,1221
45279,125297
45279,29682
45279,50482
45279,1729
45279,89106
45279,72590
45279,70070
45279,57709
45279,8349
45279,65924
45279,106834
45279,48268
45279,4170
45279,84705
45279,10064
45279,36733
45279,90478
45279,124150
45279,130430
45279,72640
45279,68468
45279,90605
45279,133947
45279,58508
45279,105963
45279,128692
45286,33934
45286,35251
45286,23097
45286,60548
45286,90880
45286,97726
45286,51415
45286,26451
45286,8001
45286,43213
45286,598
45286,97878
45286,48625
45286,33332
45286,64449
45286,37849
45286,117844
45286,61820
45286,106019
45286,120593
45286,136248
45286,119274
45286,51030
45286,106016
45286,61874
45286,44442
45286,128564
45286,16060
45286,124575
45286,130926
45286,23921
45286,39573
45287,83279
45287,7276
45287,109309
45287,112428
45287,75268
45287,100585
45287,38658
45287,90081
45287,38058
45287,13519
45287,67545
45287,42853
45287,5156
45287,74578
45287,56658
45287,51559
45287,50554
45287,39503
45287,38382
45287,36441
45287,32834
45287,15630
45287,13139
45287,11957
45287,135763
45287,32031
45287,83831
45287,77974
45287,93872
45287,31768
45287,60463
45287,77166
45288,17414
45288,63022
45288,56285
45288,21660
45288,119013
45288,61585
45288,49989
45288,57362
45288,26333
45288,84816
45288,84795
45288,136530
45288,116997
45288,118013
45288,85937
45288,90591
45288,91399
45288,23209
45288,132654
45288,21457
45288,66363
45288,88790
45288,124635
45288,132106
45288,11339
45288,122526
45288,6755
45288,105171
45288,8535
45288,88794
45288,23751
45288,57498
45288,71787
45289,101032
45289,101380
45289,25500
45289,99890
45289,109024
45289,134719
45289,72735
45289,100339
45290,118655
45290,34214
45290,79740
45290,14536
45290,89695
45290,98862
45290,21419
45290,120851
45290,36427
45290,110940
45290,69154
45290,30950
45290,96761
45290,73173
45290,17633
45290,24685
45290,36871
45290,63916
45290,7051
45290,25070
45290,46506
45290,135779
45290,14878
45290,31643
45290,47744
45290,32112
45290,138550
45290,10566
45290,108824
45290,57945
45290,51066
45290,83834
45294,46424
45294,111568
45294,80665
45294,111063
45294,70864
45294,91020
45294,53474
45294,31492
45294,99630
45294,67024
45294,12729
45294,78265
45294,39571
45294,6277
45294,69783
45294,54971
45294,7277
45294,136824
45294,52817
45294,84175
45294,65832
45294,61002
45294,119935
45295,28003
45295,95420
45295,122777
45295,21277
45295,26764
45295,91563
45295,85213
45295,107701
45295,18207
45295,60123
45295,89843
45295,65069
45295,85360
45298,60085
45298,80213
45298,50538
45298,138055
45298,124639
45298,72317
45298,41183
45298,95887
45298,39121
45298,95871
45298,37542
45298,46955
45298,25726
45298,52051
45298,5561
45298,17088
45298,92238
45298,99428
45298,106836
45298,77221
45298,2544
45299,120066
45299,100417
45299,72491
45299,59449
45299,721
45299,61636
45299,115101
45299,71369
45299,119866
45299,62876
45299,47656
45299,11070
45299,35478
45299,130912
45299,65062
45299,139415
45299,52386
45299,97092
45299,47554
45299,105311
45299,110191
45299,117413
45299,135607
45299,33210
45299,33710
45299,135125
45299,132020
45299,77067
45299,2439
45301,107454
45301,50013
45301,72222
45301,27145
45301,22543
45303,67359
45303,106887
45303,97483
45303,17315
45303,95611
45303,85413
45303,51600
45303,77638
45303,49832
45303,41087
45303,74798
45303,18739
45303,84891
45303,82721
45303,120157
45303,31045
45303,34975
45303,18378
45303,75545
45303,136351
45303,105852
45303,52020
45303,83950
45303,84722
45303,64284
45303,121115
45303,36648
45303,82124
45304,100569
45304,78353
45304,79008
45304,5571
45304,103701
45304,111812
45304,80137
45304,93867
45304,125850
45304,100665
45304,61402
45304,46767
45304,21591
45304,88685
45304,130144
45304,128566
45304,111900
45304,13661
45304,86054
45304,34569
45304,130455
45304,100626
45304,45956
45304,67234
45304,19397
45304,113386
45304,34088
45304,93002
45304,20956
45304,23587
45304,113456
45305,3782
45305,68067
45305,139016
45305,16993
45305,89906
45305,106115
45305,133666
45305,3835
45305,76684
45305,24205
45305,60747
45305,88681
45305,8186
45305,86541
45305,90533
45305,129943
45305,122391
45305,88330
45305,59456
45305,116625
45305,21717
45305,81883
45305,107677
45305,844
45305,104973
45305,67011
45305,44927
45305,84033
45305,64411
45305,72249
45305,89863
45305,55845
45306,30179
45306,110435
45306,107194
45306,92402
45306,27798
45306,48330
45306,98094
45306,59462
45306,138628
45306,53853
45306,89665
45306,12250
45306,139945
45306,3234
45306,65529
45306,26263
45306,65972
45306,47370
45306,134908
45306,77869
45306,63666
45306,73371
45306,92450
45306,109017
45306,28643
45306,64640
45306,222
45306,24552
45308,127702
45308,101526
45308,54460
45308,63186
45308,11348
45308,29325
45308,139178
45308,123891
45308,5636
45308,111280
45310,52547
45310,72784
45310,29314
45310,123284
45310,9142
45314,93220
45314,121500
45314,21806
45314,93881
45314,77199
45314,125144
45314,30222
45314,10831
45314,114105
45314,20167
45314,121161
45314,24977
45314,37026
45314,107120
45314,40278
45316,90879
45316,62883
45316,121285
45316,120561
45316,3674
45317,132061
45317,55011
45317,104526
45317,9813
45317,75562
45317,138900
45317,640
45317,112870
45317,57986
45317,136720
45317,10438
45317,83001
45317,100401
45317,111830
45317,15887
45317,65332
45317,26052
45317,40222
45317,30330
45317,14005
45317,127818
45317,40027
45317,96994
45317,102366
45317,9128
45317,27982
45317,78814
45317,25464
45317,149
45317,15705
45317,132669
45317,134568
45321,95914
45321,138908
45321,94839
45321,51980
45321,60746
45321,25074
45321,15030
45321,1397
45321,16736
45321,108407
45321,139656
45321,50009
45321,17234
45321,115525
45321,46951
45321,75809
45321,85978
45321,50880
45321,9440
45321,107263
45321,138172
45321,23819
45321,13208
45321,97963
45321,97244
45321,105270
45321,111110
45322,137648
45322,90679
45322,28614
45322,62826
45322,126163
45322,73017
45322,87255
45322,62148
45322,13279
45322,32317
45322,3803
45322,44338
45322,131896
45322,102998
45324,16841
45324,132864
45324,7912
45324,54596
45324,98543
45324,26662
45324,90737
45324,6778
45324,3244
45324,95432
45324,95195
45324,89292
45324,62512
45324,123327
45324,39970
45324,66305
45324,3862
45324,37464
45324,51844
45324,123759
45324,80807
45324,47489
45324,19022
45324,52924
45324,128851
45324,67555
45327,28495
45327,95122
45327,70058
45327,116211
45327,13499
45327,77504
45327,116895
45327,26118
45327,83134
45327,9788
45327,8343
45327,64513
45327,72473
45327,63129
45327,14119
45327,15079
45327,139706
45327,92436
45327,59098
45327,86858
45327,80265
45327,105720
45327,28694
45327,57312
45327,131580
45327,64482
45327,119847
45327,44273
45327,119766
45327,106166
45327,138962
45327,26269
45327,118919
45329,121682
45329,112595
45329,3354
45329,83682
45329,21162
45329,72356
45329,124226
45329,136556
45329,116922
45329,43930
45329,11176
45329,109941
45329,1659
45329,2390
45329,133851
45329,136979
45329,88688
45329,66672
45329,18950
45329,31610
45329,74611
45329,13704
45329,125748
45329,44758
45329,56216
45329,15982
45329,1440
45329,124013
45329,22391
45330,137997
45330,38419
45330,21018
45330,24545
45330,131892
45330,124342
45330,90845
45330,77089
45330,37818
45330,70177
45330,116942
45330,104517
45330,78500
45330,59781
45330,122112
45330,77914
45330,60846
45330,114932
45330,35223
45330,14082
45330,26248
45330,49656
45330,134154
45330,90809
45330,94455
45330,46274
45330,68420
45330,77795
45330,125083
45330,60468
45330,40279
45330,29633
45330,59657
45330,117294
45331,28322
45331,117915
45331,131395
45331,125136
45331,112510
45331,77326
45331,132869
45331,69458
45331,140636
45331,27194
45331,79900
45331,66289
45331,105783
45331,120316
45331,58262
45331,116682
45331,104391
45331,68170
45331,45838
45331,45035
45331,52656
45331,49309
45331,107307
45331,49950
45331,132203
45332,135468
45332,31723
45332,12611
45332,30478
45332,26761
45332,128355
45332,39271
45332,107222
45332,55957
45332,57454
45332,10503
45332,89883
45332,71516
45332,113233
45332,32530
45332,73413
45332,102096
45332,36779
45332,115600
45332,19873
45332,61246
45332,113336
45332,37006
45332,13456
45332,58716
45332,51153
45332,129448
45332,28451
45332,7617
45332,80479
45332,107347
45333,9987
45333,106304
45333,45882
45333,80930
45333,9456
45333,69107
45333,45604
45333,90312
45333,33083
45333,80778
45333,34728
45333,109958
45333,107174
45333,109237
45333,131932
45333,75747
45333,56330
45333,61015
45333,125299
45333,10552
45333,118366
45333,103663
45333,123948
45333,110977
45333,8243
45333,78675
45333,119942
45333,43456
45333,6271
45333,100703
45333,66858
45333,102144
45333,82328
45334,121070
45334,94524
45334,71786
45334,134764
45334,20392
45334,75847
45334,108877
45334,96873
45334,70657
45334,123103
45334,102242
45334,10898
45334,101421
45334,52524
45334,59814
45334,2707
45334,113670
45334,33430
45334,37966
45334,56251
45334,35750
45334,137476
45334,98895
45334,48107
45334,75943
45334,108271
45335,45748
45335,102633
45335,94239
45335,98428
45335,55092
45336,4548
45336,105227
45336,57978
45336,54865
45336,18300
45336,96000
45336,58155
45336,113298
45338,119794
45338,118670
45338,107652
45338,73077
45338,131917
45338,116505
45338,80545
45338,103174
45338,101520
45338,95604
45338,61011
45338,34221
45338,73145
45338,132210
45338,135028
45338,51178
45338,53883
45338,63417
45338,19836
45338,57169
45338,20022
45338,87652
45338,56573
45338,19157
45338,53916
45338,16325
45338,124043
45338,106307
45338,42983
45338,118206
45338,28132
45338,73481
45341,119648
45341,134820
45341,48120
45341,55760
45341,74359
45341,106378
45341,138294
45341,95279
45341,123243
45341,140287
45341,4554
45341,57737
45341,27975
45341,127891
45341,116567
45341,6760
45341,2135
45341,12230
45342,102460
45342,94226
45342,39674
45342,128053
45342,47327
45342,27854
45342,96145
45342,33882
45343,76901
45343,44743
45343,134210
45343,60590
45343,85724
45343,60048
45343,110105
45343,91497
45343,41779
45343,101024
45343,63140
45343,102498
45343,50298
45343,70218
45343,100009
45343,96163
45343,98098
45343,7611
45343,133243
45343,75671
45343,102731
45343,40058
45344,67319
45344,106976
45344,101604
45344,442
45344,58039
45346,121781
45346,4191
45346,71076
45346,17789
45346,64653
45349,136644
45349,70042
45349,16363
45349,2061
45349,69737
45351,95076
45351,21243
45351,101461
45351,75484
45351,98577
45351,86398
45351,44111
45351,22529
45351,48520
45351,112417
45351,58684
45351,82845
45351,134555
45351,8834
45351,59422
45351,25253
45351,74908
45351,60108
45351,105928
45351,14565
45351,126876
45351,95723
45351,122339
45351,52148
45351,89750
45351,109439
45351,99380
45351,120367
45351,23987
45351,94336
45351,81571
45351,49062
45351,95832
45353,90688
45353,113826
45353,33793
45353,63325
45353,26929
45353,117852
45353,14903
45353,24742
45353,22523
45353,11129
45353,71767
45353,44219
45353,134753
45353,119444
45353,17928
45353,30270
45353,93301
45353,120678
45353,41843
45353,96905
45353,120850
45353,28122
45353,107420
45353,105467
45353,112188
45353,12442
45353,20832
45353,31772
45353,26040
45353,47167
45353,132926
45353,64316
45353,68977
45354,57519
45354,101698
45354,61566
45354,64895
45354,3511
45354,4882
45354,76520
45354,79903
45354,128778
45354,123057
45354,117601
45354,95769
45354,85906
45354,131911
45354,58463
45354,137406
45354,130958
45354,69214
45354,31308
45354,3571
45354,37510
45354,114767
45354,78073
45354,44289
45354,85138
45354,100761
45354,39251
45354,22134
45354,120900
45354,71837
45354,107024
45355,112655
45355,4944
45355,12242
45355,93910
45355,35683
45355,85228
45355,50562
45356,117266
45356,129398
45356,10958
45356,43781
45356,110379
45356,54593
45356,34129
45356,18311
45356,78074
45356,25828
45356,59720
45356,35796
45356,77040
45356,65180
45356,80992
45356,79610
45356,57599
45356,123573
45356,128007
45356,6618
45356,19599
45356,11747
45356,108569
45356,73043
45356,99678
45356,126620
45356,60258
45356,104491
45356,60787
45356,55632
45356,25152
45357,122413
45357,114441
45357,19078
45357,100274
45357,22750
45357,87318
45357,26086
45357,84828
45357,123331
45357,125789
45357,98178
45357,8942
45358,112514
45358,68473
45358,1146
45358,96927
45358,90019
45358,7484
45358,99004
45358,21265
45358,90889
45358,10596
45358,133806
45358,105109
45358,57133
45358,104200
45358,28692
45358,27310
45360,106304
45360,6578
45360,80930
45360,45882
45360,80778
45360,75747
45360,90312
45360,45604
45360,34728
45360,54906
45360,117972
45360,110346
45360,131608
45360,55669
45360,9456
45360,125002
45360,103663
45360,119942
45360,139764
45360,122377
45360,33083
45360,125299
45360,81767
45360,102144
45360,61015
45360,78675
45360,43456
45360,100703
45360,8243
45360,92078
45360,32788
45360,82328
45360,110657
45362,135551
45362,134686
45362,22471
45362,135487
45362,21443
45363,35251
45363,61820
45363,106019
45363,43213
45363,117844
45363,41034
45363,97878
45363,126713
45363,77218
45363,64449
45363,120593
45363,816
45363,126977
45363,18004
45363,17120
45363,29243
45363,32642
45363,33332
45363,45280
45363,75372
45363,56177
45363,111635
45363,16060
45363,51415
45363,90880
45363,26451
45364,29033
45364,21957
45364,34298
45364,81034
45364,80946
45364,75117
45364,72103
45364,42938
45364,77973
45364,87912
45364,41019
45364,81224
45364,116652
45364,50302
45364,98674
45364,119255
45364,72400
45364,24816
45364,61299
45364,37825
45364,80701
45364,12638
45364,64580
45364,112197
45364,84164
45364,74650
45364,76544
45364,69377
45364,40564
45364,86094
45364,85091
45364,101654
45364,103202
45364,72871
45365,123981
45365,74786
45365,95188
45365,86870
45365,71203
45365,39828
45365,47480
45365,81176
45365,98935
45365,58197
45365,28922
45365,18519
45365,8036
45365,134262
45365,79605
45365,15369
45365,96750
45365,4836
45365,104702
45365,55781
45365,85478
45365,49284
45365,112037
45365,105791
45365,68636
45365,99729
45365,43570
45365,94678
45365,71078
45365,20406
45365,78659
45366,62467
45366,69285
45366,8801
45366,112140
45366,45419
45366,134503
45366,50808
45366,23321
45366,39073
45366,66255
45366,87014
45366,3629
45366,42287
45366,16681
45366,17531
45366,73490
45366,36437
45366,66460
45366,48868
45366,66872
45366,49996
45366,9261
45366,23138
45366,66827
45366,85946
45366,18989
45366,98429
45366,123382
45366,89503
45366,118661
45366,77026
45366,55185
45366,33782
45367,115437
45367,61085
45367,51086
45367,139062
45367,84105
45367,139243
45367,135984
45367,10065
45367,111406
45367,41757
45367,73754
45367,44060
45367,40436
45367,100366
45367,98967
45367,21944
45367,124382
45367,67648
45367,123564
45367,104933
45367,93256
45367,108900
45367,48631
45367,98780
45367,68031
45367,91797
45367,79942
45369,50653
45369,18727
45369,117635
45369,93636
45369,88187
45369,16824
45369,138974
45369,57863
45369,77061
45369,4076
45369,29055
45369,3427
45369,711
45369,134248
45369,50199
45369,50438
45369,89638
45369,43441
45369,59989
45369,80919
45369,97907
45369,33982
45369,73241
45369,78875
45369,83343
45369,109964
45369,30277
45369,123810
45369,132979
45369,85861
45370,41325
45370,113553
45370,109632
45370,112510
45370,83173
45370,14496
45370,120052
45370,62404
45370,87756
45370,3126
45370,27109
45370,111783
45370,7182
45370,58232
45370,101170
45370,79900
45370,120316
45370,66289
45370,19942
45370,77291
45370,26506
45370,14994
45370,105288
45370,82791
45370,26755
45370,108598
45370,94444
45371,108530
45371,74711
45371,614
45371,119558
45371,60012
45371,22322
45371,45079
45371,61280
45371,87020
45371,65170
45371,102093
45371,72243
45371,24726
45371,137790
45371,52666
45371,96635
45371,139074
45371,61158
45371,15538
45371,47812
45371,34225
45371,95439
45371,36793
45371,64865
45371,24528
45371,114885
45371,12366
45371,61824
45371,134846
45371,128016
45373,132210
45373,135028
45373,107652
45373,118670
45373,80545
45373,116505
45373,119794
45373,53883
45373,103174
45373,101520
45373,33828
45373,34221
45373,73145
45373,124043
45373,46027
45373,106307
45373,131917
45373,63417
45373,73077
45373,51178
45373,19836
45373,75972
45373,20022
45373,75890
45373,61011
45373,19157
45373,37330
45373,16325
45373,53916
45373,28132
45373,123898
45373,118206
45374,132452
45374,98021
45374,45465
45374,135730
45374,67640
45374,138227
45374,129778
45374,82076
45374,63859
45374,113040
45374,110202
45374,70335
45374,16202
45374,64072
45374,78237
45374,76808
45374,4991
45374,33891
45374,8522
45374,38358
45374,128015
45374,107599
45374,37824
45374,17750
45374,61899
45374,7237
45374,60715
45374,48306
45374,121356
45374,99063
45374,66595
45374,131163
45374,132337
45375,63054
45375,130066
45375,88251
45375,38254
45375,54148
45375,110781
45376,3178
45376,122567
45376,105500
45376,123329
45376,32102
45376,11316
45376,106163
45376,54926
45376,97416
45376,56322
45376,63540
45376,16957
45376,79693
45376,86547
45376,138475
45376,129838
45376,140537
45376,139738
45376,89187
45376,42489
45376,139185
45376,81349
45376,83047
45376,10826
45376,100409
45376,112759
45376,86251
45376,69234
45376,79082
45376,5478
45379,137997
45379,124342
45379,37818
45379,104517
45379,77089
45379,116942
45379,38419
45379,21018
45379,114932
45379,134323
45379,40279
45379,60846
45379,134154
45379,24545
45379,131892
45379,70177
45379,59781
45379,14082
45379,35223
45379,26248
45379,125083
45379,90845
45379,78500
45379,59657
45379,77795
45379,60468
45379,49656
45379,90809
45379,68420
45379,94455
45379,46274
45379,117294
45379,122112
45380,77877
45380,15827
45380,95949
45380,4916
45380,138110
45380,137581
45380,7636
45380,50453
45380,79170
45380,41311
45380,109769
45380,26642
45380,38514
45380,129141
45380,121167
45380,85740
45380,66660
45380,132705
45380,66617
45380,64065
45380,25324
45380,3380
45380,110861
45380,102344
45380,68255
45380,4934
45380,58633
45380,44448
45380,57138
45380,116875
45380,97449
45380,53945
45380,9915
45381,112237
45381,65019
45381,140545
45381,23413
45381,134188
45381,93033
45381,78613
45381,92705
45381,30810
45381,99221
45381,94478
45381,59454
45381,28313
45381,121880
45381,24847
45381,91611
45381,116710
45381,109393
45381,91848
45381,42694
45381,36855
45381,16934
45381,50417
45381,138069
45381,27078
45381,93055
45381,31919
45381,40998
45381,57075
45381,99259
45381,48277
45384,121744
45384,4352
45384,90662
45384,76822
45384,130692
45384,27700
45384,140758
45384,81192
45384,89242
45384,11258
45384,40325
45384,40978
45384,136766
45385,137230
45385,93847
45385,127647
45385,19180
45385,84230
45385,18215
45385,134192
45385,15936
45385,57248
45385,2007
45385,40984
45385,40339
45385,129763
45385,96028
45385,14666
45385,77129
45385,73320
45385,49451
45385,114543
45385,118223
45385,48123
45385,53492
45385,132800
45386,6962
45386,113481
45386,13347
45386,11496
45386,44372
45386,104112
45386,78976
45386,110504
45386,17319
45386,137332
45386,22304
45386,123473
45386,3273
45386,84766
45386,78684
45386,136845
45386,133841
45386,137868
45386,9932
45386,122427
45386,69822
45386,82514
45386,33682
45386,52375
45386,45462
45386,84306
45386,93080
45386,42406
45386,88614
45386,87474
45386,28243
45387,33438
45387,84205
45387,72203
45387,12416
45387,138725
45387,10833
45387,72232
45389,26164
45389,135782
45389,2847
45389,54236
45389,72773
45389,117910
45389,100291
45389,49433
45389,41485
45389,112496
45389,90109
45389,47045
45389,57921
45389,75203
45389,71819
45389,35561
45389,114060
45389,15876
45389,87832
45389,2713
45389,127018
45389,109626
45389,13414
45389,76600
45389,45114
45390,35251
45390,51199
45390,64449
45390,106192
45390,106016
45390,97726
45390,120593
45390,43213
45390,106019
45390,125647
45390,136248
45390,60548
45390,46752
45390,130254
45390,93268
45390,598
45390,97878
45390,61820
45390,126977
45390,816
45390,116291
45390,130926
45390,119274
45390,88177
45390,73721
45390,51266
45390,83469
45390,124575
45390,127929
45390,23921
45390,61874
45390,51196
45391,35932
45391,29927
45391,72424
45391,59324
45391,128090
45391,68495
45391,95258
45391,22780
45391,97574
45391,66957
45391,112502
45391,88347
45391,77990
45391,23190
45391,131828
45391,111838
45391,138575
45391,52451
45391,5124
45391,55019
45391,92978
45391,3367
45391,38091
45391,118936
45391,92799
45391,78572
45391,112345
45391,1753
45391,125849
45391,66475
45391,6906
45391,103339
45392,42694
45392,88377
45392,80311
45392,8005
45392,28718
45392,84167
45392,47610
45392,54118
45392,68649
45392,69911
45392,118084
45392,94663
45392,100149
45392,99221
45392,117903
45392,102003
45392,3223
45392,30759
45392,80293
45392,115214
45392,135707
45392,20531
45392,94478
45392,63135
45392,121565
45392,93804
45392,62561
45392,49895
45392,132733
45392,1003
45392,32068
45394,139653
45394,88444
45394,42617
45394,19213
45394,4973
45394,12048
45394,11005
45394,46510
45394,102759
45394,30040
45394,96374
45394,24959
45394,123707
45394,129322
45394,12257
45394,122930
45394,87836
45394,32557
45394,16041
45394,126616
45394,95417
45394,75442
45394,124851
45394,62434
45394,96439
45394,61809
45394,65941
45394,53604
45394,98162
45394,50793
45394,2862
45395,60691
45395,54331
45395,89376
45395,4103
45395,50108
45395,57723
45395,41730
45395,45050
45395,99373
45396,12416
45396,72203
45396,72232
45396,80518
45396,84205
45396,129570
45396,4452
45396,33438
45396,68650
45396,10833
45396,100719
45396,27501
45401,68744
45401,30422
45401,123250
45401,87788
45401,85611
45401,109731
45401,7077
45401,81654
45401,39677
45404,39993
45404,109185
45404,22824
45404,75491
45404,83045
45404,137826
45404,65984
45404,83806
45404,130729
45404,11622
45404,85742
45404,110813
45404,139893
45404,85567
45404,83430
45404,97099
45404,49152
45404,3625
45404,89119
45404,118104
45404,127808
45404,58696
45404,71258
45404,46162
45404,56063
45404,129278
45404,81172
45404,27317
45404,11826
45404,134162
45404,37581
45405,136372
45405,91747
45405,72058
45405,56645
45405,42902
45405,137629
45405,58356
45405,7184
45406,20013
45406,15195
45406,52125
45406,83096
45406,23648
45406,8474
45406,93203
45406,92432
45406,92226
45406,99062
45406,46517
45406,116747
45406,99129
45406,55380
45406,31148
45406,5700
45406,1448
45406,103744
45406,15107
45406,103984
45406,10116
45406,86717
45406,73877
45406,88112
45406,87623
45406,58948
45406,128943
45406,19855
45406,59973
45406,96449
45406,16337
45406,21534
45406,85991
45412,23071
45412,37714
45412,132138
45412,137609
45412,56464
45412,122
45412,83954
45412,20978
45412,37843
45412,126245
45412,84730
45412,114389
45412,96423
45412,58932
45412,95885
45412,21722
45412,18501
45412,75478
45412,88383
45412,78822
45412,108955
45412,105584
45412,132436
45412,85471
45412,579
45412,134863
45412,47901
45412,24091
45412,80056
45412,46107
45413,100356
45413,71699
45413,110928
45413,40055
45413,77236
45413,50873
45413,84155
45413,10747
45413,8854
45413,114636
45413,120445
45413,9158
45413,88372
45413,15425
45413,93254
45413,106165
45413,129282
45413,37848
45413,50331
45413,140307
45413,103947
45413,110484
45413,39840
45414,107328
45414,32236
45414,31914
45414,87929
45414,52254
45414,135991
45414,4701
45414,64547
45414,58060
45414,107217
45414,17774
45414,80529
45414,133915
45414,126035
45414,77135
45414,58072
45414,140387
45414,87270
45414,136544
45414,4336
45414,85718
45414,17196
45414,140604
45414,127477
45414,136324
45414,121695
45414,131636
45414,3662
45414,66156
45414,95059
45414,69967
45416,40271
45416,116947
45416,65843
45416,26405
45416,71431
45416,59941
45416,119034
45416,88589
45416,700
45416,78234
45416,135609
45416,138546
45416,9688
45416,74337
45416,50939
45416,76434
45416,110112
45416,49432
45416,125276
45416,29623
45416,47810
45416,90952
45416,119705
45416,121061
45417,128711
45417,23418
45417,37697
45417,139010
45417,128036
45417,61877
45417,39493
45417,103284
45417,117501
45417,58041
45417,73865
45417,89326
45417,66207
45417,92809
45417,70572
45417,12518
45417,115888
45417,61656
45417,129399
45417,109192
45417,7350
45417,46260
45417,95966
45417,30250
45417,58982
45417,132701
45417,81226
45417,29897
45417,98352
45417,116079
45417,92410
45417,2746
45417,102297
45422,120197
45422,136594
45422,128431
45422,30539
45422,41120
45422,96344
45422,94435
45422,95740
45422,94095
45422,118046
45422,54721
45422,127911
45422,8511
45422,38093
45422,52332
45422,59285
45422,50517
45422,116284
45422,41890
45422,82782
45422,94746
45422,31868
45422,54201
45422,41824
45424,115779
45424,19731
45424,116416
45424,35245
45424,104087
45424,103937
45424,57997
45424,37429
45424,48090
45424,40629
45424,40974
45424,114230
45424,4610
45424,55688
45424,23697
45424,59779
45424,56417
45424,117976
45424,12875
45424,52681
45424,44497
45424,117177
45424,119952
45424,117667
45424,121071
45424,88345
45424,24996
45424,12248
45424,70568
45424,36029
45424,9253
45424,32243
45424,72684
45425,34095
45425,110129
45425,67296
45425,122444
45425,76377
45425,129344
45425,30537
45425,114125
45428,8754
45428,111451
45428,10205
45428,17322
45428,99555
45428,60860
45428,104397
45428,45216
45428,104851
45428,109953
45428,115861
45428,79356
45428,4148
45428,46737
45428,3064
45428,91528
45428,65672
45428,26974
45428,127367
45428,128760
45428,75560
45428,39140
45428,27988
45428,126728
45428,5083
45428,90084
45428,133029
45428,107915
45428,4656
45428,58740
45428,43386
45429,67337
45429,30445
45429,128363
45429,92321
45429,67296
45429,122444
45429,78891
45429,73415
45429,100774
45429,100905
45429,20612
45429,125562
45429,77861
45429,68919
45429,87327
45429,59705
45429,30537
45429,71205
45429,109349
45429,34007
45429,48276
45429,86887
45429,49470
45429,108756
45429,61339
45429,97346
45429,125424
45429,57871
45429,121153
45429,24465
45429,111158
45431,41562
45431,39094
45431,3723
45431,23726
45431,103941
45431,65765
45431,70677
45431,49561
45431,34931
45431,87352
45431,53037
45431,61533
45431,55765
45431,101384
45431,98691
45431,122896
45431,114169
45431,32187
45431,125758
45431,47171
45431,46833
45431,46248
45431,95779
45431,23140
45431,40234
45431,56862
45431,37513
45431,27436
45431,44925
45431,64446
45431,101475
45431,42968
45431,42176
45433,73630
45433,48126
45433,82583
45433,61973
45433,126647
45433,39721
45433,81909
45433,140521
45433,11362
45433,47144
45433,84719
45434,96518
45434,30989
45434,33838
45434,80468
45434,119317
45434,32316
45434,82449
45434,122115
45434,124193
45434,40483
45434,35436
45434,34593
45434,108585
45434,76483
45434,54213
45434,97150
45434,14165
45434,38553
45436,85089
45436,115831
45436,77723
45436,20433
45436,22007
45436,34160
45436,85163
45436,91021
45436,18418
45436,2980
45436,112059
45436,92634
45436,130456
45436,935
45436,50691
45436,17526
45436,55544
45436,115805
45436,120379
45436,105913
45436,17635
45436,6140
45436,76580
45436,122462
45436,83318
45436,97135
45436,106523
45436,35221
45436,89141
45436,86859
45436,126869
45436,135200
45436,57778
45436,3969
45436,131135
45437,6413
45437,100171
45437,74120
45437,109365
45437,123882
45437,10585
45437,95059
45437,10841
45437,11755
45437,63097
45437,74129
45437,84378
45437,95797
45437,111821
45437,14882
45437,92079
45437,58072
45437,90305
45437,28339
45437,134366
45437,48384
45437,140694
45437,2275
45437,84513
45437,109994
45437,101901
45437,33316
45437,65769
45437,52445
45437,113274
45437,28210
45437,65057
45438,125828
45438,46146
45438,135053
45438,42168
45438,129034
45438,16071
45438,38473
45438,134975
45438,6317
45438,91049
45438,120738
45438,4398
45438,6585
45438,90299
45438,83932
45438,95383
45439,115779
45439,97099
45439,12248
45439,46153
45439,29286
45439,117667
45439,21721
45439,111856
45439,35245
45439,23697
45439,109185
45439,55688
45439,46162
45439,11826
45439,44693
45439,18380
45439,3625
45439,32243
45439,121071
45439,56417
45439,34375
45439,135286
45439,4610
45439,119952
45439,103937
45439,32565
45439,32625
45439,72684
45439,88345
45439,110789
45439,49152
45439,9253
45439,130018
45441,9857
45441,101580
45441,65777
45441,2033
45441,85156
45441,134279
45441,128774
45441,13092
45441,108683
45441,81306
45441,13899
45441,2740
45441,132182
45441,86642
45441,120912
45441,7273
45441,21725
45441,77665
45441,120354
45441,25133
45441,54824
45441,55509
45441,12123
45441,59908
45441,91482
45441,74597
45441,49141
45441,29281
45441,128704
45441,29191
45441,687
45442,51748
45442,18949
45442,113818
45442,16565
45442,115288
45442,98233
45442,136247
45442,96129
45442,116165
45442,12148
45442,61540
45442,64863
45442,100217
45443,33083
45443,106304
45443,131608
45443,9987
45443,139764
45443,70521
45443,69107
45443,132104
45443,44737
45443,54906
45443,57181
45443,84802
45443,56330
45443,72057
45443,110346
45443,8243
45443,32788
45443,26357
45443,6271
45443,110977
45443,123948
45443,10552
45443,81767
45443,100892
45443,90439
45443,15716
45443,37733
45443,25168
45443,4297
45443,18107
45443,117742
45443,81762
45443,102144
45443,82328
45447,61775
45447,7898
45447,106121
45447,120238
45447,31135
45447,45693
45447,37790
45447,99025
45447,137327
45447,48233
45447,137782
45447,8508
45447,13934
45447,96038
45447,38981
45447,41004
45447,110258
45447,96974
45447,106226
45447,121696
45447,15073
45447,9029
45447,139952
45447,92090
45447,46320
45447,103982
45447,99545
45447,55059
45447,15608
45447,14411
45447,74251
45447,36718
45448,100991
45448,7342
45448,127217
45448,110136
45448,94425
45448,77883
45448,118183
45448,91783
45448,55367
45448,56061
45448,98386
45448,91334
45448,78192
45448,36978
45448,65579
45448,75090
45448,69944
45448,83580
45448,50927
45448,27242
45448,50671
45448,8278
45448,80773
45448,53002
45448,88610
45448,70656
45448,122532
45448,66151
45448,71290
45449,120853
45449,107530
45449,30421
45449,122811
45449,130023
45449,107365
45449,120945
45449,136211
45449,119987
45449,8468
45449,124564
45449,86903
45449,135973
45449,52162
45449,109158
45449,116752
45449,40838
45449,88343
45449,60735
45449,61947
45449,73164
45449,83068
45449,1425
45449,76667
45449,51951
45449,25506
45449,24729
45449,45541
45450,20798
45450,31459
45450,102503
45450,89529
45450,28636
45450,50653
45450,117792
45450,77071
45450,55247
45450,70987
45450,140013
45450,469
45450,124503
45450,66026
45450,134166
45450,65651
45450,43576
45450,86328
45450,111933
45450,18705
45450,27416
45450,132979
45450,36163
45450,54723
45450,73241
45450,78875
45450,83343
45450,91853
45450,123828
45450,86344
45450,85861
45450,62646
45451,21203
45451,119735
45451,6900
45451,128219
45451,51100
45451,124171
45451,125488
45451,81528
45451,72004
45451,11177
45451,50760
45451,100183
45451,116773
45451,78244
45451,63854
45451,1746
45451,111449
45451,65515
45451,62906
45451,32605
45451,93477
45451,48836
45451,137156
45451,63666
45451,131399
45451,46483
45451,87336
45451,64640
45451,66658
45451,124374
45451,62039
45451,26836
45452,56085
45452,99563
45452,68964
45452,75700
45452,138263
45452,10329
45452,72506
45452,127936
45452,120479
45452,103440
45452,57307
45454,73889
45454,70328
45454,95700
45454,59015
45454,120712
45454,100987
45454,63715
45455,120749
45455,21962
45455,6891
45455,99699
45455,64893
45455,7696
45455,33378
45455,39441
45455,104539
45455,135373
45455,39095
45455,24530
45455,3145
45455,129614
45455,67807
45455,26775
45455,113421
45455,64793
45457,80930
45457,63562
45457,107174
45457,80778
45457,34728
45457,139764
45457,45604
45457,9456
45457,109237
45457,117972
45457,2356
45457,90439
45457,70521
45457,81762
45457,19626
45457,122466
45457,63412
45457,110977
45457,8243
45457,77788
45457,41396
45457,32788
45457,10552
45457,81767
45457,4297
45457,18107
45457,118366
45457,123948
45457,43456
45457,15716
45457,87188
45457,43997
45457,37733
45458,91557
45458,96928
45458,135234
45458,26509
45458,84113
45458,72792
45458,61406
45458,123697
45458,92716
45458,91874
45458,76184
45458,139221
45458,75230
45458,69269
45458,41218
45458,64950
45458,13706
45458,19509
45458,10872
45458,117798
45458,129762
45458,37425
45458,68065
45458,25800
45458,57323
45458,133353
45458,1442
45458,91703
45458,86282
45458,77552
45458,94457
45458,90026
45458,55219
45459,32831
45459,6052
45459,69903
45459,20951
45459,19556
45459,90120
45459,39148
45459,13387
45459,113901
45459,57554
45459,92039
45459,6861
45459,59978
45459,4867
45459,28014
45459,70899
45459,37337
45459,48779
45459,93829
45459,117062
45459,104470
45459,120285
45459,18551
45459,49742
45459,25431
45459,122131
45459,19468
45459,49728
45459,138806
45459,74702
45459,118342
45459,115378
45459,96480
45460,70054
45460,50435
45460,104504
45460,118034
45460,27115
45460,119536
45460,43718
45460,26251
45460,50408
45460,32516
45460,49789
45460,10719
45460,118465
45460,62003
45460,28229
45460,80502
45460,57426
45460,2053
45460,64368
45460,133682
45460,68745
45460,101926
45460,93539
45460,32048
45460,109021
45460,45609
45460,53917
45460,37731
45460,101143
45460,69678
45460,120466
45460,8150
45460,122819
45462,13302
45462,14156
45462,96178
45462,42585
45462,3005
45462,6845
45462,64384
45462,35974
45462,2498
45462,48999
45462,122751
45462,55954
45462,29391
45462,48017
45462,51488
45462,57640
45462,84214
45462,129724
45462,104486
45462,108537
45462,57707
45462,3704
45462,112590
45462,97089
45462,31770
45462,52074
45462,51494
45462,107032
45462,139123
45462,9019
45462,120276
45462,68997
45462,109406
45462,48687
45469,93376
45469,18938
45469,62890
45469,27864
45469,555
45469,56062
45469,101210
45469,7487
45469,57502
45469,111865
45469,10932
45469,43191
45469,63216
45469,136404
45469,42519
45469,85397
45469,30926
45469,103052
45469,129011
45469,9322
45469,95658
45469,94983
45469,22461
45469,12955
45469,105116
45469,1904
45469,77834
45469,28915
45469,44078
45469,15622
45469,37673
45470,123801
45470,129263
45470,92193
45470,37616
45470,90052
45470,39517
45470,69683
45470,94138
45470,83789
45470,11203
45470,31281
45470,80396
45471,92434
45471,36150
45471,97040
45471,36128
45471,29906
45471,10363
45471,108974
45471,85620
45471,70237
45471,104603
45471,138039
45471,73357
45471,74588
45471,997
45471,44020
45471,45100
45471,28796
45471,29807
45471,91702
45471,17458
45471,45157
45471,21890
45471,33456
45471,53025
45471,35862
45471,93954
45471,60578
45471,24493
45471,124926
45471,120394
45473,131393
45473,98393
45473,2302
45473,20745
45473,131534
45473,75348
45473,81489
45473,136367
45473,140374
45473,101509
45473,59323
45473,37198
45474,45242
45474,21124
45474,24397
45474,122232
45474,27318
45474,34425
45474,114531
45474,43720
45474,131107
45474,113622
45474,87314
45474,67617
45474,43271
45474,126884
45474,22739
45474,55381
45474,104553
45474,97857
45474,136691
45474,35618
45474,60611
45474,56438
45474,21716
45474,32406
45474,97307
45474,12214
45474,75393
45474,21960
45474,41891
45474,10286
45474,68615
45474,49903
45474,92536
45476,104704
45476,86145
45476,59253
45476,106205
45476,119788
45476,34989
45476,32517
45476,132465
45476,15713
45476,58087
45476,22792
45476,58147
45476,138336
45476,590
45476,86372
45476,131383
45476,76904
45476,24520
45476,71789
45476,97545
45477,106366
45477,8864
45477,69184
45477,35679
45477,93974
45477,112502
45477,5322
45477,67233
45477,106335
45477,91975
45477,4503
45477,105779
45477,121696
45477,133689
45477,6713
45477,25159
45477,15390
45477,99025
45477,138325
45477,23190
45477,34151
45477,79398
45477,138452
45477,27540
45477,24041
45477,119527
45477,67477
45477,113983
45477,41337
45477,111838
45477,131242
45477,4080
45477,29044
45478,70201
45478,66918
45478,93399
45478,60716
45478,116681
45478,16594
45478,120059
45478,18649
45478,16446
45478,57302
45478,40966
45478,120003
45478,116203
45478,107320
45478,6042
45478,12384
45478,5589
45478,28977
45478,121393
45478,85489
45478,112489
45478,77007
45478,115039
45478,123888
45478,103645
45478,42958
45478,116232
45478,139730
45478,13454
45478,8192
45478,30660
45478,66942
45479,88854
45479,80400
45479,29680
45479,109795
45479,92440
45479,110750
45479,26712
45479,24157
45479,105253
45479,5605
45479,69845
45479,102226
45479,98560
45479,121017
45479,62517
45479,54758
45479,110901
45479,119723
45479,70437
45479,106670
45479,9491
45479,121206
45479,60978
45479,62013
45479,26515
45479,91437
45479,76390
45479,52188
45479,119525
45479,132244
45480,113058
45480,93334
45480,42132
45480,132062
45480,50062
45480,17060
45480,115496
45480,10328
45480,117960
45480,55236
45480,68989
45480,89084
45480,50457
45480,36282
45480,35746
45480,19641
45480,66319
45480,94787
45480,90156
45480,39610
45480,85063
45480,35112
45480,99420
45480,119481
45480,87202
45480,102781
45480,13804
45480,69127
45480,95758
45480,48707
45480,44499
45481,100293
45481,59354
45481,111498
45481,122409
45481,102045
45481,63365
45481,119329
45481,130693
45481,99940
45481,85961
45481,108471
45481,53253
45481,56229
45481,67649
45481,10169
45481,105534
45481,36289
45481,116927
45481,137301
45481,140696
45481,77669
45481,19469
45481,124937
45481,72580
45481,135410
45481,45211
45481,51641
45481,79318
45481,1696
45481,26099
45481,139966
45483,119261
45483,138689
45483,24952
45483,39603
45483,131631
45483,45863
45483,19725
45483,77032
45483,7204
45483,107803
45483,46756
45483,133031
45483,25144
45483,819
45483,5443
45483,120145
45484,95225
45484,80778
45484,92024
45484,56330
45484,4430
45484,122377
45484,62886
45484,45882
45484,25168
45484,109237
45484,125002
45484,43456
45484,15159
45484,33083
45484,72476
45484,69107
45484,55669
45484,116435
45484,131932
45484,66858
45484,92733
45484,92078
45484,99106
45484,2356
45484,115096
45484,2091
45484,100312
45484,6271
45484,17637
45484,45548
45484,123948
45484,26357
45484,10552
45484,99326
45485,112196
45485,79017
45485,132459
45485,44714
45485,89833
45485,32980
45485,1334
45485,21054
45485,40890
45485,111349
45485,22547
45485,112035
45485,131200
45485,23110
45485,13213
45485,48907
45485,88987
45485,22614
45485,138866
45485,75394
45485,65342
45485,137489
45485,118782
45485,130402
45485,139862
45485,18796
45485,22329
45485,5363
45485,82712
45485,101655
45485,91285
45485,44564
45487,102413
45487,36171
45487,54438
45487,120403
45487,124741
45487,32969
45487,18755
45487,126401
45487,11602
45487,68872
45487,48071
45487,50016
45487,59471
45487,68911
45487,134586
45487,52500
45487,20192
45487,104098
45487,17501
45487,104455
45487,28347
45487,101874
45487,62969
45487,100710
45487,133732
45487,11073
45487,72511
45487,21824
45487,140533
45487,112658
45487,137602
45487,12343
45488,17018
45488,9608
45488,2501
45488,18142
45488,136489
45488,56739
45488,72980
45488,129233
45488,102206
45488,69364
45488,88914
45489,23726
45489,22287
45489,38026
45489,136901
45489,46336
45489,136356
45489,53655
45489,56389
45489,72586
45489,82946
45489,40234
45489,103649
45489,75904
45489,126513
45489,68974
45489,89502
45489,134804
45489,46387
45489,20487
45491,93565
45491,76066
45491,81280
45491,94868
45491,106814
45491,120544
45491,6504
45491,108601
45491,90098
45491,12815
45491,26805
45491,78795
45491,70385
45491,64082
45491,41331
45491,121945
45491,128017
45491,75933
45491,79945
45491,33608
45491,28382
45491,37254
45491,66626
45491,87381
45491,22609
45491,40177
45491,100447
45491,113204
45491,86764
45491,44659
45491,63130
45493,60832
45493,73081
45493,62301
45493,70273
45493,51849
45493,65418
45493,116032
45493,71504
45493,40083
45493,96371
45493,42087
45493,80230
45493,19538
45493,97625
45493,125042
45493,139809
45493,537
45493,82343
45493,21398
45493,61330
45493,120352
45493,22019
45493,116308
45493,87760
45493,119412
45493,114250
45493,96329
45493,39673
45493,41679
45493,112261
45493,76130
45493,11683
45493,77004
45493,86912
45495,67284
45495,85857
45495,49466
45495,131806
45495,89609
45495,84764
45495,85781
45495,104600
45495,64076
45495,11750
45495,96474
45495,44181
45495,50601
45495,6062
45495,127677
45495,120275
45495,139658
45496,82993
45496,135711
45496,118268
45496,29228
45496,12587
45496,103010
45496,66325
45496,129113
45496,12434
45496,68378
45496,64910
45496,3
45496,71843
45496,40371
45496,100487
45496,74409
45496,126238
45496,115660
45496,60707
45496,63607
45496,9885
45496,107626
45496,86675
45496,113492
45496,56655
45496,51058
45496,114788
45496,26367
45496,91854
45496,32757
45496,52503
45496,77057
45496,123053
45496,47287
45497,64777
45497,48153
45497,81437
45497,68914
45497,1934
45497,91206
45497,114766
45497,107872
45497,97247
45497,95166
45497,36200
45497,111106
45497,88233
45497,104480
45497,88901
45497,63762
45498,83095
45498,97318
45498,53361
45498,8369
45498,138983
45498,68354
45498,35483
45498,43159
45498,51343
45498,9707
45498,108705
45498,58207
45498,7099
45498,43261
45498,26443
45498,129726
45498,118652
45498,106034
45498,64299
45498,85183
45498,18630
45498,103564
45498,43141
45498,12138
45498,111819
45498,122178
45498,41796
45498,135149
45498,136187
45498,137741
45498,28167
45498,41103
45498,65044
45499,81161
45499,31179
45499,49023
45499,127406
45499,106823
45499,97597
45501,106600
45501,46139
45501,33805
45501,22756
45501,103369
45501,35397
45501,111520
45501,67150
45501,10250
45501,27669
45501,39137
45501,54403
45501,102671
45501,66444
45501,6435
45501,119302
45501,136220
45501,30630
45501,125655
45501,90151
45501,4302
45501,63511
45501,45354
45501,32491
45501,73078
45501,78763
45501,54474
45501,139299
45501,100511
45501,131238
45501,41497
45501,134607
45501,83293
45501,73738
45502,135361
45502,47936
45502,33936
45502,86430
45502,140425
45502,20125
45502,138598
45502,59181
45502,51116
45502,63539
45502,138815
45502,77968
45502,30496
45502,65736
45502,29760
45502,62995
45502,12027
45502,63234
45502,1141
45502,56956
45502,105369
45502,117050
45502,107246
45502,110509
45502,87231
45502,84899
45502,109325
45502,81285
45502,24331
45502,111190
45502,39274
45503,84537
45503,104479
45503,109620
45503,127828
45503,94041
45504,124166
45504,66506
45504,68002
45504,419
45504,62168
45504,111508
45504,137514
45504,24021
45504,77465
45504,31359
45504,79068
45504,67569
45504,39748
45504,84526
45504,65100
45504,91084
45504,59081
45504,17105
45504,1535
45504,98457
45504,136880
45504,95369
45504,119127
45504,125053
45504,67376
45504,85065
45504,136025
45504,74298
45504,103353
45504,69489
45504,98359
45504,46505
45504,56064
45505,66163
45505,98138
45505,84947
45505,35853
45505,58878
45505,89857
45505,20396
45505,15980
45505,111747
45505,85363
45505,37545
45505,121219
45505,43123
45505,138230
45505,52996
45505,46289
45505,102103
45505,114331
45505,43631
45505,789
45505,2768
45505,76035
45505,875
45505,122624
45505,131036
45505,125334
45505,118378
45505,82152
45505,103568
45505,2123
45505,119019
45506,23268
45506,15994
45506,139197
45506,37346
45506,126657
45506,41712
45506,20592
45506,126264
45506,139366
45506,61529
45506,111170
45506,43010
45506,41278
45506,45080
45506,56042
45506,84032
45506,38538
45506,10996
45506,60084
45506,64762
45506,7880
45506,25416
45506,74754
45506,86639
45506,114304
45506,138600
45506,6439
45506,69261
45506,23078
45506,135499
45506,103187
45506,31169
45508,126896
45508,41445
45508,37861
45508,37320
45508,12752
45508,113561
45508,82725
45508,71557
45508,94346
45508,135422
45508,31976
45508,87026
45509,131917
45509,107652
45509,137976
45509,73145
45509,132210
45509,46027
45509,87652
45509,101520
45509,118670
45509,53883
45509,119794
45509,95604
45509,51178
45509,103174
45509,61935
45509,116505
45509,3235
45509,73077
45509,16325
45509,75890
45509,19836
45509,135028
45509,9831
45509,124043
45509,53916
45509,61011
45509,28132
45509,31038
45509,56697
45509,106307
45509,63417
45511,136645
45511,29144
45511,21020
45511,48020
45511,66657
45511,84141
45511,96640
45511,120863
45511,128922
45511,126864
45513,27302
45513,51306
45513,74433
45513,40329
45513,89264
45513,70155
45513,54193
45513,127855
45513,130192
45513,41582
45513,68119
45513,66449
45513,68892
45513,132551
45513,12946
45513,61309
45513,33973
45513,7313
45514,109322
45514,80602
45514,135800
45514,89929
45514,21525
45514,96175
45514,61051
45514,47920
45514,122336
45514,105213
45514,34597
45514,33612
45514,78965
45514,116562
45514,101699
45514,65870
45514,62388
45514,30733
45514,62891
45514,109965
45514,5936
45514,38896
45514,127008
45514,50563
45514,47690
45514,3730
45514,108670
45517,83144
45517,13535
45517,70063
45517,133721
45517,111213
45517,15167
45517,3738
45517,52931
45517,38006
45517,37049
45517,108218
45517,106871
45517,56490
45517,42990
45517,39269
45517,121874
45517,23070
45517,119865
45517,28605
45517,23632
45517,100663
45517,3645
45517,124412
45517,44077
45517,47870
45517,106420
45517,17151
45517,61284
45517,28482
45517,65976
45518,38910
45518,91714
45518,18651
45518,29643
45518,109576
45518,16687
45518,65799
45518,15267
45518,76856
45518,25154
45518,87618
45518,45966
45518,14536
45518,110940
45518,743
45518,42855
45518,78685
45518,97907
45518,90819
45518,74165
45518,17986
45518,53665
45518,94751
45518,89638
45518,39627
45518,128447
45518,82136
45518,17810
45518,80919
45518,119751
45518,116974
45519,9029
45519,137782
45519,48233
45519,8917
45519,7898
45519,133509
45519,85603
45519,55865
45519,94261
45519,138722
45519,13934
45519,127094
45519,27686
45519,96553
45519,30986
45519,131894
45519,116852
45519,107172
45519,99297
45519,24513
45519,65910
45519,59056
45519,53904
45519,48898
45519,30487
45519,46320
45519,139000
45519,40233
45519,38981
45519,104493
45519,73379
45519,52515
45519,14411
45520,39734
45520,134303
45520,134893
45520,138064
45520,94613
45520,131853
45520,94687
45520,22956
45520,7073
45520,7027
45520,83109
45520,104904
45520,9899
45520,54073
45520,108069
45520,5165
45520,53727
45520,111952
45520,129032
45520,130250
45520,117098
45521,75955
45521,116827
45521,116295
45521,134985
45521,138687
45521,92780
45521,126295
45521,4604
45521,126903
45521,91962
45521,71369
45521,21003
45521,129930
45521,35054
45521,92019
45521,84398
45521,84040
45521,101291
45521,117379
45521,40821
45521,111524
45521,86067
45521,21029
45521,88290
45521,2439
45521,94092
45521,10451
45521,32900
45521,27077
45521,27537
45522,88253
45522,43729
45522,130940
45522,118227
45522,130077
45522,100918
45522,130667
45522,128723
45522,34506
45522,493
45522,30018
45522,18442
45522,136512
45522,126356
45522,125421
45522,10153
45522,110840
45522,120120
45524,118288
45524,27003
45524,27722
45524,16537
45524,27180
45524,123134
45524,61637
45524,50027
45524,88538
45524,101589
45524,77271
45524,66162
45526,65984
45526,83045
45526,137826
45526,130729
45526,89991
45526,85742
45526,110813
45526,11622
45526,139893
45526,17817
45526,85567
45526,39993
45526,46162
45526,22824
45526,11826
45526,118104
45526,129278
45526,97099
45526,83806
45526,127808
45526,116696
45526,71258
45526,56063
45526,49152
45526,27317
45526,83430
45526,37581
45527,43405
45527,138178
45527,64596
45527,115503
45527,109103
45527,77775
45527,68984
45527,53438
45527,40211
45527,40235
45527,87826
45527,133774
45527,25529
45527,91134
45527,119123
45527,12977
45527,107399
45527,45634
45527,43016
45527,35872
45527,85189
45527,66652
45527,73041
45527,13716
45527,49280
45527,15871
45527,29263
45527,88321
45527,54140
45527,46464
45527,137407
45527,108112
45527,92057
45528,36210
45528,46965
45528,137834
45528,1399
45528,61101
45528,121860
45528,112615
45528,8296
45528,58376
45528,138145
45528,4988
45528,122436
45528,29998
45528,75798
45528,6141
45528,10993
45528,79630
45528,48332
45528,8210
45528,120754
45528,96712
45528,11593
45528,44944
45528,132601
45528,7705
45528,62121
45528,121717
45528,36135
45528,82790
45528,86524
45528,28232
45528,64787
45528,15789
45530,65063
45530,120404
45530,4930
45530,87670
45530,32898
45530,92499
45530,120746
45530,117934
45530,15835
45530,117939
45530,94770
45530,32880
45530,139283
45530,100216
45530,36550
45530,11198
45530,110872
45532,666
45532,140592
45532,107389
45532,37555
45532,13728
45532,102234
45532,101914
45532,20777
45532,98380
45532,118677
45532,121735
45532,117460
45532,60910
45532,21475
45532,132435
45532,25149
45532,54572
45532,10781
45532,81214
45532,39427
45532,52539
45532,25779
45532,34583
45532,49137
45532,3323
45532,85194
45532,88570
45532,24584
45532,67793
45532,41381
45532,6614
45532,78186
45533,10737
45533,65129
45533,134181
45533,37294
45533,33908
45533,79784
45533,53555
45533,45884
45533,135731
45533,87186
45533,49625
45533,18716
45533,124173
45533,23757
45533,93439
45533,19434
45533,99570
45533,111660
45533,63440
45533,67811
45533,49846
45533,35876
45533,114708
45533,20069
45533,130002
45533,116776
45533,120256
45533,134876
45533,75297
45533,63192
45533,38651
45536,20997
45536,37109
45536,91998
45536,51841
45536,56522
45536,51873
45536,118580
45536,28195
45536,103168
45536,65122
45537,83816
45537,108982
45537,17698
45537,23835
45537,74883
45537,69490
45538,45748
45538,51421
45538,55092
45538,98428
45538,94239
45538,102633
45539,48665
45539,95085
45539,118674
45539,129900
45539,73330
45539,43830
45539,30851
45539,60785
45539,57592
45539,18873
45539,66560
45539,49316
45539,10717
45539,92965
45539,38003
45539,51259
45539,85491
45539,36274
45539,68779
45539,17018
45539,132118
45539,64015
45539,59058
45539,75371
45539,118692
45539,126418
45539,73212
45539,96900
45539,113793
45539,26363
45539,86016
45539,64517
45539,31333
45541,10324
45541,27667
45541,102029
45541,130014
45541,10218
45541,7710
45541,63560
45541,769
45541,107422
45541,24456
45541,49533
45541,7128
45541,15542
45541,95201
45541,11229
45541,75786
45541,138301
45541,44382
45541,54856
45541,4305
45541,43859
45541,90009
45541,64452
45541,22416
45541,78209
45541,133348
45541,130232
45541,74795
45541,36746
45542,4541
45542,80631
45542,48416
45542,17049
45542,7483
45542,101769
45542,1493
45542,41553
45542,44703
45542,51305
45542,95587
45542,106218
45542,22405
45542,12935
45542,127679
45542,104880
45542,53824
45542,11435
45542,130922
45543,130807
45543,1722
45543,78760
45543,104625
45543,103515
45543,132469
45543,62160
45543,7523
45543,62028
45543,98874
45543,125505
45543,70934
45545,118924
45545,63870
45545,20528
45545,71631
45545,63160
45545,91720
45545,135029
45545,56904
45545,10110
45545,127298
45545,113183
45545,128251
45545,35008
45545,15662
45545,19265
45545,61629
45545,18934
45545,121102
45545,135156
45545,88724
45545,30684
45545,30343
45545,29989
45545,93386
45545,221
45545,111389
45545,6652
45545,129568
45546,122349
45546,121876
45546,16294
45546,81209
45546,135145
45546,19540
45546,116796
45546,105043
45546,14632
45546,97982
45546,72501
45546,87090
45546,63162
45546,7268
45546,74230
45546,113623
45546,113430
45546,60031
45546,32529
45546,108587
45546,16716
45546,17913
45546,57526
45546,102412
45546,22697
45546,60302
45546,140690
45546,93512
45546,57303
45546,72969
45546,7308
45547,118670
45547,34221
45547,19157
45547,231
45547,19836
45547,63417
45547,37420
45547,28132
45547,138745
45547,75907
45547,67250
45547,20022
45547,94988
45547,117771
45547,15107
45547,10116
45547,126936
45547,128943
45547,41013
45547,29351
45547,103744
45547,116747
45547,4301
45547,90052
45547,53995
45547,117835
45547,41077
45547,84745
45547,17588
45547,24573
45547,6029
45547,77364
45549,71831
45549,122887
45549,33758
45549,117792
45549,41093
45549,67302
45549,140438
45549,84247
45549,115130
45549,73989
45549,3575
45549,91853
45550,106366
45550,133689
45550,93974
45550,8864
45550,25159
45550,5322
45550,15390
45550,35679
45550,91975
45550,112502
45550,24041
45550,106335
45550,34151
45550,105779
45550,79398
45550,67233
45550,67477
45550,37790
45550,4080
45550,111838
45550,99025
45550,23190
45550,45693
45550,4503
45550,63188
45550,55127
45550,95095
45550,103339
45550,75408
45550,36718
45550,29044
45550,129631
45553,106304
45553,131608
45553,33083
45553,69107
45553,9987
45553,98998
45553,44737
45553,139764
45553,84802
45553,56330
45553,6271
45553,57181
45553,63412
45553,110346
45553,8243
45553,90439
45553,26357
45553,32788
45553,110977
45553,81767
45553,118366
45553,10552
45553,25168
45553,37733
45553,100892
45553,18107
45553,123948
45553,81762
45553,117742
45553,43997
45553,132104
45553,102144
45553,82328
45554,5362
45554,78444
45554,12702
45554,54916
45554,127037
45554,40061
45554,82999
45559,109322
45559,27781
45559,135800
45559,23654
45559,75514
45559,62616
45559,61051
45559,29814
45559,93723
45559,83708
45559,47920
45559,14909
45559,122336
45559,102418
45559,5584
45559,33612
45559,78965
45559,102584
45559,21525
45559,101699
45559,226
45559,62388
45559,30733
45559,47690
45559,67687
45559,50426
45559,32166
45560,22933
45560,13993
45560,14904
45560,88747
45560,103064
45560,37657
45560,98746
45560,103514
45560,79432
45560,20637
45560,96979
45560,31427
45560,80588
45560,80841
45560,46283
45560,89841
45560,69901
45560,28519
45560,81331
45560,95050
45560,43833
45560,125675
45560,39170
45560,118380
45560,97415
45560,91495
45560,70773
45560,111761
45560,67363
45560,90546
45561,55123
45561,117217
45561,114377
45561,28441
45561,76538
45561,4763
45561,117883
45561,129904
45561,102672
45561,63930
45561,24643
45561,134449
45561,19344
45561,21913
45561,42538
45561,88340
45561,43248
45561,133716
45561,13971
45561,79904
45561,44239
45561,105711
45561,121138
45561,46035
45561,95167
45561,102241
45561,22600
45561,70276
45561,68675
45561,82797
45561,92746
45561,20061
45561,15481
45561,57779
45562,60144
45562,69184
45562,66750
45562,134811
45562,3556
45562,109804
45562,38286
45562,81542
45562,6713
45562,12957
45562,79475
45562,57170
45562,101812
45562,1753
45562,14944
45562,133235
45562,46501
45562,8864
45562,23592
45562,55754
45562,66957
45562,75205
45562,73058
45562,95452
45562,113731
45562,77074
45562,15390
45562,67233
45562,23190
45564,55287
45564,33860
45564,67957
45564,120047
45564,43609
45564,78294
45564,28312
45564,132657
45564,40579
45564,35979
45564,90511
45564,103811
45564,6379
45564,621
45564,126543
45564,56608
45564,63536
45564,36906
45564,79247
45564,10511
45565,2330
45565,137804
45565,56163
45565,63197
45565,15244
45565,89862
45565,15595
45565,114345
45565,94958
45565,72666
45565,42709
45565,14890
45565,8811
45565,78262
45565,75618
45565,32763
45565,62227
45565,37377
45567,69842
45567,25210
45567,133890
45567,52635
45567,130694
45567,99703
45567,29297
45567,129870
45567,2466
45568,55528
45568,138012
45568,57438
45568,110102
45568,109571
45568,23614
45568,86488
45568,17270
45568,26433
45568,128904
45568,89076
45568,50757
45568,138528
45568,38210
45568,61871
45568,1815
45568,32091
45571,113901
45571,108768
45571,41682
45571,41247
45571,48504
45571,126062
45571,135834
45571,37361
45571,101167
45571,31943
45571,60011
45571,49742
45571,98422
45571,112463
45571,73343
45571,138806
45571,82809
45571,23323
45571,15007
45571,57957
45571,15296
45571,79688
45571,44291
45571,28220
45571,68182
45571,111024
45571,120745
45571,120511
45571,96480
45571,14633
45571,82758
45572,18225
45572,123867
45572,94526
45572,59358
45572,543
45572,46133
45572,104063
45572,88326
45572,77958
45572,74291
45572,58133
45572,45119
45572,22797
45572,22660
45572,138078
45572,33231
45572,38684
45572,27604
45572,10450
45572,19298
45572,71171
45572,74633
45573,28585
45573,75613
45573,121732
45573,58443
45573,125431
45573,88532
45573,372
45573,38691
45576,67062
45576,11989
45576,70918
45576,118031
45576,105050
45576,70139
45576,12485
45576,74062
45576,87641
45576,73891
45576,80306
45576,13978
45576,40496
45576,27465
45576,67862
45576,68492
45576,74810
45576,86767
45576,36662
45576,122008
45576,40088
45576,103370
45576,116629
45576,13448
45576,69361
45576,86587
45576,16208
45576,74544
45576,14004
45576,8280
45576,14974
45576,101609
45576,109026
45577,15195
45577,97227
45577,99062
45577,8474
45577,20013
45577,23648
45577,52125
45577,67250
45577,73699
45577,92432
45577,116747
45577,231
45577,1448
45577,103744
45577,15107
45577,102423
45577,120010
45577,120420
45577,56913
45577,106169
45577,31148
45577,109346
45577,73877
45577,86717
45577,32519
45577,45364
45577,85991
45577,59973
45577,88801
45577,109150
45577,4301
45577,96449
45577,77364
45578,86311
45578,130154
45578,12571
45578,83077
45578,39417
45578,109099
45578,17453
45578,84830
45578,64529
45578,69023
45578,113853
45578,92181
45578,58215
45578,48117
45578,120973
45578,77147
45578,112271
45578,7972
45578,133662
45578,125186
45578,107406
45578,135869
45578,40874
45578,49890
45578,105613
45578,81817
45578,59053
45578,43530
45578,53140
45578,104948
45578,50047
45578,111599
45578,137285
45578,21996
45579,112029
45579,74548
45579,110171
45579,76103
45579,83870
45579,39736
45579,58634
45579,97410
45579,108843
45579,27747
45579,112173
45579,76497
45579,60236
45579,8120
45579,2010
45579,52545
45579,40644
45579,33240
45579,87569
45579,107977
45579,35673
45579,88650
45579,82843
45579,20020
45579,84121
45579,136331
45579,74256
45579,38295
45579,30192
45579,39039
45579,55907
45579,63102
45579,56054
45580,21708
45580,57592
45580,107732
45580,129900
45580,67489
45580,19166
45580,43830
45580,97724
45580,83473
45580,114559
45580,18873
45580,66102
45580,59976
45580,128734
45580,135423
45580,104871
45580,162
45580,12283
45580,59618
45580,99130
45580,137360
45580,2771
45580,45395
45580,64937
45580,64603
45580,14859
45580,132118
45580,58974
45580,41066
45580,84552
45580,14669
45580,49959
45582,67964
45582,96780
45582,133509
45582,120238
45582,127671
45582,59324
45582,37790
45582,99025
45582,96974
45582,85555
45582,121696
45582,110258
45582,127094
45582,27686
45582,55865
45582,31135
45582,109868
45582,112502
45582,88768
45582,107255
45582,68495
45582,105086
45582,7898
45582,86188
45582,59962
45582,14960
45582,131414
45582,79437
45582,94897
45582,41438
45582,72873
45582,120274
45582,74251
45582,106226
45582,30353
45584,28559
45584,64945
45584,110001
45584,95815
45584,69650
45584,105675
45584,29993
45584,130920
45584,90721
45584,86569
45585,120144
45585,13443
45585,134417
45585,33168
45585,72597
45585,1085
45585,51979
45585,52784
45585,87215
45585,134966
45585,98770
45585,69615
45585,12341
45585,79841
45585,60008
45585,12579
45585,37283
45585,1140
45585,38484
45585,43749
45585,89962
45585,74166
45585,9812
45585,19033
45585,103860
45585,106845
45585,28939
45585,63145
45585,110264
45585,74221
45585,131110
45586,36474
45586,24326
45586,28797
45586,56222
45586,86196
45587,38657
45587,81895
45587,57236
45587,7780
45587,50807
45587,44541
45587,108599
45587,130740
45587,132373
45587,42387
45587,135461
45587,51324
45587,106929
45587,69483
45587,65076
45587,27912
45587,31328
45587,10930
45587,27520
45587,73518
45587,132918
45587,58931
45587,90416
45587,105741
45587,121305
45587,64997
45587,34688
45587,37888
45587,68166
45587,45995
45587,86365
45587,30808
45587,138616
45588,56776
45588,126818
45588,52683
45588,27969
45588,1736
45588,14844
45588,117772
45588,110663
45588,71039
45588,5267
45588,137498
45588,36045
45588,125079
45588,125656
45588,16499
45588,92411
45588,16024
45588,83313
45588,51616
45588,90380
45588,25564
45588,64949
45588,53172
45588,21198
45588,66917
45588,15945
45588,119316
45588,361
45588,15802
45588,130594
45588,37923
45588,17580
45588,44170
45589,63063
45589,88456
45589,122658
45589,27645
45589,61594
45589,102147
45589,50200
45589,102554
45589,19236
45589,104263
45589,86857
45589,135164
45589,102059
45589,18446
45589,38598
45589,30708
45589,89950
45589,74721
45589,95002
45589,73512
45589,100599
45589,97672
45589,75330
45589,35353
45589,28979
45589,70083
45589,22863
45589,16950
45589,130872
45589,9073
45589,127600
45595,18640
45595,16545
45595,96509
45595,81235
45595,6533
45595,78232
45595,93176
45595,43362
45595,23611
45595,64168
45595,91337
45595,10379
45595,44072
45595,83160
45595,24915
45595,27753
45595,131397
45595,43133
45595,133699
45595,11425
45595,92314
45595,90968
45595,71543
45595,45550
45595,47238
45595,51241
45595,46861
45595,124819
45595,132209
45595,96614
45595,131968
45595,119120
45595,36364
45595,117665
45596,46725
45596,16513
45596,85927
45596,29700
45596,44490
45596,135415
45596,130770
45596,120143
45596,107829
45596,93297
45596,45963
45596,18377
45596,54628
45596,70032
45596,120875
45596,128069
45596,136739
45596,97020
45596,69182
45596,130943
45597,110874
45597,86917
45597,67667
45597,66811
45597,117327
45597,58754
45597,128082
45597,102978
45597,89831
45597,82496
45597,4592
45597,91785
45597,48143
45597,46933
45597,38624
45597,120084
45597,63090
45597,98728
45597,100837
45597,85223
45597,42388
45597,35476
45597,96111
45597,55100
45597,26077
45598,126657
45598,1230
45598,15994
45598,70078
45598,41278
45598,20592
45598,8586
45598,101627
45598,38538
45598,77935
45598,131295
45598,6439
45598,10746
45598,95931
45598,71376
45598,45080
45598,35264
45598,64762
45598,126462
45598,105307
45598,121267
45598,23212
45598,53494
45598,556
45598,80475
45598,7880
45598,33590
45598,126719
45598,106262
45598,129968
45598,31169
45599,44152
45599,45487
45599,131381
45599,36347
45599,100980
45599,110503
45599,89406
45599,113678
45599,91365
45599,19460
45599,41050
45599,69166
45599,29979
45599,98438
45599,7582
45599,513
45600,95307
45600,38571
45600,48153
45600,56880
45600,121764
45600,29604
45600,88218
45600,53341
45600,113349
45600,65606
45600,88096
45600,41488
45600,893
45600,10404
45600,107872
45600,95166
45600,89073
45600,1934
45600,64777
45600,27348
45600,68914
45600,11103
45600,97247
45600,81437
45600,16706
45600,30184
45600,85728
45600,114766
45600,74474
45600,92297
45600,91206
45600,42282
45600,49555
45600,111000
45600,21315
45603,94330
45603,50608
45603,117915
45603,72988
45603,30890
45603,2136
45603,74640
45603,84484
45603,69649
45603,20114
45603,12125
45603,77332
45603,133013
45603,101170
45603,114251
45603,84269
45603,66204
45603,99788
45603,62404
45603,77326
45603,36675
45603,48167
45603,102276
45603,128521
45603,14496
45603,67098
45603,66289
45607,68475
45607,121496
45607,78147
45607,75374
45607,79813
45607,24125
45607,99299
45607,4484
45608,37658
45608,24440
45608,45215
45608,133471
45608,41945
45608,96117
45608,28016
45608,94860
45608,2691
45609,31867
45609,55624
45609,45198
45609,95266
45609,39167
45609,31472
45609,94109
45609,26370
45609,10479
45609,36008
45609,54470
45609,37887
45609,72864
45609,49094
45609,110122
45609,87024
45609,112001
45609,10490
45609,48404
45609,36015
45609,12181
45609,92442
45609,68054
45609,81112
45609,83734
45609,90461
45609,124795
45609,103190
45609,24833
45610,112502
45610,68495
45610,128090
45610,111838
45610,29927
45610,88347
45610,3367
45611,120784
45611,64173
45611,99505
45611,10442
45611,72025
45611,90056
45611,90392
45611,111223
45611,65312
45611,34460
45611,65028
45611,100676
45611,117172
45611,102275
45612,28331
45612,73644
45612,50231
45612,68200
45612,103111
45612,73931
45612,65931
45612,8421
45612,107043
45612,89174
45612,122573
45612,107260
45612,58708
45612,51785
45612,90695
45612,32425
45612,108305
45612,56941
45612,128611
45612,133110
45612,4403
45612,97582
45612,128565
45612,85306
45612,109670
45612,135202
45612,8149
45612,32718
45612,77245
45612,107875
45612,115514
45612,55086
45612,33622
45612,77822
45614,82097
45614,39856
45614,29524
45614,103638
45614,82558
45614,30900
45614,59570
45614,137674
45614,71859
45614,88799
45614,13022
45614,128006
45614,51871
45614,25687
45614,78810
45614,118336
45614,13222
45614,30379
45614,3260
45614,110747
45614,34326
45614,133697
45614,19253
45614,24771
45614,21175
45614,42226
45614,12330
45614,59613
45614,75311
45614,1262
45618,14844
45618,12932
45618,12238
45618,94553
45618,36531
45618,76396
45621,41084
45621,29303
45621,93801
45621,50777
45621,68799
45621,50307
45623,48004
45623,7377
45623,87490
45623,38758
45623,57125
45623,77574
45623,45961
45623,33509
45623,55148
45623,127988
45623,112324
45623,86989
45623,4634
45623,7895
45623,84341
45623,109
45623,1211
45623,23358
45623,38064
45623,98719
45623,19150
45623,39127
45623,81109
45623,20317
45623,19043
45623,32431
45623,33067
45623,125822
45623,52263
45623,8374
45623,71987
45623,42171
45624,76443
45624,13674
45624,20136
45624,135487
45624,134686
45624,45896
45624,22471
45624,61695
45624,42693
45624,70683
45624,92927
45624,88219
45624,81451
45624,74882
45624,21443
45624,16826
45624,139719
45624,122582
45624,108213
45624,88778
45624,127861
45624,13019
45624,35158
45624,81720
45624,68601
45624,47556
45624,5961
45624,10418
45625,126912
45625,105260
45625,8005
45625,137426
45625,22982
45625,24131
45625,79782
45625,34436
45625,62586
45625,106271
45625,79969
45625,121215
45625,16837
45625,94579
45625,74577
45625,97256
45625,23684
45625,67388
45626,97144
45626,36820
45626,108942
45626,3053
45626,105861
45626,2737
45626,73199
45626,79297
45626,129956
45626,53840
45626,40405
45626,53848
45626,65017
45627,21708
45627,30992
45627,98860
45627,101604
45627,83043
45627,120255
45627,41138
45627,19823
45627,106976
45627,51287
45627,135407
45627,17880
45627,87421
45627,117793
45627,69364
45627,4468
45627,30261
45627,87006
45627,114285
45627,14669
45627,68786
45627,58030
45627,49959
45627,19116
45627,18255
45627,107404
45627,98783
45627,99970
45627,119146
45627,58039
45627,119158
45630,80133
45630,105052
45630,52752
45630,50681
45630,100507
45630,116577
45630,46515
45630,110687
45630,55478
45630,79333
45630,45640
45630,38166
45630,90813
45630,73623
45630,4990
45630,91442
45630,79345
45630,2954
45631,135414
45631,20528
45631,117209
45631,36331
45631,117267
45631,40630
45631,52487
45631,103457
45631,45449
45631,130289
45631,128251
45631,113183
45631,28433
45631,29028
45631,103735
45631,98842
45631,50680
45631,98306
45631,45950
45631,15662
45631,29989
45631,57846
45631,46497
45631,54994
45631,138846
45631,43698
45631,63164
45631,64914
45631,54775
45631,129857
45631,31111
45631,135396
45632,121314
45632,53572
45632,40057
45632,49242
45632,53584
45632,32155
45632,43555
45632,104348
45632,9489
45632,15900
45632,135806
45632,609
45632,85273
45632,72372
45632,98367
45632,29241
45632,111646
45632,40498
45632,109870
45632,35489
45632,19207
45632,88467
45632,119707
45632,39190
45632,96018
45632,75523
45632,35690
45632,122016
45632,60932
45632,95624
45632,67912
45632,62765
45632,81398
45634,88620
45634,3522
45634,104611
45634,9286
45634,30492
45634,4609
45634,97566
45634,93692
45634,89634
45634,114179
45634,19571
45634,140446
45634,12508
45634,53879
45634,110412
45634,92958
45634,24107
45634,51997
45634,25859
45634,83505
45634,98015
45634,38230
45634,92872
45634,47474
45634,97784
45634,16714
45634,73115
45634,68317
45634,129122
45634,4482
45634,101329
45634,78686
45634,96105
45635,30618
45635,63812
45635,60824
45635,66507
45635,3820
45635,64488
45635,94194
45635,101162
45635,20772
45635,69738
45635,66606
45635,32969
45635,57903
45635,11602
45635,58579
45635,99349
45635,52500
45635,68813
45635,118235
45635,12299
45635,123227
45635,83051
45635,104455
45635,41944
45635,29402
45635,80635
45635,21824
45635,59461
45635,38171
45635,139855
45635,55195
45635,72511
45638,67640
45638,24662
45638,35288
45638,60715
45638,16202
45638,45465
45638,110202
45638,70335
45638,123524
45638,113040
45638,63859
45638,17750
45638,61899
45638,4991
45638,33891
45638,78237
45638,64072
45638,76808
45638,8522
45638,48306
45638,128015
45638,135730
45638,121356
45638,49168
45638,66595
45638,138227
45638,107599
45638,37824
45638,76146
45638,53198
45638,99063
45639,13541
45639,130104
45639,14728
45639,120183
45639,81140
45639,63932
45639,39807
45639,48470
45639,94990
45639,6631
45639,124472
45639,12965
45639,11905
45639,86525
45639,112388
45639,43474
45639,74204
45639,92928
45639,124246
45639,78856
45639,39254
45639,23837
45639,113050
45639,84088
45639,8758
45639,124698
45639,15891
45639,132530
45639,130271
45639,102875
45639,63574
45640,70197
45640,132152
45640,11793
45640,110397
45640,100734
45640,18650
45640,55004
45640,91524
45640,83377
45640,41958
45640,136180
45640,56894
45642,100889
45642,65991
45642,54876
45642,111268
45642,47170
45642,65797
45642,115123
45642,25183
45643,43830
45643,48665
45643,133620
45643,30851
45643,91343
45643,116080
45643,64603
45643,2771
45643,45395
45643,99232
45643,100924
45643,59976
45643,14859
45643,62596
45643,79550
45643,135423
45643,109781
45643,110423
45643,53290
45643,34241
45643,78276
45643,33439
45643,30992
45643,15150
45643,21708
45643,125454
45643,55145
45643,58974
45643,72177
45643,99970
45643,127866
45644,139557
45644,139053
45644,131314
45644,132162
45644,63837
45644,111453
45644,81703
45644,34683
45644,104133
45644,13234
45644,28038
45644,76689
45644,112195
45644,61463
45644,6532
45644,23095
45644,72726
45644,67570
45644,29559
45644,108184
45644,60591
45644,43870
45644,109545
45644,97147
45644,86622
45644,135096
45644,99475
45644,62432
45644,33004
45644,91381
45644,99735
45644,81375
45644,113138
45649,102923
45649,63546
45649,66172
45649,73605
45649,70696
45649,124524
45649,100043
45649,24053
45649,60432
45649,84873
45649,19014
45649,29838
45649,2953
45649,23440
45649,139449
45649,58687
45649,33135
45649,92866
45649,8116
45649,55882
45649,85636
45649,115687
45649,71253
45650,8117
45650,119804
45650,56483
45650,39931
45650,83015
45650,74634
45650,90538
45650,122447
45650,36114
45650,134760
45650,19978
45650,40858
45650,41581
45651,116793
45651,105139
45651,122757
45651,81792
45651,66800
45651,9992
45651,80748
45651,39576
45651,77037
45651,128461
45651,110759
45651,102679
45651,134150
45651,92649
45652,125069
45652,130729
45652,53341
45652,85742
45652,54731
45652,29604
45652,57724
45652,113349
45652,88218
45652,52838
45652,81172
45652,48090
45652,95307
45652,56880
45652,65606
45652,10404
45652,89073
45652,88096
45652,16706
45652,893
45652,41488
45652,59526
45652,92297
45652,59267
45652,56417
45652,121071
45652,30184
45652,74474
45652,111000
45652,21315
45652,42282
45654,60283
45654,34198
45654,29591
45654,60605
45654,122581
45654,92170
45654,11643
45654,127970
45654,122681
45654,111824
45654,119106
45654,93177
45654,25742
45654,70959
45654,135070
45654,67457
45654,99904
45654,23361
45654,130752
45654,89701
45654,77284
45654,79502
45654,35644
45654,63091
45654,84761
45655,87862
45655,104348
45655,35489
45655,32155
45655,121314
45655,85273
45655,29241
45655,124040
45655,51830
45655,111646
45655,62765
45655,39190
45655,52144
45655,99674
45655,109870
45655,9489
45655,35690
45655,89169
45655,88467
45655,65276
45655,75523
45655,19536
45655,97809
45655,36470
45655,16138
45655,609
45655,51570
45655,15885
45655,86265
45655,96084
45655,122016
45655,27082
45661,93276
45661,3599
45661,101865
45661,37823
45661,132213
45661,109217
45661,89700
45661,71309
45661,81235
45661,79429
45661,96509
45661,57428
45661,36669
45661,130558
45661,1311
45661,33233
45661,119620
45661,21796
45661,65423
45661,65853
45661,45407
45661,19785
45661,123395
45661,112060
45661,66541
45662,62792
45662,16032
45662,50537
45662,69334
45662,103857
45662,125034
45662,121792
45662,14753
45662,58560
45662,68573
45662,35869
45662,117886
45662,94585
45662,27094
45662,23137
45662,113699
45662,139392
45662,1975
45662,1270
45662,35482
45662,17624
45662,121767
45662,131838
45663,27936
45663,78529
45663,67532
45663,54722
45663,67373
45663,105522
45663,51050
45663,43787
45663,140354
45663,26075
45663,4665
45663,13793
45663,119862
45663,128418
45663,115176
45663,74793
45663,126014
45663,73937
45663,135556
45663,55423
45663,11575
45663,24334
45663,135621
45663,104269
45663,135455
45663,53379
45665,112574
45665,101588
45665,121933
45665,110738
45665,48136
45665,115026
45665,14536
45665,47627
45665,135774
45665,109576
45665,16824
45665,34222
45665,55718
45665,9665
45665,58833
45665,47846
45665,105688
45665,4571
45665,38800
45665,32240
45665,137893
45665,39164
45665,116001
45665,99950
45665,81549
45665,57790
45665,36822
45665,121991
45665,46734
45665,123976
45665,127403
45666,51715
45666,53591
45666,135433
45666,41742
45666,90185
45666,26060
45666,36333
45666,84592
45666,97660
45666,75976
45666,136787
45666,42506
45666,49124
45666,110032
45666,102654
45666,14771
45666,122331
45666,9439
45666,80222
45666,11257
45666,44682
45666,52835
45666,95810
45666,113600
45666,74217
45666,117877
45666,111896
45666,2602
45666,111328
45666,103768
45666,37159
45666,138194
45666,24897
45667,138559
45667,96371
45667,42087
45667,60832
45667,73081
45667,21398
45667,87760
45667,70273
45667,65418
45667,51849
45667,62301
45667,71504
45667,112261
45667,116032
45667,40083
45667,116308
45667,19538
45667,80230
45667,36580
45667,125042
45667,537
45667,82343
45667,119412
45667,114250
45667,96329
45667,39673
45667,65642
45667,76130
45667,121156
45667,86912
45667,11683
45667,77004
45667,26127
45667,3456
45667,53387
45668,53953
45668,89442
45668,139109
45668,32826
45668,53595
45668,769
45668,131891
45668,8829
45668,121139
45668,31986
45668,26289
45668,125504
45668,17047
45668,89783
45668,18734
45668,25245
45668,57256
45668,18437
45668,83484
45668,120272
45668,41073
45668,49283
45668,14683
45668,81810
45668,22416
45668,14942
45668,93952
45668,63900
45668,18466
45668,1325
45668,72296
45669,42725
45669,21157
45669,19854
45669,112786
45669,136725
45669,30852
45669,135108
45669,26819
45669,115455
45669,27654
45669,113918
45669,86202
45669,119532
45669,55620
45669,55006
45669,269
45669,136683
45669,13634
45669,102398
45669,10942
45669,17626
45669,123902
45669,45337
45669,134890
45669,117926
45669,4218
45669,6133
45669,80291
45669,123665
45670,68443
45670,10129
45670,53642
45670,103882
45670,23838
45670,72609
45670,122130
45670,61092
45670,134328
45670,48458
45670,109858
45670,39062
45670,44200
45670,22024
45671,66928
45671,66381
45671,64148
45671,3223
45671,122586
45671,88807
45671,32944
45671,134374
45671,79782
45671,34057
45671,68098
45671,88921
45671,17793
45671,17412
45671,123521
45671,51322
45671,88919
45671,117626
45671,100786
45671,132115
45671,107849
45671,71069
45671,94389
45671,77526
45671,14600
45671,48323
45671,33525
45671,25183
45671,137950
45671,17269
45672,60046
45672,11050
45672,134421
45672,84802
45672,94532
45672,71579
45672,132963
45672,36186
45673,50448
45673,15053
45673,94117
45673,126642
45673,132240
45673,138402
45673,43329
45673,38336
45673,14015
45673,475
45673,116488
45673,121731
45675,34635
45675,43241
45675,44306
45675,53695
45675,49368
45675,7360
45675,107316
45675,7258
45675,8951
45675,57997
45675,14389
45675,126571
45675,3566
45675,55039
45675,67974
45675,1277
45675,83026
45675,33912
45675,93944
45675,29286
45675,82957
45675,28806
45675,115770
45675,17213
45675,140130
45675,16866
45675,32243
45675,74130
45675,117976
45675,18380
45675,32565
45675,103937
45677,41413
45677,125432
45677,119438
45677,125574
45677,103304
45677,18083
45677,46955
45677,136206
45677,43001
45677,13046
45677,132646
45677,86729
45677,12064
45677,109726
45677,83531
45677,89302
45677,27941
45677,6565
45677,52675
45678,2859
45678,54048
45678,107579
45678,24757
45678,121775
45678,6375
45678,28392
45678,82713
45678,40226
45678,102785
45680,24085
45680,86907
45680,59817
45680,10429
45680,86032
45680,30304
45680,67607
45680,56638
45680,37731
45680,101143
45680,8150
45680,53917
45680,44484
45680,41151
45680,122819
45680,106919
45680,24960
45680,69678
45680,120466
45680,17054
45680,77060
45680,63285
45680,109972
45681,121131
45681,18666
45681,87057
45681,37812
45681,7787
45681,130166
45681,34864
45682,100633
45682,27589
45682,114024
45682,100024
45682,7114
45682,9264
45682,14551
45682,63909
45682,17080
45682,106017
45682,90472
45682,127694
45684,8271
45684,43365
45684,41613
45684,109460
45684,39252
45684,92220
45684,138212
45684,43040
45684,81377
45684,117958
45684,50242
45684,99187
45684,105114
45684,15673
45685,20215
45685,45378
45685,139411
45685,105801
45685,7499
45685,71412
45685,95091
45685,68662
45685,47968
45685,99836
45685,21189
45685,100182
45685,117415
45685,139247
45685,23381
45685,82155
45685,25824
45685,75362
45685,7216
45685,101817
45685,83534
45685,114611
45685,120559
45685,53281
45686,119256
45686,69327
45686,120099
45686,113644
45686,94927
45686,133445
45686,92176
45686,101010
45686,27867
45686,110879
45686,5105
45686,56679
45686,139756
45686,109463
45686,121368
45686,40715
45686,134638
45686,34029
45688,16824
45688,134248
45688,33982
45688,50199
45688,112574
45688,18727
45688,101146
45688,38497
45688,4076
45688,31781
45688,93636
45688,72799
45688,58124
45688,140337
45688,113108
45688,38800
45688,14675
45688,117635
45688,140239
45688,97907
45688,711
45688,39627
45688,58833
45688,22131
45688,137893
45688,743
45688,139388
45688,53665
45688,17986
45688,92038
45688,49487
45689,134416
45689,26717
45689,28703
45689,107078
45689,24555
45689,89143
45689,47000
45689,114212
45689,18617
45689,117367
45689,32930
45689,139191
45689,6279
45689,1695
45689,80322
45689,139642
45689,56576
45689,50616
45689,105653
45689,53700
45689,119737
45689,122335
45689,62685
45689,59674
45689,90113
45689,128681
45689,51848
45689,18169
45689,4343
45689,124372
45690,17612
45690,14631
45690,69972
45690,45988
45690,130580
45692,80276
45692,18660
45692,88756
45692,131529
45692,129822
45692,67418
45692,49792
45692,76476
45692,97007
45692,9826
45692,65370
45692,59090
45692,115879
45692,134229
45692,9095
45693,48103
45693,34630
45693,55416
45693,31067
45693,91816
45693,71622
45693,46337
45693,28839
45693,39419
45693,41662
45693,5425
45693,82179
45693,121018
45693,132849
45693,15979
45693,121133
45693,3327
45693,101102
45693,25718
45693,101069
45693,18751
45693,79824
45693,12413
45693,55167
45693,21227
45693,89596
45693,126060
45693,73658
45693,2928
45693,65427
45693,92065
45693,99640
45695,59395
45695,101986
45695,98803
45695,126470
45695,35711
45695,87788
45695,96513
45695,85611
45695,109731
45695,123250
45695,7077
45695,25268
45695,81654
45695,39677
45696,52054
45696,95851
45696,27149
45696,66438
45696,98068
45696,92458
45696,88891
45696,96651
45696,24178
45696,33584
45696,30643
45696,106725
45696,17763
45696,48275
45696,95136
45696,133875
45696,44210
45696,15691
45697,54121
45697,43312
45697,131214
45697,124927
45697,94742
45697,101614
45697,78777
45697,5454
45698,4699
45698,82253
45698,15259
45698,52298
45698,67846
45698,115138
45698,121455
45698,103864
45698,117911
45698,61850
45698,49530
45698,23202
45698,136710
45698,13426
45698,26281
45698,24176
45698,11337
45698,25587
45698,69068
45698,92227
45698,92695
45698,128997
45698,139890
45698,65776
45698,128442
45698,47232
45698,25626
45698,33326
45698,86197
45698,67784
45699,3893
45699,10805
45699,17078
45699,69276
45699,31084
45699,112359
45699,46256
45699,59753
45699,108752
45699,83328
45699,45461
45699,21533
45699,39109
45699,102248
45699,133719
45699,23327
45699,46223
45699,105334
45699,39474
45699,53979
45699,7793
45699,57847
45699,70274
45699,38228
45699,61419
45699,88821
45699,33012
45699,103431
45699,72561
45699,101313
45699,49547
45699,121962
45700,94708
45700,47254
45700,45423
45700,8646
45700,66200
45700,48602
45700,77865
45700,132328
45700,135002
45700,54976
45700,9327
45700,97913
45700,63597
45700,16407
45700,77725
45700,121127
45700,122631
45700,55428
45700,29981
45700,118965
45700,31270
45700,19581
45700,60540
45700,56865
45700,140277
45700,119748
45700,125920
45700,76315
45700,60947
45702,62762
45702,98159
45702,1546
45702,58037
45702,105538
45702,18053
45702,89360
45702,2818
45702,105403
45702,115026
45702,30470
45702,73173
45702,31336
45702,66049
45702,63916
45702,117144
45702,74288
45702,39284
45702,103176
45702,44686
45704,127165
45704,95815
45704,28559
45704,69650
45704,64945
45704,105675
45704,15978
45704,38997
45704,128445
45704,127673
45704,16181
45704,120207
45704,29993
45704,130920
45704,136798
45704,46879
45704,123454
45704,110342
45704,97899
45704,82386
45704,3330
45704,7637
45704,133686
45704,52217
45704,128086
45704,8641
45704,130475
45704,131011
45705,101445
45705,37598
45705,33217
45705,85902
45705,16551
45705,53004
45705,88771
45705,53367
45705,105031
45705,139180
45705,139343
45705,36035
45705,108230
45705,16882
45705,47437
45705,11609
45705,77441
45705,117869
45705,6680
45705,124423
45705,3277
45705,97932
45705,14394
45705,23682
45705,2001
45705,18783
45705,24663
45705,136257
45705,129642
45705,138739
45705,74025
45705,23541
45705,8566
45706,135492
45706,111173
45706,105304
45706,46909
45706,136215
45706,20303
45706,85382
45706,42392
45706,49413
45706,16368
45706,24138
45706,74395
45706,17724
45706,120151
45706,68502
45706,61510
45706,89881
45706,42774
45706,29161
45706,5831
45707,92814
45707,99231
45707,96763
45707,29465
45707,81986
45707,1732
45707,607
45707,73250
45707,92010
45707,109676
45707,33477
45707,140531
45707,138224
45707,57186
45707,64656
45707,54789
45707,16336
45707,126237
45707,118172
45707,133164
45707,14567
45707,115030
45707,94995
45707,16781
45707,60513
45707,89101
45707,121181
45707,84059
45707,13140
45707,74065
45707,80203
45707,4217
45708,113960
45708,31006
45708,2122
45708,18621
45708,69428
45708,131959
45708,120639
45708,48759
45708,56168
45708,111632
45708,87749
45708,120720
45708,904
45708,27535
45708,55093
45708,122297
45708,75735
45708,58927
45708,121518
45708,7496
45708,25836
45708,78688
45708,45534
45708,134637
45708,56036
45708,89504
45708,86480
45708,106013
45708,119711
45708,46251
45710,16896
45710,115110
45710,50391
45710,129819
45710,52414
45710,48644
45710,140108
45710,72219
45710,134103
45710,10467
45710,12270
45710,120672
45710,41639
45710,36700
45710,26694
45710,59027
45710,84300
45710,88380
45711,126657
45711,90730
45711,15994
45711,105408
45711,139366
45711,8962
45711,126719
45711,10746
45711,125311
45711,36427
45711,98736
45711,80475
45711,44923
45711,62160
45711,34214
45711,86639
45711,60084
45711,38725
45711,23212
45711,7880
45711,61529
45711,25416
45711,138600
45711,74754
45711,5002
45711,14536
45711,59546
45711,110940
45711,30950
45711,135499
45711,128615
45711,48671
45713,111899
45713,9420
45713,40087
45713,50030
45713,60679
45713,95140
45713,111383
45713,127277
45714,97574
45714,95452
45714,88347
45714,5124
45714,52451
45714,51742
45714,55169
45714,118936
45714,112345
45714,55019
45714,66475
45715,42391
45715,42362
45715,85325
45715,62605
45715,105771
45715,43298
45715,94143
45715,69449
45715,117921
45715,115440
45715,139947
45715,32302
45715,76586
45715,117494
45715,71624
45715,114645
45715,23504
45715,60770
45715,55894
45715,28039
45715,114659
45715,109822
45715,104573
45715,116411
45715,31806
45715,4492
45715,53196
45715,12720
45715,120435
45715,51512
45716,104526
45716,138900
45716,35328
45716,138908
45716,97799
45716,92100
45716,10438
45716,640
45716,111830
45716,96994
45716,134568
45716,10895
45716,78814
45716,79737
45716,97244
45716,9128
45716,19675
45716,27982
45716,85978
45716,97963
45716,136720
45716,26052
45716,100503
45716,149
45716,134406
45716,36183
45716,118666
45718,89875
45718,63775
45718,22092
45718,140490
45718,85872
45718,59523
45718,30602
45718,32192
45718,133217
45718,115164
45718,103878
45718,39633
45718,84573
45718,98282
45718,11618
45718,111235
45718,56527
45718,102098
45719,47842
45719,69450
45719,73619
45719,57087
45719,140034
45719,32873
45719,122527
45719,543
45719,77958
45719,45119
45719,22797
45719,138078
45719,58133
45719,104063
45719,88326
45719,38883
45719,10224
45719,27604
45719,10450
45719,72945
45719,102719
45719,119045
45719,124278
45719,57867
45719,74633
45719,71171
45719,102646
45719,5099
45719,25398
45723,83060
45723,78148
45723,17078
45723,119958
45723,114648
45723,78448
45723,134112
45723,125040
45723,51994
45723,88670
45723,86193
45723,5999
45723,11492
45723,18034
45723,58835
45723,79092
45723,57581
45723,47672
45723,59753
45723,39112
45723,45373
45723,55749
45723,69144
45723,14105
45723,121333
45723,131376
45723,81135
45723,83630
45723,16501
45723,13901
45723,8480
45723,25020
45726,70387
45726,84034
45726,108101
45726,67564
45726,15671
45726,125036
45726,32237
45726,55670
45726,49478
45726,118114
45726,23365
45726,60686
45726,57341
45726,462
45726,87428
45726,9193
45726,59824
45726,42206
45726,26324
45726,92301
45726,136302
45726,91351
45726,91341
45726,59239
45726,80894
45726,65523
45726,55645
45726,90307
45726,90218
45726,102427
45727,25827
45727,99161
45727,31820
45727,82767
45727,9138
45727,6559
45727,5420
45727,127898
45727,119577
45727,41225
45727,27853
45727,69226
45727,136645
45727,11291
45727,66464
45727,24560
45727,52669
45727,88785
45727,794
45727,2189
45727,120028
45727,96640
45727,68843
45727,748
45727,78845
45727,75921
45727,90776
45727,25069
45727,19780
45727,62236
45727,48020
45727,59276
45727,66261
45728,111679
45728,19338
45728,55624
45728,45198
45728,25214
45728,80387
45728,26383
45728,54570
45728,46043
45728,37887
45728,87759
45728,118535
45728,36008
45728,4131
45728,74535
45728,42699
45728,19613
45728,118886
45728,112001
45728,6485
45728,31867
45728,103190
45728,68054
45728,129561
45728,92442
45728,124795
45728,139036
45728,24833
45728,52898
45728,101245
45728,99285
45729,86602
45729,135892
45729,116710
45729,87789
45729,108917
45729,77594
45729,120100
45729,82375
45730,28660
45730,12961
45730,112614
45730,52707
45730,10076
45730,81839
45730,80716
45730,10471
45730,55976
45730,36333
45730,66458
45730,64432
45730,109903
45730,79052
45730,67197
45730,138370
45730,60143
45730,47759
45730,34964
45730,94963
45730,23307
45730,65191
45730,44747
45730,109658
45730,16156
45730,751
45730,37159
45730,92000
45730,105982
45730,136467
45730,77085
45731,128170
45731,73547
45731,58294
45731,73519
45731,120188
45731,82632
45731,93867
45731,79695
45731,88685
45731,19748
45731,92347
45731,32232
45731,38976
45731,119830
45731,102266
45731,44844
45732,7453
45732,47506
45732,120543
45732,56137
45732,102301
45732,30568
45732,59513
45732,100770
45732,12887
45732,12791
45732,12423
45732,22050
45732,101368
45732,105535
45733,110517
45733,135988
45733,126839
45733,33066
45733,80669
45733,55675
45733,100942
45733,89342
45733,82458
45733,82296
45733,81710
45733,60529
45733,65072
45733,99863
45733,116869
45733,75068
45733,21850
45733,17051
45733,5350
45733,85024
45733,63718
45733,90857
45733,43459
45733,76044
45733,33068
45733,79659
45733,48074
45733,5117
45733,79984
45733,6350
45733,76578
45735,28333
45735,97533
45735,86964
45735,114136
45735,87670
45735,26305
45735,42714
45735,99307
45735,45612
45735,104741
45735,130847
45735,96286
45735,77250
45735,98730
45735,30520
45735,24207
45735,77127
45735,103877
45735,139692
45735,41706
45735,68357
45735,79893
45735,27512
45735,105015
45735,116705
45735,16247
45735,94202
45735,16434
45735,77198
45735,24294
45735,73255
45735,99767
45736,4557
45736,127569
45736,65888
45736,111223
45736,90056
45736,36469
45736,28729
45736,10442
45736,9877
45736,35699
45736,122220
45736,111306
45736,65028
45736,90392
45736,72025
45736,70795
45736,32917
45736,62840
45736,96063
45736,126766
45736,112531
45736,24460
45736,65312
45736,34460
45736,81877
45736,84908
45736,12054
45736,117315
45736,102275
45736,100676
45736,54768
45736,117172
45736,108278
45737,34100
45737,13341
45737,137241
45737,83098
45737,133574
45737,99503
45737,56771
45737,41042
45737,36689
45737,84621
45737,115565
45737,109986
45737,38989
45737,70721
45737,98254
45737,94603
45737,44623
45737,102102
45737,14592
45737,122966
45737,96250
45737,132715
45737,113299
45737,138653
45737,129617
45737,129166
45737,4414
45737,140216
45737,34806
45737,94589
45737,81529
45738,67826
45738,26292
45738,24339
45738,113591
45738,69295
45738,61494
45738,37639
45738,96786
45738,3300
45738,944
45738,137245
45738,127563
45738,111699
45738,101792
45738,19648
45738,7581
45738,59088
45738,93592
45738,56808
45738,130787
45738,102149
45738,86494
45738,115122
45738,1641
45738,54367
45738,84263
45738,63070
45740,31861
45740,30791
45740,113755
45740,107413
45740,17264
45740,49744
45740,117628
45740,60012
45740,68752
45740,56895
45740,112177
45740,22075
45740,67223
45740,12249
45740,27204
45740,57338
45740,56841
45740,67322
45740,77235
45740,45079
45740,29235
45740,12366
45740,97350
45740,92152
45740,121905
45740,81248
45740,58620
45740,61824
45740,115442
45740,86235
45740,128016
45741,114103
45741,116661
45741,28868
45741,109533
45741,107282
45741,135415
45741,64170
45741,135868
45741,55551
45741,15363
45741,136739
45741,12189
45741,100226
45741,27028
45741,119030
45741,31698
45741,133472
45741,97361
45741,120827
45741,68622
45741,43696
45741,38118
45741,93297
45741,123180
45741,29700
45741,46192
45741,10454
45741,85130
45741,74071
45741,11591
45741,21572
45741,85927
45741,67638
45743,41263
45743,68188
45743,31968
45743,45404
45743,104370
45743,70808
45743,80086
45743,96666
45743,40906
45743,71394
45743,13552
45743,25386
45743,7847
45744,85536
45744,9983
45744,111342
45744,104393
45744,62005
45744,19159
45744,23922
45744,118033
45744,109238
45744,56355
45744,98295
45744,67304
45744,106044
45744,84645
45744,66558
45744,57396
45744,41894
45744,133809
45744,46236
45744,106318
45744,25254
45744,29419
45744,49101
45744,85039
45744,61343
45744,74452
45745,41195
45745,63471
45745,78067
45745,17229
45745,24852
45745,135334
45745,137652
45750,21129
45750,1248
45750,37029
45750,88496
45750,11710
45750,29726
45750,140503
45750,42200
45750,87878
45750,103682
45750,11942
45750,51790
45750,102992
45750,21693
45750,48419
45750,96662
45750,36619
45750,76214
45750,81449
45750,45447
45750,112607
45750,40185
45750,25908
45750,33023
45750,10145
45750,36320
45750,70401
45750,75658
45750,104649
45750,137305
45750,138276
45750,46134
45751,47861
45751,43372
45751,130709
45751,76660
45751,74582
45751,32505
45751,62016
45751,36024
45751,33036
45751,483
45751,89530
45751,4994
45751,114642
45751,57154
45751,60122
45751,113862
45751,16321
45751,28755
45751,140440
45751,24998
45751,13995
45751,15456
45751,100498
45751,14314
45752,20862
45752,5860
45752,140642
45752,31562
45752,38612
45752,18074
45752,110136
45752,75563
45752,64489
45752,110060
45752,16259
45752,77554
45752,3812
45752,27453
45752,118183
45752,114606
45752,75340
45752,100991
45752,40712
45752,50134
45752,23436
45752,138667
45752,55367
45752,66489
45752,63154
45752,50403
45752,49064
45752,87463
45752,32654
45752,28231
45752,114085
45752,47519
45755,120146
45755,49499
45755,91848
45755,23413
45755,118084
45755,113505
45755,124535
45755,78190
45755,61170
45755,83466
45755,125583
45755,112237
45755,137863
45755,73729
45755,83453
45755,94579
45755,120941
45755,129825
45755,121215
45755,88919
45755,95861
45755,24847
45755,80231
45755,93870
45755,77526
45755,32815
45755,54814
45755,38107
45755,81641
45755,55601
45757,139644
45757,74094
45757,15147
45757,19578
45757,140140
45757,110668
45757,7335
45757,140244
45757,605
45757,47382
45757,86978
45757,73695
45757,35996
45757,38251
45757,116611
45757,19891
45757,39163
45757,38857
45757,62589
45757,3769
45757,120844
45757,123480
45757,67656
45757,34087
45757,28192
45757,79998
45757,101223
45757,118544
45757,88953
45757,135239
45757,140299
45759,7654
45759,132515
45759,120489
45759,9824
45759,36608
45759,131207
45759,79407
45759,125615
45759,112623
45759,119912
45759,78739
45759,62242
45759,120230
45759,68799
45759,123177
45759,128938
45759,23851
45759,134057
45759,121693
45759,22841
45759,107859
45759,23801
45759,91067
45759,67936
45759,55316
45759,95992
45759,50307
45759,87144
45759,4113
45759,39219
45759,37883
45759,36833
45759,36156
45760,61466
45760,32995
45760,42501
45760,39743
45760,131924
45760,106835
45760,80370
45760,60033
45760,52643
45760,67056
45760,140505
45760,23680
45760,136277
45760,71620
45760,51405
45760,101975
45760,88101
45760,18071
45760,8816
45760,73491
45760,38374
45760,36659
45760,92854
45760,103067
45760,70071
45760,32707
45760,46097
45760,61649
45760,55727
45760,106450
45760,69569
45762,114404
45762,17154
45762,97201
45762,52927
45762,113400
45762,85349
45762,15710
45762,210
45762,128812
45762,82857
45762,25889
45762,59350
45762,76191
45762,73332
45762,101534
45762,89401
45762,32794
45762,53639
45762,118739
45762,47119
45762,65689
45762,41139
45762,128295
45762,47707
45762,63200
45762,94195
45762,66457
45762,111201
45762,34624
45762,41364
45762,114410
45762,85314
45762,65346
45762,78114
45765,100139
45765,126298
45765,52855
45765,56000
45765,7602
45765,94629
45765,93285
45765,71850
45765,46643
45765,36683
45765,34781
45765,61879
45765,9485
45765,69119
45765,114187
45765,104654
45765,127508
45765,117490
45765,65649
45765,96495
45765,104990
45765,83960
45765,67466
45765,133238
45765,133240
45765,24924
45765,89767
45765,3551
45765,8972
45765,33624
45765,17297
45766,114106
45766,55419
45766,1465
45766,6105
45766,40981
45766,116977
45766,64100
45766,35247
45766,8830
45766,135135
45766,94495
45766,24062
45766,122726
45766,133945
45766,120421
45766,29650
45766,42490
45766,91113
45766,102541
45767,60043
45767,4548
45767,96000
45767,105227
45767,119367
45767,58155
45767,101287
45767,4204
45767,54111
45767,131860
45767,131156
45767,105907
45767,88471
45767,66535
45767,13994
45767,12247
45767,19531
45767,18977
45767,57978
45767,132626
45767,5307
45767,39760
45767,61344
45767,26264
45767,14053
45767,18300
45767,113298
45767,54865
45767,86041
45767,104976
45768,75340
45768,10006
45768,120478
45768,21500
45768,66151
45768,920
45768,70663
45768,10059
45768,16259
45768,93549
45768,110445
45768,4825
45768,38944
45768,96958
45768,54041
45768,27998
45768,118430
45768,68434
45768,53100
45768,38952
45768,53002
45768,18613
45768,116256
45768,47519
45768,90232
45768,53734
45768,60796
45768,127106
45768,138043
45768,119353
45769,125261
45769,15640
45769,12870
45769,80336
45769,43888
45769,77254
45769,37820
45769,18294
45769,86248
45769,122002
45769,49855
45769,139193
45769,40598
45769,91667
45769,19413
45769,46317
45769,108197
45769,86654
45769,10642
45769,85147
45769,234
45769,16246
45769,51883
45769,119991
45769,40663
45769,39466
45770,92043
45770,86736
45770,70770
45770,26833
45770,122975
45770,103831
45770,75556
45770,14055
45770,80357
45770,131415
45770,27887
45770,77651
45770,9444
45770,71731
45770,56313
45770,127159
45770,78180
45770,78296
45770,27434
45770,56796
45770,6544
45770,16143
45770,28954
45770,34239
45770,122813
45770,103128
45770,80320
45770,102896
45770,35922
45770,105866
45770,9627
45771,14564
45771,84066
45771,52269
45771,22729
45771,128983
45771,52426
45771,10894
45771,37875
45771,132712
45771,89556
45771,102915
45771,91228
45771,94163
45771,131322
45771,25927
45771,25976
45771,118179
45771,5738
45771,81541
45771,88817
45771,82905
45771,77365
45771,41275
45771,67777
45771,3334
45771,44833
45771,130915
45771,41099
45771,22258
45771,33244
45771,90233
45771,117359
45772,50448
45772,15053
45772,126642
45772,94117
45772,132240
45772,138402
45772,475
45772,43329
45772,38336
45772,14015
45772,116488
45772,121731
45772,102889
45772,89711
45773,35929
45773,20833
45773,72261
45773,79427
45773,44586
45774,97937
45774,27788
45774,119653
45774,96426
45774,118188
45774,57223
45774,4106
45774,40047
45775,119636
45775,116471
45775,99237
45775,59864
45775,62281
45775,3104
45775,57353
45775,139364
45775,48165
45775,115222
45775,80897
45775,82750
45775,12439
45775,7948
45775,116210
45776,111137
45776,4019
45776,121617
45776,123021
45776,95004
45776,2379
45776,113976
45776,82077
45776,100301
45776,21796
45776,88874
45776,111627
45776,136534
45776,65423
45776,80329
45776,53114
45776,132392
45776,140501
45776,134698
45776,93246
45776,83360
45776,111884
45776,16087
45776,79670
45776,32948
45776,34186
45776,93793
45776,80439
45776,1645
45776,122836
45776,75370
45776,4207
45777,71928
45777,8560
45777,120134
45777,30139
45777,52479
45777,74799
45777,136400
45777,111108
45777,94133
45777,107289
45777,29900
45777,27665
45777,48389
45777,58759
45777,120758
45777,92483
45777,19167
45777,74410
45777,3055
45777,42209
45777,71706
45777,97292
45777,28157
45777,5717
45777,78878
45777,5827
45778,66506
45778,137514
45778,419
45778,125053
45778,80869
45778,85065
45778,84526
45778,111508
45778,89951
45778,79953
45778,93384
45778,101503
45778,56064
45778,17105
45778,136025
45778,131901
45778,65100
45778,91084
45778,82415
45778,98457
45778,1535
45778,92403
45778,136880
45778,137042
45778,28818
45778,108433
45778,88553
45778,77465
45778,131344
45778,117751
45778,62168
45778,39748
45778,18635
45778,80251
45779,66729
45779,131310
45779,66321
45779,48994
45779,84320
45779,113139
45779,33804
45779,31792
45779,32897
45779,38213
45779,67334
45779,118133
45779,83828
45779,96218
45780,23268
45780,105408
45780,126657
45780,4875
45780,70606
45780,139197
45780,15994
45780,77935
45780,20592
45780,37346
45780,3213
45780,126719
45780,86639
45780,71376
45780,41278
45780,7919
45780,125311
45780,139366
45780,1230
45780,45080
45780,70839
45780,41712
45780,53494
45780,60084
45780,61529
45780,10746
45780,64762
45780,121267
45780,135499
45780,74754
45780,38725
45780,7880
45780,35264
45780,80475
45780,69261
45781,71526
45781,23872
45781,12607
45781,33103
45781,137919
45781,74181
45781,2427
45781,125892
45781,105999
45781,84517
45781,36358
45781,134544
45781,26538
45781,132453
45781,123220
45781,132584
45781,2695
45781,94911
45781,28798
45781,15574
45781,115498
45781,10477
45781,95730
45781,46048
45781,31383
45781,104092
45781,23139
45781,34762
45781,105432
45781,49231
45781,58092
45782,140657
45782,138794
45782,9274
45782,111121
45782,7477
45782,130636
45782,123537
45782,118480
45782,47653
45782,71161
45782,16635
45782,91689
45782,70303
45782,80663
45784,83472
45784,42586
45784,113622
45784,24397
45784,55381
45784,66876
45784,101312
45784,16239
45784,51029
45784,129268
45784,43720
45784,61462
45784,3661
45784,57166
45784,124543
45784,46400
45784,91781
45784,56438
45784,21716
45784,12214
45784,75393
45784,64381
45784,27318
45784,17771
45784,45785
45784,66139
45784,21960
45784,106489
45784,88931
45784,68615
45784,34425
45784,69709
45784,77294
45787,79106
45787,59539
45787,49928
45787,22988
45787,87256
45787,113402
45787,41400
45787,86989
45787,57125
45787,453
45787,33067
45787,25979
45787,72631
45787,35010
45787,109877
45787,69171
45787,78642
45787,1211
45787,74085
45787,45961
45787,64620
45787,9318
45787,12154
45787,123201
45787,11631
45787,41441
45787,78926
45787,19043
45787,97298
45787,31962
45787,8374
45787,128834
45787,71987
45790,68343
45790,58480
45790,134268
45790,128473
45790,5647
45790,30580
45790,72782
45790,10368
45790,125345
45790,138351
45790,135707
45790,66381
45790,124708
45790,137640
45790,16127
45790,10151
45790,106150
45790,59934
45790,68896
45790,10233
45791,40673
45791,29316
45791,10843
45791,94018
45791,79255
45791,6426
45791,94433
45791,69398
45791,103262
45791,76424
45791,24354
45791,32853
45791,80152
45791,117902
45791,136585
45791,103971
45791,125711
45791,132049
45791,126621
45791,7762
45791,14421
45791,32203
45791,7518
45791,107540
45791,103145
45791,120209
45791,37978
45791,22320
45791,56726
45791,1644
45791,96135
45792,77089
45792,37818
45792,131892
45792,90845
45792,49656
45792,134154
45792,116942
45792,35223
45792,70177
45792,14082
45792,77914
45792,78500
45792,134323
45792,124342
45792,114932
45792,24545
45792,104517
45792,68420
45792,57952
45792,21018
45792,38419
45792,137997
45792,60846
45792,26248
45792,94455
45792,46274
45792,77795
45792,60468
45792,54850
45792,40279
45792,59781
45792,122112
45792,117294
45792,59657
45793,47976
45793,132396
45793,16931
45793,108905
45793,57706
45793,126162
45793,128572
45793,45540
45793,114485
45793,122568
45793,104583
45793,27223
45793,37250
45793,40637
45793,62199
45794,95218
45794,63621
45794,125695
45794,140235
45794,28801
45794,68139
45794,65049
45794,121124
45794,36865
45794,95509
45794,77389
45794,107497
45794,15852
45794,41427
45794,47313
45794,104244
45795,96235
45795,81875
45795,71668
45795,139257
45795,1477
45795,39626
45795,92569
45795,115728
45796,126755
45796,29947
45796,21500
45796,30297
45796,44281
45796,48573
45796,57916
45796,93269
45796,96212
45796,91415
45796,96269
45796,112969
45796,43628
45796,105186
45796,122741
45796,93657
45796,140241
45796,63601
45796,113220
45796,57838
45796,129910
45796,86969
45796,41313
45796,38065
45796,110717
45796,136480
45800,136469
45800,91601
45800,248
45800,93978
45800,140202
45800,69670
45800,108191
45800,9801
45800,57690
45800,58819
45800,11297
45800,97704
45800,60274
45800,11957
45800,102251
45800,89878
45800,98465
45800,27617
45800,88671
45800,135249
45800,132045
45800,32834
45800,28414
45800,41484
45800,39503
45800,132490
45800,17642
45800,26016
45800,125343
45800,55264
45800,108094
45800,78841
45800,12346
45801,21129
45801,1248
45801,37029
45801,42200
45801,88496
45801,29726
45801,140503
45801,76214
45801,81449
45801,102992
45801,11710
45801,21693
45801,96662
45801,19956
45801,36320
45801,112607
45801,10145
45801,33023
45801,25908
45801,45447
45801,104649
45801,38533
45801,137305
45801,118714
45801,40185
45801,46134
45802,11080
45802,137070
45802,101507
45802,121525
45802,90356
45802,2380
45802,86879
45802,63963
45802,47268
45802,53599
45802,98785
45802,78621
45802,42036
45802,32929
45802,27091
45802,19287
45802,13030
45802,110768
45802,133026
45802,69770
45802,227
45802,43545
45802,140326
45802,10026
45802,86727
45802,74511
45802,18856
45802,118614
45802,17408
45802,3828
45802,63962
45802,101197
45802,61547
45803,123055
45803,35556
45803,69539
45803,13221
45803,2336
45803,66733
45803,116668
45803,43978
45803,104927
45803,136658
45803,109770
45803,78911
45803,100267
45803,67505
45803,81352
45803,50303
45803,47427
45803,138447
45803,128481
45804,120878
45804,114237
45804,88972
45804,31551
45804,113351
45804,36386
45804,31759
45804,96828
45804,62063
45804,29256
45804,12112
45804,116708
45804,94577
45804,85932
45804,98538
45804,67557
45804,51015
45804,92329
45804,3622
45804,43124
45804,70488
45804,114651
45804,84295
45804,86498
45804,12748
45804,54569
45804,76398
45804,23547
45804,39285
45805,76440
45805,95804
45805,137143
45805,88210
45805,23806
45805,119133
45807,120971
45807,45448
45807,104830
45807,85637
45807,16549
45807,121483
45807,16785
45807,58329
45807,63209
45807,85989
45807,95358
45807,128300
45807,16680
45807,108208
45807,96950
45807,43883
45807,125860
45807,66153
45807,50222
45807,111504
45807,140289
45807,26338
45807,8275
45807,134277
45807,105848
45807,31638
45807,114988
45807,55208
45807,129847
45807,54815
45808,68283
45808,75700
45808,68964
45808,69043
45808,72506
45808,110994
45808,138263
45808,87519
45808,10329
45808,9632
45808,103440
45808,86614
45808,138143
45808,42474
45808,127936
45808,120479
45808,14424
45808,46165
45808,9367
45808,105942
45808,23128
45808,32344
45808,2750
45808,63437
45808,57307
45809,126639
45809,108517
45809,19696
45809,88311
45809,51865
45809,98889
45809,71477
45809,76503
45809,45226
45809,132921
45809,130776
45809,65345
45809,71036
45809,58278
45809,114066
45809,56473
45809,140023
45809,128189
45809,133366
45809,51423
45809,45099
45809,109446
45809,130352
45809,63400
45809,96366
45809,119361
45809,26651
45809,96847
45809,122395
45809,108832
45809,133507
45809,135735
45810,127420
45810,67012
45810,70297
45810,61864
45810,130093
45810,33181
45810,45249
45810,30835
45810,17449
45810,53168
45810,138062
45810,19071
45810,73097
45810,121407
45810,5155
45810,92421
45810,118421
45810,98261
45810,42390
45810,22025
45811,124198
45811,107116
45811,62510
45811,16627
45811,43863
45811,55399
45811,83953
45811,1162
45811,59797
45812,12075
45812,27178
45812,2688
45812,121530
45812,86979
45812,73084
45812,26704
45812,134200
45812,103572
45812,8095
45812,13564
45812,18869
45812,74681
45812,57717
45812,73890
45812,30864
45812,82270
45812,86321
45812,31080
45812,14455
45812,53712
45812,29481
45812,4384
45812,124840
45812,128503
45812,83065
45812,126703
45812,126160
45812,6252
45812,37007
45812,138386
45816,49575
45816,122867
45816,80188
45816,44558
45816,107577
45816,126645
45816,96011
45816,33034
45816,129544
45816,116673
45816,45708
45816,96379
45816,5900
45816,106215
45816,118989
45816,92918
45816,103054
45816,80745
45817,23032
45817,133891
45817,51629
45817,119771
45817,71870
45817,6046
45819,65991
45819,78190
45819,118393
45819,54876
45819,127443
45819,93804
45819,17349
45819,47197
45819,94389
45819,25183
45821,115994
45821,80067
45821,98198
45821,135946
45821,135874
45821,7127
45821,118722
45821,97517
45821,95394
45821,6400
45821,122468
45821,53443
45821,114201
45821,69149
45821,24654
45821,62868
45821,94850
45821,89202
45821,121614
45821,19965
45821,83079
45821,42207
45821,112270
45821,11314
45821,85930
45821,85657
45821,38769
45821,97430
45821,135006
45821,32279
45821,67539
45821,30313
45823,96761
45823,135779
45823,51066
45823,120497
45823,38750
45823,18053
45823,556
45823,31169
45823,62400
45823,64569
45823,33977
45823,83834
45823,84122
45823,85300
45823,24559
45823,72492
45823,106819
45823,129228
45823,135537
45824,131949
45824,100150
45824,40773
45824,12541
45824,120375
45824,128198
45824,111358
45824,36153
45824,2331
45824,38216
45824,58363
45824,16657
45824,3739
45824,102280
45824,55322
45824,87691
45824,114534
45824,75067
45824,31692
45824,136689
45824,77946
45824,61234
45824,102674
45824,103259
45824,41507
45824,117254
45824,111338
45824,97360
45824,23693
45824,118930
45824,71361
45825,62093
45825,44057
45825,100192
45825,5250
45825,90517
45825,137861
45825,107908
45825,9707
45825,50565
45825,113860
45825,66656
45826,86311
45826,130154
45826,15787
45826,12571
45826,83077
45826,6255
45826,134556
45826,39312
45826,39417
45826,21050
45826,31755
45826,10339
45826,133342
45826,27974
45826,29856
45826,17453
45826,68426
45826,113853
45826,82930
45826,30995
45826,50284
45826,57587
45826,110190
45826,122972
45826,100390
45826,80321
45826,139435
45826,92210
45826,67453
45826,120426
45826,53113
45826,78696
45826,103062
45826,23306
45826,8422
45828,121997
45828,94191
45828,138884
45828,138218
45828,49583
45828,18510
45828,84962
45828,103496
45828,85719
45828,22493
45828,32409
45828,68316
45828,87504
45828,130691
45828,88291
45828,33550
45828,103786
45828,95831
45828,60092
45828,7104
45828,72366
45828,80534
45828,36299
45828,82241
45828,56967
45828,26334
45830,101865
45830,31951
45830,57428
45830,93276
45830,22859
45830,135420
45830,64336
45830,3599
45830,37823
45830,81598
45830,119042
45830,16477
45830,49822
45830,58783
45830,48670
45830,33233
45830,68805
45830,57363
45830,66541
45830,38759
45830,112876
45830,19785
45830,112060
45830,50184
45830,130558
45830,122129
45830,116304
45831,17361
45831,125252
45831,49877
45831,137066
45831,33848
45831,27163
45831,78788
45831,65080
45831,120834
45831,8406
45831,31178
45831,59429
45831,90646
45831,79372
45831,76947
45831,61213
45831,102200
45831,26008
45831,76547
45831,105309
45831,108789
45831,96709
45831,70281
45831,127620
45831,3932
45831,18834
45831,15829
45831,43322
45831,108475
45831,27021
45831,117989
45832,91996
45832,7912
45832,6778
45832,13351
45832,37464
45832,23675
45832,38373
45832,52561
45832,48546
45832,16841
45832,115743
45832,31289
45832,126211
45832,102061
45832,97367
45832,95432
45832,16377
45832,101542
45832,42557
45832,115386
45832,15717
45832,120693
45832,57598
45832,40097
45833,7807
45833,53634
45833,127955
45833,42927
45833,18615
45833,12756
45833,23453
45833,38473
45833,64432
45833,33156
45833,83411
45833,61451
45833,109209
45833,54635
45833,86192
45833,102882
45833,75187
45833,988
45833,132572
45833,79052
45833,87357
45833,97596
45833,77079
45833,2602
45833,9439
45833,127354
45833,60990
45833,89522
45833,39177
45833,133197
45836,9696
45836,27788
45836,119653
45836,96426
45836,118188
45836,97937
45836,4106
45836,4435
45836,49601
45836,105336
45836,123706
45837,5286
45837,112479
45837,32842
45837,32358
45837,121350
45837,27699
45837,112101
45837,40441
45837,57114
45837,122734
45837,21808
45837,58217
45837,9589
45837,94194
45837,82404
45837,126899
45837,69607
45837,92611
45837,126073
45837,27525
45837,137264
45837,139917
45837,113229
45837,10763
45837,66606
45837,124234
45837,77856
45837,130258
45837,23073
45837,121675
45837,82688
45839,117509
45839,17592
45839,125993
45839,17018
45839,66560
45839,43185
45839,23347
45839,73330
45839,38898
45839,85491
45839,96337
45839,49316
45839,51259
45839,114017
45839,72980
45841,81037
45841,15518
45841,49783
45841,94676
45841,16764
45841,32501
45841,135332
45841,10844
45841,4168
45841,6969
45841,115368
45841,102145
45841,10577
45841,964
45841,87611
45841,108020
45841,58887
45841,99903
45841,71280
45841,102871
45841,53672
45841,129255
45841,126675
45841,135442
45841,93750
45841,12643
45841,123796
45841,38193
45841,73278
45841,61102
45841,137231
45841,18268
45842,81408
45842,93819
45842,48243
45842,109462
45842,124884
45842,24993
45842,123857
45842,121391
45842,1025
45842,59430
45842,25864
45842,24781
45842,132464
45842,56448
45842,17553
45842,106402
45842,30289
45842,26532
45842,69117
45842,113310
45842,111731
45842,92041
45842,112548
45842,102932
45844,130729
45844,110813
45844,85742
45844,115779
45844,81172
45844,125069
45844,39341
45844,118104
45844,57724
45844,119542
45844,35245
45844,52838
45844,104087
45844,116416
45844,103600
45844,86778
45844,48090
45844,40629
45844,85567
45844,114230
45844,27317
45844,55688
45844,71258
45844,121071
45844,4610
45844,52681
45844,139893
45844,56417
45844,88345
45844,117177
45844,5541
45844,44497
45844,24996
45845,93974
45845,99025
45845,120238
45845,91975
45845,34151
45845,121696
45846,81953
45846,108497
45846,96686
45846,62227
45846,137804
45846,56163
45846,72666
45846,10888
45846,67837
45846,8889
45846,94958
45846,71457
45846,114345
45846,120892
45846,73929
45846,78262
45846,63197
45846,102491
45846,77403
45846,34799
45846,15244
45846,89862
45846,53182
45846,99030
45846,15595
45846,42709
45846,14890
45846,32763
45846,96812
45846,37377
45846,8809
45847,50643
45847,34251
45847,56254
45847,59105
45847,448
45847,114304
45849,5392
45849,84215
45849,51215
45849,74635
45849,66377
45849,125211
45849,63380
45849,119625
45849,11318
45849,24210
45849,110075
45849,122777
45849,72599
45849,135600
45849,31952
45849,109299
45849,61648
45849,103316
45849,127863
45849,44073
45849,28180
45849,40613
45849,44865
45849,3743
45849,20278
45849,64563
45849,101917
45849,5324
45850,116398
45850,134609
45850,38363
45850,51876
45850,3518
45850,28238
45850,134685
45850,6838
45850,80393
45850,94534
45850,134154
45850,49656
45850,68420
45850,126968
45850,68777
45850,133661
45850,110263
45850,66253
45850,57952
45850,138106
45850,16131
45850,125083
45850,22066
45850,35225
45857,60401
45857,71559
45857,64955
45857,1772
45857,36701
45857,91855
45857,31728
45857,123776
45857,64475
45857,45006
45857,98279
45857,69116
45857,115579
45857,99785
45857,43791
45857,87946
45857,11069
45857,134674
45857,72467
45857,50697
45857,53246
45858,31637
45858,26653
45858,1964
45858,121924
45858,16163
45858,71085
45858,6040
45858,85757
45858,63741
45858,103714
45858,86203
45858,47875
45858,94366
45858,83161
45858,55392
45858,75608
45858,80871
45858,121956
45858,40231
45858,67705
45858,19726
45858,19046
45858,5942
45858,39537
45858,12895
45858,7252
45859,43241
45859,86778
45859,115779
45859,57997
45859,40974
45859,59779
45859,103937
45859,32625
45859,116416
45859,48090
45859,44693
45859,52838
45859,117976
45859,55688
45859,31750
45859,117177
45859,12875
45859,35245
45859,16020
45859,32243
45859,12248
45859,23697
45859,127482
45859,117667
45859,4610
45859,70568
45859,121071
45859,72684
45859,88345
45859,36029
45859,24996
45859,9253
45859,44497
45860,69139
45860,65868
45860,45156
45860,92860
45860,7822
45860,110707
45860,116880
45860,41938
45860,38206
45860,9703
45860,140136
45860,126380
45860,95534
45860,85364
45862,132925
45862,21808
45862,77856
45862,32842
45862,92611
45862,34020
45862,115310
45862,112101
45862,71922
45862,134232
45862,57114
45862,22578
45862,130258
45862,82688
45862,60223
45862,5286
45862,139917
45862,89476
45862,10763
45862,58217
45862,10107
45862,62326
45862,30618
45862,113229
45862,121350
45862,43440
45862,9589
45862,66606
45862,101162
45862,121675
45862,102466
45862,124234
45863,101880
45863,8617
45863,18791
45863,23373
45863,46370
45863,103888
45863,91499
45863,33801
45863,17669
45863,89054
45864,5090
45864,77109
45864,92698
45864,9522
45864,41585
45864,138971
45864,130968
45864,125447
45864,27711
45864,42875
45864,121586
45864,63682
45864,65496
45864,41368
45864,18859
45864,37788
45864,121665
45864,31945
45864,121287
45864,114777
45864,35043
45864,99894
45864,85576
45864,18569
45864,102112
45864,68783
45864,135195
45864,134786
45865,36097
45865,57191
45865,96588
45865,110882
45865,102150
45865,117848
45865,127764
45865,123708
45865,122449
45865,83513
45865,19886
45865,119016
45865,5513
45865,47943
45865,71077
45865,83301
45865,6387
45865,42601
45865,34372
45865,65887
45865,54632
45865,62937
45865,39413
45865,32176
45865,47069
45866,54451
45866,89986
45866,34751
45866,85879
45866,99601
45866,95701
45866,36095
45866,4476
45866,96460
45866,27530
45867,73580
45867,129559
45867,126471
45867,44396
45867,31898
45867,69841
45867,49410
45867,20660
45869,82171
45869,3904
45869,3910
45869,33678
45869,68081
45869,131812
45869,10085
45869,101045
45869,24966
45869,109147
45869,2656
45869,86301
45869,55787
45869,24104
45869,92278
45869,57499
45870,79106
45870,48004
45870,106421
45870,90920
45870,70887
45870,87490
45870,99314
45870,34852
45870,79596
45870,78725
45870,55148
45870,140016
45870,87256
45870,67025
45870,88616
45870,72631
45870,5132
45870,7895
45870,8312
45870,109
45870,1211
45870,59042
45870,123584
45870,121198
45870,33509
45870,9318
45870,12154
45870,99270
45870,123201
45870,19875
45870,38064
45870,31962
45870,72826
45870,128834
45871,133509
45871,85555
45871,48233
45871,127094
45871,27686
45871,107255
45871,92161
45871,110258
45871,72873
45871,55865
45871,7898
45871,59962
45871,79437
45871,41438
45871,82267
45872,11176
45872,56216
45872,43930
45872,18950
45872,107118
45872,21162
45872,83682
45872,72356
45872,95178
45872,3354
45872,136556
45872,109941
45872,2390
45872,124226
45872,135001
45872,112595
45872,121682
45872,129298
45872,54160
45872,116922
45872,72981
45872,21548
45872,125748
45872,124013
45872,1440
45872,62437
45872,15982
45872,13704
45872,88688
45872,1659
45872,136979
45872,133851
45873,17739
45873,6202
45873,70058
45873,44502
45873,28495
45873,95122
45873,8343
45873,124652
45873,92436
45873,59098
45873,116895
45873,136865
45873,26118
45873,81977
45873,14119
45873,63129
45873,72473
45873,139706
45873,15079
45873,86858
45873,26269
45873,44273
45873,131580
45873,70903
45873,119847
45873,105720
45873,138962
45873,14752
45873,130878
45873,137450
45873,85894
45873,80265
45873,9496
45875,94927
45875,133445
45875,92176
45875,16158
45875,27867
45875,113644
45875,104975
45875,110879
45875,56679
45875,139756
45875,109463
45875,121368
45875,19323
45875,101010
45875,40715
45875,5105
45876,58037
45876,117144
45876,118641
45876,107485
45876,36996
45876,68487
45876,115026
45876,5002
45876,35817
45876,120317
45876,105538
45876,128615
45876,448
45878,49761
45878,139530
45878,95580
45878,138450
45878,56914
45878,1267
45878,54940
45878,90908
45878,71220
45878,92851
45878,74447
45878,22494
45878,100122
45878,6402
45878,27911
45878,23500
45878,138746
45878,31959
45878,59063
45878,67017
45878,121446
45878,135537
45878,131357
45878,106819
45878,578
45879,87293
45879,138004
45879,58277
45879,132771
45879,52111
45879,124443
45879,127475
45879,93123
45879,36335
45879,105104
45879,58167
45879,86680
45879,134269
45879,10203
45879,97602
45879,75860
45879,16815
45879,7110
45879,84635
45879,96707
45879,66737
45879,140570
45879,66893
45879,38329
45879,43369
45879,82169
45879,33201
45879,36863
45879,58613
45879,50472
45879,118038
45879,125476
45880,138321
45880,124356
45880,96894
45880,90997
45880,56559
45880,35417
45880,56299
45880,4931
45880,17243
45880,36965
45880,44240
45880,44431
45880,68245
45880,130489
45880,35602
45880,137080
45880,135051
45880,7112
45880,103173
45880,92796
45880,34322
45880,32386
45880,73029
45880,32040
45880,75894
45880,54716
45880,112484
45880,43557
45880,5334
45880,136933
45880,13101
45880,55304
45880,122204
45881,106335
45881,66750
45881,32798
45881,109804
45881,63105
45881,20430
45881,96206
45881,88768
45881,135904
45881,25159
45881,80709
45881,67964
45881,133943
45881,14480
45881,63229
45881,31825
45881,92161
45881,59721
45881,81542
45881,53274
45881,91975
45881,14944
45881,105759
45881,46501
45881,49084
45881,89981
45881,20274
45881,91941
45881,15399
45881,59324
45881,3949
45881,138452
45881,77990
45882,104547
45882,98565
45882,22668
45882,117133
45882,120560
45882,96904
45882,14408
45882,56784
45882,107080
45882,128856
45882,10248
45882,74446
45882,132376
45883,133890
45883,126034
45883,99293
45883,5566
45883,61249
45884,38369
45884,71636
45884,14444
45884,38842
45884,55605
45884,114863
45884,67582
45884,92136
45884,79899
45884,33333
45884,134412
45884,5205
45884,34435
45884,43730
45884,67507
45884,18838
45884,92423
45884,78990
45884,8948
45884,26763
45884,31130
45884,117747
45884,123479
45884,7776
45884,12953
45885,92155
45885,125608
45885,120591
45885,64736
45885,52426
45885,67525
45885,33830
45885,137282
45885,98130
45885,23653
45885,110100
45885,47522
45885,129693
45885,127899
45885,105666
45885,49381
45885,57412
45885,64165
45885,6860
45885,138997
45885,49512
45885,87357
45885,18870
45885,7371
45885,133480
45885,88327
45885,30815
45885,101997
45886,139530
45886,95580
45886,128841
45886,104556
45886,22494
45886,10608
45886,31959
45886,26007
45886,61203
45886,51131
45886,71178
45886,42556
45886,138746
45886,56914
45886,6402
45886,120090
45886,98382
45886,54940
45886,67017
45886,92851
45886,74447
45886,87442
45886,115127
45886,37126
45886,121446
45890,53235
45890,8560
45890,93725
45890,71928
45890,90015
45890,31002
45890,71023
45890,126937
45890,74799
45890,111108
45890,65482
45890,120134
45890,15415
45890,56013
45890,94133
45890,128688
45890,117333
45890,53276
45890,49122
45890,52479
45890,67431
45890,42073
45890,29900
45890,27665
45890,30139
45890,19167
45890,116094
45890,136400
45890,138174
45890,58759
45890,28157
45890,132981
45890,5827
45892,122109
45892,2493
45892,32971
45892,33181
45892,95197
45892,103053
45892,126760
45892,16293
45892,85087
45892,50775
45892,100531
45892,6226
45892,43927
45892,110079
45892,993
45892,80636
45892,71042
45892,75111
45892,59645
45892,58512
45892,36421
45892,13289
45892,134829
45892,80939
45892,37570
45892,86771
45892,43495
45892,66931
45892,3847
45892,39778
45892,109588
45892,36487
45893,3316
45893,62311
45893,80687
45893,11316
45893,122567
45893,42489
45893,90571
45893,113429
45893,58178
45893,107160
45893,70222
45893,81240
45893,139738
45893,127275
45893,106620
45893,73270
45893,13002
45893,86251
45893,32102
45893,42397
45893,108596
45893,134513
45893,78580
45893,40785
45893,116082
45893,79082
45893,70089
45893,73602
45893,83691
45893,81368
45893,60112
45894,56270
45894,48861
45894,89763
45894,88641
45894,9574
45894,88211
45894,126469
45894,82384
45894,58348
45894,27534
45894,120604
45894,101433
45894,117741
45894,18027
45894,128566
45894,22044
45894,136857
45894,101302
45894,37865
45894,121358
45894,113242
45894,49216
45894,34569
45894,46677
45894,28031
45894,76713
45894,18009
45894,29053
45894,99132
45894,59104
45895,131983
45895,130660
45895,73127
45895,50543
45895,50703
45895,107079
45895,20997
45895,139595
45895,135650
45895,24469
45895,6366
45895,83216
45895,91998
45895,17696
45895,59384
45895,118929
45895,44315
45895,42510
45895,7592
45895,33266
45895,138404
45895,51841
45895,56522
45895,33473
45895,69431
45895,103168
45895,80735
45895,91540
45895,136033
45895,129340
45895,105815
45897,63190
45897,43663
45897,110700
45897,117123
45897,95736
45897,33553
45897,66357
45897,48339
45897,83261
45897,2382
45897,42150
45897,66708
45897,75314
45897,10409
45897,25456
45897,111797
45897,35222
45897,89704
45897,38159
45897,47039
45897,47841
45897,2406
45897,89522
45897,7507
45897,81694
45897,23279
45897,90505
45897,2922
45897,15013
45897,44185
45897,80947
45897,107992
45898,56003
45898,84566
45898,48356
45898,120079
45898,92240
45898,114048
45898,71158
45898,43421
45898,95662
45898,107718
45898,24226
45898,34653
45898,133579
45898,103890
45898,135559
45898,39042
45898,124092
45898,38752
45898,129801
45898,16643
45898,43021
45898,17579
45898,134594
45898,27626
45898,117007
45898,27199
45898,70573
45898,37140
45898,28531
45900,63022
45900,56285
45900,133776
45900,49989
45900,81007
45900,62809
45900,49764
45900,57549
45900,57362
45900,84816
45900,136530
45900,119013
45900,52541
45900,26333
45900,84795
45900,27052
45900,21660
45900,116997
45900,85937
45900,61585
45900,118013
45900,124635
45900,88794
45900,7590
45900,90591
45900,132654
45900,140196
45900,89693
45900,45358
45900,23751
45900,57498
45900,11691
45901,77192
45901,131410
45901,94837
45901,95519
45901,42013
45901,105570
45901,119306
45901,136917
45901,108658
45901,117232
45901,82151
45901,92749
45901,63454
45901,66829
45901,121285
45901,57385
45901,63848
45901,43987
45901,21062
45901,56111
45901,78541
45901,136287
45901,3674
45901,99360
45901,128115
45901,123424
45901,46288
45901,12167
45901,133134
45901,29006
45901,126157
45901,103037
45901,133790
45903,77775
45903,64596
45903,96456
45903,109103
45903,43405
45903,97484
45903,43016
45903,111344
45903,107399
45903,12977
45903,45634
45903,66652
45903,91134
45903,112398
45903,112236
45903,29263
45903,79686
45903,15871
45903,107435
45903,24236
45903,119123
45903,85189
45903,95570
45903,108667
45903,77083
45903,46464
45903,133451
45903,138178
45903,54140
45903,73041
45903,70073
45903,136381
45903,137407
45906,1247
45906,81489
45906,11294
45906,7627
45906,106196
45906,123355
45906,87595
45906,23380
45908,31582
45908,2353
45908,133509
45908,51465
45908,122859
45908,109868
45908,138722
45908,27686
45908,134671
45908,131414
45908,127094
45908,113912
45908,94261
45908,85555
45908,131894
45908,123096
45908,139000
45908,59056
45908,53904
45908,104493
45908,107172
45908,46320
45908,30986
45908,24513
45908,96553
45908,11885
45908,79437
45908,120274
45908,41438
45908,30487
45908,94897
45908,73379
45909,107846
45909,90770
45909,58735
45909,119580
45909,130029
45909,31576
45909,72473
45909,15634
45909,139706
45909,133527
45909,14119
45909,74086
45909,92927
45909,30057
45909,49738
45909,110990
45909,2267
45909,114820
45909,34683
45909,78919
45909,29559
45909,28427
45909,137946
45909,76972
45909,81636
45909,63545
45909,46569
45909,42106
45909,16658
45909,67897
45909,100081
45909,106872
45909,14752
45909,76689
45910,105408
45910,15994
45910,126264
45910,3213
45910,36427
45910,126657
45910,90730
45910,25476
45910,110940
45910,96761
45910,23268
45910,98736
45910,28731
45910,1497
45910,53494
45910,8962
45910,79740
45910,14536
45910,35817
45910,31643
45910,17633
45910,84122
45910,41712
45910,60277
45910,32112
45910,138085
45910,59546
45910,23212
45910,69261
45910,44923
45910,125311
45910,5002
45912,97202
45912,72946
45912,6167
45912,106694
45912,81800
45912,34381
45912,81573
45912,95786
45912,45329
45912,26939
45912,42032
45912,73995
45912,109043
45912,53315
45912,25588
45912,2607
45912,136169
45912,95583
45912,30074
45912,93660
45912,117332
45912,85108
45912,93335
45912,119348
45913,7394
45913,97873
45913,94380
45913,121762
45913,25867
45913,45105
45913,34024
45913,138792
45913,71434
45913,60131
45913,74151
45913,48085
45913,46324
45913,119462
45913,26629
45913,122366
45913,110988
45913,22095
45913,67616
45913,128603
45913,64347
45914,67340
45914,8027
45914,82259
45914,16749
45914,41443
45914,103962
45914,87921
45914,51073
45914,15623
45914,66217
45914,19210
45914,36835
45914,15243
45914,111733
45914,116851
45914,12666
45914,34549
45914,96152
45914,49576
45914,124365
45914,97451
45914,85918
45914,48616
45914,25016
45914,29728
45914,27984
45914,28100
45914,71374
45914,61691
45914,41674
45914,106513
45914,112102
45914,13494
45915,98756
45915,123926
45915,57140
45915,83297
45915,14449
45915,24543
45915,98066
45915,92999
45915,121585
45915,108179
45915,140159
45915,112057
45915,76046
45915,117033
45915,36819
45915,91581
45916,80133
45916,105052
45916,100507
45916,52752
45916,46515
45916,37983
45916,110687
45916,45640
45916,79333
45916,55478
45916,38166
45916,90813
45916,127458
45916,36175
45916,91442
45917,99484
45917,138112
45917,24452
45917,50162
45917,128085
45917,54937
45917,9624
45917,56050
45917,72090
45917,95031
45917,74045
45917,22883
45917,89466
45917,128871
45917,116251
45917,37567
45917,28181
45917,110165
45917,35235
45917,31940
45917,94729
45917,73666
45917,82231
45917,63894
45917,123675
45917,24194
45917,78599
45917,22393
45917,5543
45917,90385
45917,34263
45917,134992
45917,3180
45917,139162
45922,106421
45922,106230
45922,63604
45922,70887
45922,113402
45922,77574
45922,87490
45922,41400
45922,124778
45922,79106
45922,56917
45922,37063
45922,75795
45922,49928
45922,25979
45922,45961
45922,35010
45922,69171
45922,86989
45922,29230
45922,55148
45922,33067
45922,122248
45922,39127
45922,123201
45922,11631
45922,60244
45922,81109
45922,19043
45922,41441
45922,19875
45922,38064
45922,42171
45922,128834
45923,33083
45923,45882
45923,80930
45923,88386
45923,90312
45923,69107
45923,131608
45923,61015
45923,119942
45923,37088
45923,8243
45923,132104
45923,26357
45923,109958
45923,75433
45923,110977
45923,128839
45923,116435
45923,139764
45923,43264
45923,63562
45923,12224
45923,100892
45923,62030
45923,72476
45923,67792
45923,99326
45923,115946
45923,123948
45923,82328
45923,32788
45923,19626
45923,76101
45924,72369
45924,51675
45924,123341
45924,33264
45924,8628
45924,85789
45924,119815
45924,39880
45924,70088
45924,8443
45925,32626
45925,21048
45925,79714
45925,89763
45925,20156
45925,111900
45925,119830
45925,139434
45925,64886
45925,132776
45925,9733
45925,88503
45925,79695
45925,77903
45925,47085
45925,18768
45925,85859
45925,97544
45925,105083
45925,22864
45925,83767
45925,26823
45925,99132
45925,103701
45925,113077
45925,86054
45925,7881
45928,7345
45928,84742
45928,59265
45928,109223
45928,64563
45928,2005
45928,16173
45928,70434
45928,93908
45928,85399
45928,86174
45928,95420
45928,131441
45928,14951
45928,126624
45928,19162
45928,19353
45928,20278
45928,133669
45928,117928
45930,121926
45930,61052
45930,93422
45930,24477
45930,86419
45930,84646
45930,115425
45930,29926
45930,89031
45930,112688
45930,40997
45930,108394
45930,139960
45930,68474
45930,55803
45930,1665
45930,97867
45930,103517
45930,67073
45930,119138
45930,8581
45930,31715
45930,19282
45930,9297
45930,15728
45930,36754
45930,48880
45930,48788
45930,57818
45930,48172
45931,128262
45931,39500
45931,26724
45931,32950
45931,138492
45931,35379
45931,107150
45931,122005
45931,113737
45931,127941
45931,68439
45931,107854
45931,39086
45931,70894
45931,35384
45931,65534
45931,81456
45931,53952
45931,42485
45931,72117
45931,106985
45935,111322
45935,47877
45935,94045
45935,129658
45935,3938
45935,106793
45935,69031
45935,2454
45935,99723
45935,123036
45935,9510
45935,1704
45935,76996
45935,107857
45935,122201
45935,122720
45935,76759
45935,36410
45935,26521
45935,67177
45935,43044
45935,98695
45935,63205
45935,116133
45935,25241
45935,118765
45935,33882
45935,4193
45935,85987
45935,97859
45935,9122
45935,18612
45935,8515
45937,105869
45937,41865
45937,92380
45937,80854
45937,134327
45937,11600
45937,97506
45937,114635
45937,42062
45937,80691
45937,34525
45937,17929
45937,135453
45937,43171
45937,138246
45937,133954
45937,97027
45938,55409
45938,138845
45938,134598
45938,21231
45938,41632
45938,29212
45938,27221
45938,119669
45938,19366
45938,7071
45938,73474
45938,107698
45938,74022
45938,121462
45938,124538
45938,102345
45938,13398
45938,65930
45940,13449
45940,125035
45940,138162
45940,44957
45940,92824
45940,122772
45940,23072
45940,133977
45940,132417
45940,100842
45940,81292
45940,133886
45940,21559
45940,25761
45940,124219
45940,47040
45940,31165
45940,65422
45940,67637
45940,7632
45940,79005
45940,117143
45940,91242
45940,31026
45940,23304
45941,52199
45941,137360
45941,87698
45941,440
45941,43830
45941,18873
45941,58974
45941,59976
45941,127215
45941,91343
45941,109781
45941,133599
45941,128734
45941,132118
45941,83351
45941,31573
45941,21708
45941,60785
45941,19166
45941,137535
45941,125454
45941,102752
45941,12609
45941,105640
45941,111300
45941,129883
45941,19005
45941,33439
45941,27521
45941,15150
45941,132215
45942,79106
45942,121041
45942,113402
45942,1211
45942,38758
45942,34852
45942,61586
45942,99314
45942,62031
45942,57125
45942,453
45942,140016
45942,79625
45942,87256
45942,107087
45942,37063
45942,109
45942,28517
45942,25979
45942,78642
45942,59042
45942,123584
45942,69171
45942,86989
45942,121198
45942,128155
45942,78725
45942,33509
45942,8312
45942,122248
45942,99270
45942,123201
45942,127988
45942,38064
45943,138943
45943,45036
45943,28766
45943,121887
45943,62522
45943,13791
45943,39715
45943,91392
45943,85791
45943,139051
45943,21783
45943,4149
45943,77674
45943,10774
45943,99317
45943,13281
45943,93504
45943,91476
45944,48068
45944,106764
45944,115117
45944,72471
45944,111094
45944,56348
45944,56665
45944,104563
45944,69088
45944,31938
45944,9527
45944,35677
45944,116087
45944,101568
45944,38753
45944,16707
45944,120821
45944,95918
45944,89078
45944,2641
45944,115692
45944,108795
45944,13568
45944,105146
45944,108827
45944,69371
45944,103533
45944,136719
45944,55076
45944,10794
45944,73868
45944,81809
45946,28329
45946,123400
45946,47927
45946,59251
45946,107878
45946,133071
45946,107665
45946,65451
45946,67167
45946,20958
45946,35173
45947,3197
45947,33882
45947,9510
45947,90258
45947,55986
45947,97339
45947,34820
45947,107794
45947,83625
45947,78455
45949,126423
45949,44849
45949,54961
45949,32701
45949,136537
45949,129476
45949,104096
45949,96768
45949,106268
45949,51981
45949,68734
45949,132316
45949,131582
45949,28577
45949,29844
45949,26092
45949,59143
45949,99977
45949,129717
45949,117303
45949,112539
45949,36219
45949,100506
45949,88798
45949,46718
45949,27695
45949,68634
45949,112770
45949,97521
45949,121588
45949,70955
45949,46369
45950,135221
45950,118457
45950,104547
45950,94063
45950,94374
45950,968
45950,117796
45950,120560
45950,130404
45950,42936
45950,76077
45950,8197
45950,53188
45950,61514
45950,52256
45950,90267
45950,95321
45950,109308
45950,117133
45950,10248
45950,22668
45950,62736
45950,95229
45950,93251
45950,74446
45950,56784
45950,86803
45950,52761
45951,138150
45951,71163
45951,112578
45951,103008
45951,128267
45951,9390
45951,110971
45951,24809
45951,22421
45951,139095
45951,80454
45951,66552
45951,88256
45951,94051
45951,44936
45951,90044
45951,111813
45951,109685
45951,33777
45951,97894
45951,38501
45951,22096
45951,90272
45951,32986
45951,89092
45951,36039
45951,103625
45951,84094
45951,35697
45951,15350
45953,56248
45953,22133
45953,124171
45953,28753
45953,38878
45953,121281
45953,72004
45953,50760
45953,25486
45953,100183
45953,47495
45953,15033
45953,47038
45953,50388
45953,74767
45953,93477
45953,87336
45953,112129
45953,46483
45954,14840
45954,56776
45954,47864
45954,38346
45954,88389
45954,9545
45954,115166
45954,71152
45954,6913
45954,65701
45954,3628
45954,45832
45954,53141
45954,92411
45954,82865
45954,113152
45954,139453
45954,125079
45954,3854
45954,97121
45954,33591
45954,130578
45954,2094
45954,110225
45954,92724
45954,16466
45954,76396
45954,90013
45954,105517
45954,86892
45954,54703
45954,13872
45954,100549
45955,138845
45955,19366
45955,7071
45955,27221
45955,107698
45955,74022
45955,101135
45955,124538
45955,65930
45955,102345
45955,13398
45958,117217
45958,24643
45958,55123
45958,122920
45958,102672
45958,102241
45958,21913
45958,4763
45958,51253
45958,118477
45958,138320
45958,107193
45958,42538
45958,105711
45958,93193
45958,86439
45958,115644
45958,114377
45958,113222
45958,80120
45958,124165
45958,19344
45958,15481
45958,78994
45958,57779
45958,95167
45958,126972
45958,37490
45958,42435
45958,106419
45958,82797
45959,100149
45959,39084
45959,127443
45959,68795
45959,65019
45959,93033
45959,80934
45959,64527
45959,885
45959,134178
45959,93804
45959,120146
45959,103241
45959,50206
45959,78613
45959,17349
45959,113420
45959,103658
45959,27078
45959,2563
45959,135707
45959,86223
45959,50417
45959,109393
45959,100454
45959,986
45959,21378
45959,43913
45959,116710
45959,137342
45959,135958
45959,137989
45960,118570
45960,80458
45960,67615
45960,17240
45960,92103
45960,121345
45960,8923
45960,29444
45960,37483
45960,41510
45960,104694
45960,59834
45960,15668
45960,57018
45960,16220
45960,39553
45960,50085
45960,79229
45960,36180
45960,86620
45960,23093
45960,36453
45960,52919
45960,58791
45960,9075
45960,107815
45960,32785
45960,63853
45960,12144
45960,92317
45960,119173
45964,69327
45964,113644
45964,120099
45964,92176
45964,110879
45964,126860
45964,133445
45964,27867
45964,121368
45964,5105
45966,39681
45966,34289
45966,90049
45966,83794
45966,11872
45966,49369
45966,53504
45966,109883
45966,88156
45966,128802
45966,20398
45966,75905
45966,127466
45966,138438
45966,103977
45966,43518
45966,56264
45966,131484
45966,71491
45966,129551
45966,86607
45966,37689
45966,128715
45966,48269
45966,1184
45966,52651
45966,74872
45967,109396
45967,12447
45967,42937
45967,116554
45967,110789
45967,19435
45967,50204
45967,95728
45967,66602
45967,28460
45967,36298
45967,351
45967,87377
45967,131712
45967,95711
45967,81759
45967,37881
45967,28248
45967,41854
45967,121774
45967,122980
45967,85080
45967,94816
45967,123941
45967,39435
45967,104480
45967,76656
45967,88901
45967,99178
45967,19321
45967,78283
45967,34375
45967,8563
45970,60783
45970,59708
45970,74008
45970,63620
45970,79287
45970,112204
45970,26715
45970,84126
45970,80105
45970,49825
45970,53
45970,85550
45970,84315
45970,106074
45970,109173
45970,76928
45970,70133
45970,121034
45970,49803
45970,33399
45970,60802
45970,70492
45970,31047
45970,90364
45970,100276
45970,1374
45970,23702
45970,101762
45970,23618
45970,11562
45970,15236
45970,121052
45970,51692
45970,86445
45970,65800
45972,76226
45972,124845
45972,8903
45972,44493
45972,78032
45972,58568
45972,25827
45972,69392
45972,99161
45972,6559
45972,31820
45972,9138
45972,109810
45972,2037
45972,66464
45972,124751
45972,69730
45972,136645
45972,86107
45972,120586
45972,52669
45972,39486
45972,139718
45972,127898
45972,208
45972,58845
45972,25069
45972,87425
45972,131346
45972,11976
45973,94241
45973,115994
45973,64017
45973,133846
45973,54739
45973,7127
45973,110915
45973,68038
45973,44213
45973,37339
45973,68372
45973,122468
45973,138973
45973,94850
45973,114201
45973,19965
45973,119002
45973,139974
45973,100080
45973,35556
45973,47427
45973,54795
45973,53443
45973,50366
45973,105745
45973,59204
45973,38769
45973,96517
45973,97430
45973,978
45973,47202
45973,69638
45974,87629
45974,135817
45974,59337
45974,129961
45974,28144
45974,38205
45974,65056
45974,78084
45974,81448
45974,115671
45974,86131
45974,130514
45974,68458
45974,126080
45974,86795
45975,82565
45975,100825
45975,72471
45975,104563
45975,2641
45975,69322
45976,122161
45976,41993
45976,8266
45976,49197
45976,87809
45976,79786
45976,7785
45976,9957
45976,68936
45976,99693
45976,77737
45976,79828
45976,113322
45976,8715
45976,128439
45976,107876
45976,118706
45976,66206
45976,104819
45976,7087
45976,71609
45976,137985
45976,79212
45976,75547
45976,8920
45976,36145
45976,25548
45976,65261
45976,20993
45976,30116
45976,64829
45976,29581
45976,257
45977,45896
45977,76443
45977,118766
45977,42693
45977,118800
45977,123641
45977,103635
45977,110302
45977,24519
45977,75125
45977,119207
45977,132817
45977,85430
45977,95292
45977,13674
45977,23862
45977,4780
45977,88226
45977,68199
45977,121785
45977,90770
45977,22607
45977,27964
45977,70035
45977,74279
45977,118919
45977,4573
45977,125747
45977,69514
45977,136202
45977,68760
45977,137330
45977,82439
45977,131203
45978,42011
45978,55050
45978,7011
45978,95182
45978,37304
45978,68833
45978,72189
45978,79235
45978,77411
45978,88316
45978,90377
45978,59322
45978,43657
45978,15770
45978,110189
45978,48375
45978,22013
45978,37543
45978,37124
45978,90836
45978,31166
45978,85321
45978,25236
45978,102874
45978,62726
45978,62237
45978,31486
45978,8797
45978,97386
45979,6271
45979,9987
45979,131608
45979,110346
45979,10552
45979,100892
45979,4297
45980,4163
45980,23782
45980,39214
45980,47436
45980,11168
45980,55713
45980,63871
45980,81405
45980,124625
45980,34080
45980,134385
45980,71176
45980,708
45980,80538
45980,41965
45980,105596
45980,137519
45980,55924
45980,2225
45980,60856
45980,11252
45980,60102
45980,59761
45980,115686
45980,63336
45980,69233
45980,43525
45980,38572
45980,33658
45980,130146
45980,115928
45981,50302
45981,122531
45981,87912
45981,81034
45981,44901
45981,72871
45981,127314
45981,134507
45981,40564
45981,21957
45981,116652
45981,98674
45981,102361
45981,59011
45981,34298
45981,37729
45981,24816
45981,3351
45981,42938
45981,86094
45981,18669
45981,128817
45981,85091
45981,72103
45981,103202
45981,90901
45981,117249
45981,61299
45981,80701
45981,24057
45981,64580
45981,120500
45982,6649
45982,95229
45982,51868
45982,104890
45982,43589
45982,60362
45984,78019
45984,113806
45984,105658
45984,112125
45984,5614
45984,119620
45984,64350
45984,95629
45984,55830
45984,15856
45984,44429
45984,39805
45984,79429
45984,123233
45984,14593
45984,44451
45984,39068
45984,77276
45984,51388
45984,105487
45984,13245
45984,39960
45984,90687
45984,73441
45984,127864
45984,108039
45984,40915
45984,25756
45984,133805
45984,67259
45984,124438
45984,30951
45986,111876
45986,38326
45986,45813
45986,44529
45986,16100
45986,5047
45986,41435
45986,86305
45986,43225
45990,67974
45990,1277
45990,25874
45990,38444
45990,43423
45990,83026
45990,100384
45990,38795
45990,80874
45990,53695
45990,44306
45990,34635
45990,55039
45990,17213
45990,7360
45990,7258
45990,16866
45990,21250
45990,117463
45990,28806
45990,83749
45990,91051
45990,14389
45990,113825
45990,115770
45990,49368
45990,70242
45990,33912
45990,114550
45990,17327
45990,64049
45990,93944
45991,101880
45991,8617
45991,33801
45991,46370
45991,103888
45991,23373
45991,91499
45991,89054
45994,25285
45994,18413
45994,65806
45994,32392
45994,80430
45994,123120
45994,12446
45994,52351
45994,105479
45994,136457
45994,763
45994,85647
45994,10393
45995,19547
45995,119699
45995,96606
45995,123597
45995,41295
45995,60235
45995,20149
45995,27383
45995,72696
45995,59290
45995,65903
45995,14821
45995,38442
45995,49170
45995,76882
45995,81337
45995,107057
45995,58551
45995,87201
45995,42969
45995,53991
45995,135579
45995,97372
45995,50635
45995,18301
45995,124861
45995,104395
45995,136148
45995,86703
45996,63105
45996,60144
45996,20430
45996,8864
45996,57170
45996,46501
45996,67964
45996,78647
45996,67233
45996,20587
45996,93974
45996,14480
45996,106366
45996,69184
45996,5322
45996,107255
45996,131352
45996,77074
45996,75205
45996,4503
45996,34151
45996,27540
45996,15390
45996,35679
45996,59721
45996,4080
45996,20274
45996,24041
45996,133689
45996,79398
45996,113983
45996,138452
45996,6713
45998,92236
45998,36450
45998,110696
45998,126281
45998,77345
45998,115864
45998,29525
45998,35357
45998,102749
46004,122621
46004,119085
46004,92663
46004,120497
46004,38291
46004,68099
46004,24559
46004,72492
46005,44648
46005,81388
46005,102148
46005,23953
46005,70684
46005,50205
46005,11522
46005,96968
46005,65955
46005,43901
46005,78793
46005,115319
46005,59320
46005,107069
46005,99768
46005,79781
46005,64953
46005,109833
46005,52829
46005,43368
46005,61220
46005,116049
46005,50725
46005,55430
46005,73665
46005,52391
46005,25237
46005,17554
46005,3363
46005,8547
46005,39455
46006,72004
46006,43607
46006,134331
46006,125488
46006,93477
46006,117955
46006,100939
46006,80933
46006,121281
46006,1746
46006,111449
46006,112919
46006,105804
46008,34873
46008,67813
46008,140436
46008,13120
46008,5866
46008,96099
46008,8456
46008,137624
46008,25566
46008,113586
46008,70196
46008,99806
46008,3046
46008,107175
46008,12912
46008,92256
46008,86629
46008,124947
46008,2902
46008,18431
46008,5847
46008,27855
46008,47130
46008,104758
46008,108963
46008,88422
46008,46883
46008,17967
46008,76087
46008,55871
46008,25684
46008,22700
46009,74114
46009,23445
46009,37523
46009,1382
46009,57773
46009,125439
46010,33547
46010,137473
46010,13720
46010,64293
46010,82441
46010,92680
46010,7453
46010,79402
46010,105715
46010,127404
46010,7196
46010,126116
46010,101368
46010,66223
46010,123092
46013,90469
46013,128855
46013,9333
46013,75494
46013,84593
46013,895
46013,69776
46013,119827
46013,130140
46013,55842
46013,71889
46013,34632
46013,9383
46014,61625
46014,16643
46014,120741
46014,129801
46014,107202
46014,107185
46014,72405
46014,43786
46014,45041
46014,83020
46014,38752
46014,122483
46014,8559
46014,106950
46014,7331
46014,5812
46014,74744
46014,63653
46014,25251
46014,136605
46014,109152
46014,134827
46014,82563
46014,81673
46014,48634
46014,73200
46014,89488
46014,135559
46014,96407
46014,130377
46014,33867
46014,137939
46015,66953
46015,126816
46015,139704
46015,84243
46015,136075
46015,131366
46015,118960
46015,29745
46015,104386
46015,124854
46015,49265
46015,93506
46015,53055
46015,13681
46015,46559
46015,138858
46015,85892
46015,54763
46015,12277
46015,74930
46015,31885
46015,27444
46015,67229
46015,7604
46015,56016
46015,62520
46015,46076
46015,21833
46015,136977
46015,136280
46015,39510
46016,50912
46016,30867
46016,105300
46016,133227
46016,132974
46016,21469
46016,11719
46016,119388
46016,117787
46016,63794
46016,67367
46016,40814
46016,50787
46016,77275
46016,126103
46016,62593
46016,121076
46016,132906
46016,26548
46016,110402
46016,13297
46016,118064
46016,15174
46016,136686
46016,68723
46016,12082
46016,17345
46016,46769
46016,27040
46016,74892
46016,73134
46016,104648
46016,41001
46017,35736
46017,33986
46017,138903
46017,138714
46017,9621
46017,131261
46019,100372
46019,58664
46019,13657
46019,67800
46019,46815
46019,54887
46019,124693
46020,87154
46020,3775
46020,106230
46020,79106
46020,106421
46020,63604
46020,124778
46020,96112
46020,70887
46020,49928
46020,34852
46020,62031
46020,82789
46020,38913
46020,80579
46020,113402
46020,128155
46020,75795
46020,84341
46020,7895
46020,28517
46020,126789
46020,69171
46020,123584
46020,55148
46020,33067
46020,64620
46020,51087
46020,9799
46020,19043
46020,123201
46020,76562
46020,48757
46020,38064
46022,85833
46022,6300
46022,719
46022,46153
46022,40649
46022,20362
46022,30627
46022,5780
46022,21721
46022,111480
46022,11821
46022,5710
46022,111856
46022,106204
46022,14147
46022,97305
46022,97264
46024,3279
46024,46526
46024,52879
46024,95563
46024,124010
46024,72135
46024,16715
46024,55728
46024,94611
46024,140003
46024,1723
46024,9469
46024,33968
46024,61840
46024,849
46024,16260
46024,99182
46024,56012
46024,110844
46024,112841
46024,81791
46024,89
46025,70346
46025,30413
46025,127896
46025,121822
46025,137043
46025,81091
46025,68694
46025,114621
46025,7997
46025,14733
46025,106941
46025,124697
46025,106401
46025,23968
46025,99518
46025,138216
46025,108047
46025,32836
46025,15755
46025,100127
46025,55945
46025,129676
46025,96878
46025,37712
46025,14945
46025,102197
46025,15744
46025,37090
46025,60567
46030,114174
46030,106801
46030,124699
46030,61598
46030,103749
46030,86576
46030,89600
46030,16359
46030,108840
46030,9798
46030,139666
46030,30757
46030,2546
46030,67122
46030,11603
46030,30017
46030,138937
46030,26511
46030,57276
46030,56497
46030,41392
46030,63495
46030,125012
46030,60599
46030,86816
46030,132811
46030,99741
46030,104685
46030,93179
46032,19265
46032,36331
46032,20528
46032,35123
46032,49713
46032,61712
46032,22588
46032,130289
46032,45449
46032,101905
46032,11582
46032,63164
46032,54994
46032,103457
46032,92950
46032,135396
46032,636
46033,60611
46033,101312
46033,49903
46033,24397
46033,18595
46033,115383
46033,114353
46033,17771
46033,68615
46033,62185
46033,70876
46033,107363
46033,32406
46033,105176
46033,113317
46033,94070
46033,45785
46033,43045
46034,24058
46034,42473
46034,126823
46034,129688
46034,129359
46034,21288
46034,116673
46034,87244
46034,112643
46034,66764
46034,60976
46034,113039
46034,93345
46034,51144
46034,2837
46034,102273
46034,92291
46034,138386
46034,74055
46034,5861
46034,4384
46034,103859
46034,106752
46034,78408
46034,112231
46034,12552
46035,119316
46035,36045
46035,80422
46035,110663
46035,21198
46035,25564
46035,64949
46035,90380
46035,66917
46036,136917
46036,77192
46036,42013
46036,131410
46036,29006
46036,119306
46036,21062
46036,108658
46036,94837
46036,121285
46036,63454
46036,92749
46036,66829
46036,57385
46036,95519
46036,82151
46036,117232
46036,78541
46036,56111
46036,63848
46036,123424
46036,105570
46036,43987
46036,3674
46036,99360
46036,126157
46036,46288
46036,128115
46036,63490
46036,103037
46036,133790
46037,134417
46037,107785
46037,72597
46037,43749
46037,120144
46037,33168
46037,120665
46037,105559
46037,37283
46037,52784
46037,9812
46037,63145
46037,103860
46037,131110
46037,38484
46037,1085
46037,12341
46037,134966
46037,60008
46037,98770
46037,87215
46037,17619
46037,25467
46037,1140
46037,12579
46037,61934
46037,117439
46037,69615
46037,13443
46037,29811
46037,28939
46037,51979
46037,89962
46037,79221
46042,120665
46042,43594
46042,17619
46042,129083
46042,61934
46042,34263
46042,99484
46042,103860
46042,105559
46042,28939
46042,38227
46042,138763
46042,138176
46042,95031
46042,112793
46042,129044
46042,44163
46042,130417
46042,105910
46042,138061
46042,134383
46042,10797
46042,107576
46042,32934
46042,81855
46042,78200
46042,112292
46042,28181
46042,24194
46042,69352
46042,86375
46042,113206
46042,71097
46042,116251
46043,138908
46043,640
46043,10895
46043,95914
46043,84343
46043,111756
46043,110116
46043,60725
46043,64821
46043,13158
46043,124826
46043,99340
46043,129467
46043,50880
46043,15887
46043,65332
46043,101015
46043,25464
46043,53602
46043,25899
46043,85978
46043,102366
46043,30082
46043,138172
46043,88008
46043,33701
46043,59389
46043,115234
46043,105270
46043,111110
46043,132669
46044,51112
46044,132681
46044,47771
46044,84862
46044,63182
46044,40944
46044,37144
46044,62832
46044,31194
46044,124748
46044,78307
46044,90685
46044,46377
46044,51285
46044,40284
46044,46776
46044,71153
46044,56112
46044,104300
46044,119325
46044,120194
46044,65489
46044,33531
46044,102735
46044,68520
46044,68308
46044,129813
46044,22140
46044,116842
46044,123799
46044,61251
46044,48221
46044,62812
46045,52276
46045,3157
46045,138758
46045,83080
46045,58544
46045,33525
46045,20838
46045,35304
46045,117930
46045,105212
46045,94579
46045,130089
46045,45277
46045,75938
46045,96914
46045,112666
46045,93886
46045,2242
46045,117124
46045,138000
46045,122762
46045,51322
46045,138592
46045,41598
46045,129280
46045,97997
46045,97256
46045,39110
46045,30133
46045,87175
46046,82431
46046,47415
46046,64331
46046,50455
46046,14941
46046,140115
46046,9433
46046,27159
46046,23176
46047,33934
46047,51199
46047,106016
46047,48625
46047,8001
46047,44779
46047,43213
46047,120593
46047,41034
46047,90880
46047,97726
46047,23097
46047,44442
46047,125647
46047,106019
46047,97878
46047,33332
46047,126713
46047,117844
46047,61820
46047,83469
46047,16060
46047,816
46047,51030
46047,26451
46047,51415
46047,130926
46047,23921
46047,32642
46047,39573
46047,126977
46047,124575
46048,81953
46048,137804
46048,2330
46048,108497
46048,32214
46048,94958
46048,10888
46048,75618
46048,8889
46048,114345
46048,62227
46048,77403
46048,96686
46048,120892
46048,56163
46048,72666
46048,67837
46048,8811
46048,96812
46048,89862
46048,15244
46048,53182
46048,34799
46048,71457
46048,100052
46048,102491
46048,63197
46048,15595
46048,8809
46048,42709
46048,78262
46049,114721
46049,7541
46049,57054
46049,70502
46049,133820
46049,98769
46049,55754
46049,9351
46049,135590
46049,49338
46049,16845
46049,1753
46049,65593
46049,112345
46049,6906
46050,124166
46050,31359
46050,68002
46050,53547
46050,108607
46050,66506
46050,24021
46050,56064
46050,131901
46050,85065
46050,109650
46050,58136
46050,98938
46050,63147
46050,2990
46050,116455
46050,108433
46050,117751
46050,126732
46050,131344
46050,77465
46050,99430
46050,80251
46050,4256
46050,62168
46050,39748
46050,18635
46050,14041
46050,55073
46050,121421
46050,138603
46050,6654
46051,122124
46051,52672
46051,34368
46051,97549
46051,127033
46051,28925
46051,11904
46051,71339
46051,88190
46051,71224
46051,108008
46051,96777
46051,107692
46051,51577
46051,50146
46051,119516
46051,34973
46051,29443
46051,95010
46051,111967
46051,70741
46051,39878
46051,125385
46051,136955
46051,57052
46051,122270
46052,39072
46052,97775
46052,100199
46052,77137
46052,132189
46052,102783
46052,20288
46052,116434
46052,2063
46052,93665
46052,95961
46052,139933
46052,82732
46052,66993
46052,48104
46052,32151
46052,25677
46052,80511
46052,52137
46057,82417
46057,8125
46057,47194
46057,115297
46057,131367
46057,125133
46057,41622
46057,95750
46057,132056
46057,46568
46057,124973
46057,46282
46057,20290
46057,136951
46057,78782
46057,79149
46057,125332
46057,46788
46057,134901
46057,57522
46057,40801
46057,6924
46057,95783
46057,51620
46057,114903
46057,28034
46057,58098
46057,9130
46057,44212
46057,117941
46057,11617
46059,5279
46059,5178
46059,105893
46059,126179
46059,14423
46059,101494
46059,114812
46059,15127
46059,2259
46059,15274
46059,79576
46059,98758
46059,81519
46062,40649
46062,719
46062,24311
46062,5780
46062,106204
46062,57470
46062,14147
46062,111480
46062,111856
46062,97264
46063,137997
46063,124342
46063,116942
46063,37818
46063,131892
46063,35223
46063,90845
46063,70177
46063,104517
46063,77089
46063,21018
46063,40279
46063,38419
46063,134154
46063,49656
46063,24545
46063,94455
46063,46274
46063,60846
46063,68420
46063,14082
46063,59781
46063,26248
46063,114932
46063,125083
46063,59657
46063,102130
46063,78500
46063,77795
46063,60468
46063,122112
46063,90809
46063,117294
46064,78423
46064,21433
46064,121298
46064,105884
46064,28728
46064,29184
46064,85008
46064,129826
46064,134664
46064,40538
46064,113193
46064,82228
46064,102310
46064,39018
46064,38390
46064,39220
46064,17650
46064,124028
46064,110938
46064,95669
46064,61056
46064,133478
46064,49429
46064,112488
46064,64715
46064,135903
46064,34586
46064,54566
46064,30092
46064,134830
46064,72532
46064,53264
46065,85965
46065,27969
46065,42967
46065,14844
46065,1736
46065,130869
46065,19202
46065,16651
46065,47392
46065,121520
46065,94553
46065,70697
46065,133815
46065,75969
46065,41326
46065,132416
46065,9545
46065,115106
46065,125066
46065,110243
46065,68544
46065,83313
46065,117772
46065,103421
46065,76396
46065,2040
46065,60171
46065,78144
46065,12238
46065,94135
46065,51616
46065,119727
46065,106539
46065,39054
46065,59024
46066,92469
46066,68371
46066,100524
46066,85908
46066,56740
46066,101332
46066,105154
46066,95037
46066,81193
46066,40869
46066,91140
46066,64962
46066,88164
46066,46785
46066,87427
46066,138847
46066,120896
46066,79965
46066,118021
46066,15476
46066,73074
46066,58095
46066,133586
46066,124924
46066,16195
46066,94062
46066,70524
46066,133111
46066,4770
46066,111829
46067,118727
46067,36022
46067,117125
46067,72472
46067,139292
46067,126804
46067,116296
46067,11393
46067,120282
46067,53575
46067,79192
46067,125776
46067,17820
46067,134179
46067,110795
46067,14952
46067,68155
46067,41014
46067,98509
46067,108924
46067,46785
46067,30016
46067,31761
46067,88164
46067,25670
46067,32678
46067,125433
46067,58358
46067,35937
46067,57023
46067,87251
46067,89858
46067,7091
46072,22578
46072,10763
46072,9589
46072,63812
46072,55791
46072,27699
46072,5286
46072,21808
46072,113229
46072,137751
46072,112479
46072,106236
46072,66606
46072,139917
46072,101162
46072,43440
46072,62326
46072,52209
46072,58217
46072,108751
46074,112479
46074,32358
46074,32842
46074,21808
46074,121350
46074,27699
46074,77856
46074,112101
46074,57114
46074,126073
46074,40441
46074,126899
46074,10107
46074,92611
46074,27525
46074,137264
46074,139917
46074,5286
46074,10763
46074,66606
46074,58217
46074,34020
46074,9589
46074,94194
46074,69607
46074,130258
46074,23073
46074,121101
46074,82404
46074,121675
46074,134883
46074,82688
46077,61237
46077,133444
46077,50751
46077,97745
46077,105496
46077,139433
46077,51162
46077,103234
46077,72464
46077,102092
46077,91406
46077,13047
46077,66969
46077,65118
46077,23844
46077,137797
46077,139116
46077,40903
46077,17616
46078,134210
46078,60590
46078,91497
46078,60048
46078,101024
46078,110105
46078,76901
46078,41779
46078,7611
46078,121239
46078,96163
46078,70218
46078,75671
46078,44743
46078,73916
46078,50298
46078,59933
46078,98098
46078,133243
46078,100009
46078,102731
46078,102498
46078,38611
46078,40058
46079,19997
46079,32597
46079,34904
46079,123256
46079,81981
46079,37603
46079,50850
46079,23923
46079,130772
46079,128728
46079,81509
46079,103990
46079,16482
46079,105971
46079,109908
46079,127577
46079,106608
46079,713
46079,97283
46079,11385
46079,93390
46079,71667
46079,48734
46079,33585
46079,100449
46079,60220
46079,66967
46080,126657
46080,15994
46080,139197
46080,70078
46080,37346
46080,3213
46080,126719
46080,1230
46080,61529
46080,71376
46080,135499
46080,70606
46080,76034
46080,77935
46080,86639
46080,64889
46080,25416
46080,64762
46080,23212
46080,43010
46080,41712
46080,70839
46080,4875
46080,7880
46080,80475
46080,121267
46080,138600
46080,35264
46080,106262
46080,129968
46080,139366
46080,78838
46087,56254
46087,62762
46087,1546
46087,18053
46087,31336
46087,115026
46087,105538
46087,117144
46087,105403
46087,73173
46087,63916
46087,39284
46087,74288
46087,30950
46087,30470
46088,51950
46088,80414
46088,14896
46088,22456
46088,105343
46088,11847
46088,87542
46088,42636
46088,117456
46088,52764
46088,54059
46088,77384
46088,30702
46088,32552
46088,123031
46088,106119
46088,43048
46088,104082
46088,23444
46089,106949
46089,71545
46089,102626
46089,95791
46089,56281
46089,88822
46089,95233
46089,110318
46089,12269
46089,104629
46089,21872
46089,131406
46089,1955
46089,38102
46089,114222
46089,60306
46089,53548
46089,36926
46089,137898
46089,11767
46089,128743
46089,261
46089,129566
46089,82095
46089,139737
46089,28020
46089,120030
46089,92974
46091,7372
46091,77843
46091,106356
46091,18731
46091,85678
46091,45480
46091,85531
46091,96612
46091,112178
46091,115241
46091,50569
46091,120915
46091,89294
46091,22172
46091,71028
46091,42263
46091,116170
46091,38437
46091,120291
46091,69389
46091,137194
46091,79253
46091,120089
46091,117638
46091,82347
46091,34734
46091,98126
46091,17000
46091,66285
46091,55598
46091,10335
46092,97582
46092,28331
46092,8439
46092,50231
46092,108305
46092,122573
46092,51785
46092,32718
46092,55086
46092,115514
46092,8149
46092,77245
46093,24017
46093,43549
46093,42188
46093,138184
46093,14874
46093,5141
46093,90221
46093,73557
46093,34953
46093,138687
46093,108531
46093,124432
46093,98919
46093,139445
46093,116414
46093,135876
46093,40379
46093,47078
46093,32223
46093,78834
46093,90365
46093,43453
46093,134791
46093,126903
46093,3287
46093,115217
46093,19961
46093,17723
46093,94169
46093,95138
46093,25119
46094,119506
46094,37458
46094,125171
46094,44480
46094,50707
46094,9063
46094,83888
46094,113590
46094,112739
46094,63424
46094,29260
46094,52227
46094,38569
46094,125614
46094,29273
46094,61374
46094,73546
46094,122117
46095,25827
46095,86107
46095,44493
46095,31820
46095,66464
46095,69392
46095,124845
46095,109810
46095,82767
46095,41225
46095,96753
46095,124751
46095,127898
46095,58568
46095,78032
46095,2037
46095,8903
46095,9138
46095,11976
46095,52669
46095,89603
46095,120586
46095,64115
46095,65987
46095,99161
46095,208
46095,139718
46095,88055
46096,108037
46096,29494
46096,35878
46096,123648
46096,33950
46097,114777
46097,134786
46097,121287
46097,67688
46097,99894
46097,104149
46097,31442
46097,33163
46097,31945
46097,37788
46097,40463
46097,18569
46097,135195
46097,35043
46097,68783
46097,23665
46097,53224
46097,102112
46098,61232
46098,25419
46098,58991
46098,63917
46098,98073
46098,33899
46098,82243
46098,3814
46098,12538
46098,82833
46098,80822
46098,131240
46098,49364
46098,282
46098,59293
46098,47761
46098,30575
46098,34765
46098,46436
46098,139773
46098,52304
46098,125356
46098,130677
46098,61766
46098,76857
46098,115625
46098,127032
46098,99923
46098,66669
46098,104035
46098,24455
46098,133073
46099,104146
46099,58991
46099,52692
46099,59293
46099,33899
46099,98073
46099,12538
46099,54465
46099,3814
46099,25419
46099,2918
46099,115625
46099,66669
46099,49364
46099,34765
46099,75752
46099,79290
46099,30575
46099,61766
46099,61232
46099,47761
46099,46436
46099,52304
46099,62231
46099,130677
46099,133073
46099,68162
46099,24455
46099,116969
46099,63917
46099,76857
46099,41459
46100,52375
46100,82754
46100,133212
46100,42928
46100,45462
46100,9932
46100,6962
46100,78684
46100,44372
46100,9003
46100,84766
46100,69822
46100,84306
46100,3273
46100,33682
46100,51261
46100,28243
46100,87474
46100,59607
46100,104096
46100,17319
46100,126423
46100,7790
46100,132316
46100,56868
46100,44045
46100,28746
46100,106646
46100,27695
46100,46369
46101,77109
46101,68689
46101,97615
46101,9522
46101,125447
46101,70352
46101,137592
46101,34348
46101,114777
46101,74276
46101,85576
46101,65983
46101,121586
46101,52882
46101,38846
46101,121287
46101,36710
46101,73912
46101,15884
46101,127831
46101,121665
46101,130968
46101,110963
46101,31945
46101,41368
46101,35043
46101,104149
46101,134786
46101,18569
46101,40463
46101,136754
46101,135195
46101,37788
46102,136469
46102,91601
46102,11297
46102,108191
46102,93978
46102,248
46102,11957
46102,102251
46102,89878
46102,17642
46102,37450
46102,69670
46102,9801
46102,26016
46102,97704
46102,125343
46102,32834
46102,39503
46102,13139
46102,88671
46102,41484
46102,116063
46102,27617
46102,132490
46102,57690
46102,108094
46102,132045
46102,98465
46102,28414
46102,55264
46102,40412
46102,12346
46102,78841
46103,45967
46103,57158
46103,89957
46103,638
46103,96504
46103,80777
46103,62048
46103,126829
46103,134722
46103,47580
46103,34764
46103,84551
46103,112885
46105,18640
46105,132213
46105,73098
46105,110761
46105,17132
46105,16545
46105,29280
46105,108487
46105,3497
46105,49215
46105,131614
46105,99012
46105,100207
46105,95072
46105,77226
46105,135517
46105,29462
46105,67445
46105,94410
46105,127214
46105,67752
46105,58510
46105,8672
46105,110875
46105,92397
46105,33256
46105,18883
46105,116351
46105,36364
46105,47223
46105,8541
46105,114817
46105,21623
46105,15540
46108,93865
46108,133447
46108,114314
46108,63308
46108,101429
46109,57852
46109,46846
46109,32213
46109,59165
46109,50724
46109,51421
46109,71087
46109,28618
46109,4480
46109,100631
46109,55092
46109,24546
46109,131559
46109,442
46111,127501
46111,21862
46111,117215
46111,72489
46111,81665
46111,22262
46111,40892
46111,35496
46111,95
46111,3783
46111,106131
46111,37073
46111,7678
46111,71708
46111,32730
46111,112596
46111,55864
46111,81427
46111,21863
46111,8467
46111,116632
46111,90426
46111,24472
46111,93792
46111,95661
46111,138982
46111,37573
46111,18951
46113,126688
46113,8973
46113,8257
46113,107233
46113,130628
46113,140279
46113,139192
46113,56466
46113,140318
46113,104053
46113,103760
46113,34415
46113,106609
46113,77491
46113,115185
46113,80982
46113,23593
46113,101183
46113,38616
46113,97009
46113,92963
46113,2348
46113,82280
46113,129124
46113,481
46113,44583
46113,45948
46113,129252
46113,112465
46113,7673
46113,93161
46113,140315
46117,58991
46117,33899
46117,52692
46117,82243
46117,3814
46117,98073
46117,131240
46117,12538
46117,54465
46117,130677
46117,15855
46117,90850
46117,116969
46117,48204
46117,115625
46117,49364
46117,54614
46117,34765
46117,99923
46117,61766
46117,61232
46117,46436
46117,125356
46117,24455
46117,63917
46117,104035
46117,23560
46117,75752
46117,66572
46117,99750
46117,68162
46117,41176
46118,57997
46118,14389
46118,44306
46118,18380
46118,53695
46118,115770
46118,140130
46118,7258
46118,24345
46118,7360
46118,17213
46118,119952
46118,43241
46118,40974
46118,12248
46118,46056
46118,83026
46118,33912
46118,1277
46118,93944
46118,82957
46118,39975
46118,77583
46118,21731
46118,3566
46118,117976
46118,117667
46118,127482
46118,32565
46118,103937
46118,72684
46118,32243
46119,31570
46119,12169
46119,27088
46119,68098
46119,129825
46119,5896
46119,68736
46119,74996
46119,5644
46119,30759
46119,132998
46119,113592
46119,124366
46119,3223
46119,129629
46119,30157
46119,83771
46119,26916
46119,8804
46119,26562
46119,42642
46119,2144
46119,139246
46119,46963
46119,75937
46121,44974
46121,35790
46121,67789
46121,69304
46121,32710
46121,83124
46121,89727
46121,8051
46121,119777
46121,23274
46121,70847
46121,101550
46121,136330
46121,101043
46121,47717
46121,42957
46121,44404
46121,48030
46121,6720
46121,120215
46121,46659
46121,2175
46121,66216
46121,113147
46121,21684
46121,77021
46123,45508
46123,101334
46123,49077
46123,19823
46123,43185
46123,9608
46123,2809
46123,136489
46123,17018
46123,101586
46123,100874
46123,56739
46123,54045
46123,129233
46123,88593
46123,2501
46123,102206
46123,88914
46123,69364
46124,112870
46124,70213
46124,26052
46124,138900
46124,64373
46124,9813
46124,100401
46124,104526
46124,65332
46124,55011
46124,15168
46124,132744
46124,9128
46124,40027
46124,77643
46124,119358
46124,41190
46124,129443
46124,22521
46124,124826
46124,129467
46124,35505
46124,25464
46124,27982
46124,32162
46124,40222
46124,10438
46124,149
46124,57986
46125,128064
46125,18412
46125,137772
46125,83845
46125,53330
46125,1074
46125,89903
46125,55071
46125,104691
46125,67448
46125,88573
46125,101148
46125,13917
46125,8427
46125,97204
46125,38531
46125,99229
46125,76854
46125,77821
46125,41257
46125,4214
46125,64463
46125,80226
46125,22776
46125,81260
46125,89520
46125,80514
46125,59076
46126,41808
46126,22744
46126,41280
46126,29410
46126,92828
46126,1564
46126,29395
46126,67945
46126,124494
46126,138101
46129,96008
46129,81405
46129,129626
46129,36071
46129,106737
46129,89274
46129,125520
46129,129470
46129,41468
46129,58530
46129,135330
46129,102016
46129,77743
46129,139594
46129,5676
46129,33658
46129,20411
46129,88133
46130,114103
46130,109533
46130,78952
46130,138936
46130,107282
46130,135868
46130,38118
46130,64170
46130,123180
46130,55551
46130,121993
46130,46192
46130,54628
46130,119030
46130,81869
46130,113016
46130,27028
46130,116661
46130,43696
46130,80493
46130,135415
46130,6774
46130,93297
46130,29700
46130,85927
46130,12189
46130,132250
46130,31698
46130,11591
46130,107500
46130,17809
46133,40596
46133,52683
46133,64027
46133,53172
46133,125837
46133,79240
46133,118916
46133,36412
46133,64943
46133,119316
46133,5505
46133,46393
46133,110663
46133,16499
46133,17580
46133,23661
46133,80422
46133,62417
46133,131131
46133,64949
46133,90380
46133,98851
46133,25564
46133,21198
46133,15945
46133,44170
46133,361
46133,113169
46133,66917
46133,15802
46134,32214
46134,114345
46134,137804
46134,56163
46134,120892
46134,73929
46134,81953
46134,108497
46134,10888
46134,71457
46134,67837
46134,94958
46134,96686
46134,53182
46134,8889
46134,8811
46134,89862
46134,15595
46134,75618
46134,2330
46134,15244
46134,62227
46134,88999
46134,72040
46134,63197
46134,102491
46134,77403
46134,135276
46134,42709
46134,96304
46134,78262
46134,99030
46134,3415
46136,88388
46136,72627
46136,104764
46136,138147
46136,103974
46136,98652
46136,121688
46136,120528
46136,136895
46136,61186
46136,81321
46136,94321
46136,49066
46136,25235
46136,101116
46136,134502
46136,4267
46136,28084
46136,121947
46136,122333
46136,58229
46136,93140
46136,105656
46136,139252
46136,11546
46136,51479
46136,121120
46136,110465
46136,129375
46136,20244
46136,135680
46138,105016
46138,40554
46138,137425
46138,3600
46138,7522
46138,107152
46138,35951
46138,23537
46138,40861
46138,134019
46138,66995
46138,45930
46138,83389
46138,75255
46138,133670
46138,378
46138,105370
46138,84047
46138,118440
46138,126556
46138,82186
46138,140147
46138,72708
46138,115450
46138,41655
46138,86221
46138,46950
46138,118773
46138,13521
46138,53518
46138,133972
46139,58016
46139,56281
46139,83207
46139,32046
46139,127608
46139,58242
46139,115040
46139,66937
46139,10313
46139,100933
46139,21661
46139,103418
46139,70609
46139,104906
46139,1078
46139,2749
46139,38436
46139,34815
46139,99258
46139,137898
46139,36934
46139,104965
46139,101561
46139,108321
46142,61589
46142,100058
46142,9958
46142,60062
46142,89550
46142,116150
46142,30178
46142,76312
46142,71904
46142,44473
46142,51055
46142,64852
46142,16954
46142,2246
46142,46564
46142,37924
46142,139012
46142,86691
46142,85809
46142,136037
46142,57577
46142,102516
46142,72196
46142,122705
46142,23758
46142,76944
46142,43772
46142,107630
46142,6117
46142,31287
46142,125078
46142,98391
46144,89878
46144,38161
46144,140202
46144,132045
46144,69670
46144,98465
46144,83831
46144,55264
46145,109373
46145,15220
46145,84905
46145,112168
46145,81300
46145,43503
46145,129951
46145,124907
46145,129273
46145,106496
46145,107198
46145,10173
46145,73707
46145,97832
46145,67102
46145,53390
46145,58324
46145,63805
46145,9943
46145,121790
46145,68810
46145,65460
46145,6254
46145,107672
46145,118640
46145,35870
46145,131943
46145,137573
46146,70607
46146,20488
46146,51661
46146,51381
46146,137720
46146,103626
46146,14769
46146,100013
46146,16563
46146,68292
46146,124064
46146,113946
46146,112845
46146,120477
46146,72522
46146,64799
46146,62464
46146,137412
46146,134520
46146,128604
46146,33410
46146,53457
46146,39272
46146,105571
46146,60502
46146,80710
46146,119698
46146,30737
46146,61615
46146,45934
46146,59552
46146,70985
46147,123421
46147,71866
46147,76051
46147,14093
46147,78258
46147,43937
46147,57811
46147,53199
46147,47914
46147,138145
46147,90039
46147,73839
46147,140079
46147,21290
46147,64182
46147,58618
46147,83910
46147,86481
46147,87289
46147,53207
46147,32384
46147,72754
46147,55066
46147,77141
46147,120754
46147,55142
46148,20863
46148,131066
46148,22163
46148,10906
46148,61545
46148,82699
46148,111520
46148,47454
46148,124590
46148,74028
46148,19754
46148,44530
46148,54403
46148,15990
46148,119963
46148,46415
46148,31437
46148,96619
46148,102671
46148,15645
46148,53279
46148,113404
46148,139299
46148,91450
46148,58599
46148,117624
46148,54969
46148,54474
46148,134028
46148,100511
46148,42389
46148,76814
46148,131238
46149,50643
46149,20592
46149,26139
46149,135774
46149,79991
46149,61203
46149,98382
46149,101146
46149,3572
46149,134248
46149,65799
46149,58833
46149,38926
46149,78760
46149,42855
46149,58994
46149,55949
46149,38800
46149,97907
46149,92038
46149,47744
46149,106262
46149,10566
46149,71178
46149,97151
46149,23078
46149,135779
46149,71376
46149,108564
46149,16649
46149,32700
46150,136410
46150,64335
46150,103127
46150,97410
46150,137650
46150,106751
46150,117696
46150,108843
46150,29595
46150,60236
46150,112740
46150,110234
46150,71651
46150,59426
46150,55479
46150,65391
46150,48303
46150,38295
46150,139845
46150,39039
46150,12373
46150,54963
46150,112173
46150,43777
46150,36580
46150,53664
46150,100163
46150,135561
46150,20843
46150,12221
46150,87480
46150,45428
46150,76109
46150,77247
46150,56017
46151,19111
46151,29750
46151,26838
46151,78515
46151,7180
46151,120041
46151,137394
46151,12371
46151,117306
46151,45074
46151,119897
46151,47808
46151,64692
46151,45599
46151,94750
46151,5501
46151,63175
46151,124305
46151,109889
46151,29552
46151,132355
46151,44813
46151,94355
46151,126476
46151,7457
46151,123649
46151,47883
46151,58126
46151,7905
46151,139641
46151,43350
46151,25177
46154,44493
46154,31820
46154,69226
46154,6559
46154,99161
46154,25069
46154,25827
46154,85842
46154,127898
46154,76226
46154,19780
46154,78845
46154,75959
46154,66464
46154,124845
46154,41225
46154,90776
46154,96640
46154,120586
46154,94814
46154,78032
46154,748
46154,109810
46154,69730
46154,11291
46154,52669
46154,2037
46154,89603
46154,124751
46154,8903
46154,58568
46154,11976
46155,53629
46155,116662
46155,10000
46155,113716
46155,14289
46155,34523
46155,138542
46155,24943
46155,59026
46155,82786
46155,65999
46155,101768
46155,89554
46157,30995
46157,39417
46157,6255
46157,113853
46157,133662
46157,125186
46157,135869
46157,92210
46157,40874
46157,108961
46157,18330
46157,17453
46157,81817
46157,59053
46157,718
46157,83057
46157,15787
46157,64529
46157,139216
46157,104948
46157,78322
46157,103194
46157,43530
46157,69023
46157,57219
46157,36310
46157,21996
46157,50833
46157,53140
46157,36586
46157,23306
46157,58100
46160,90424
46160,74598
46160,61986
46160,125914
46160,140472
46160,110490
46160,136797
46160,139470
46160,7405
46160,49310
46160,43709
46160,9268
46160,89820
46160,136753
46160,121702
46160,42244
46160,121348
46160,140065
46160,3675
46160,4690
46160,124624
46160,48740
46160,8325
46160,129562
46160,27253
46160,36246
46160,40391
46161,307
46161,2041
46161,34949
46161,46058
46161,46691
46161,49809
46161,76112
46162,102888
46162,70639
46162,13004
46162,55742
46162,6746
46162,770
46162,120633
46162,33455
46162,78890
46162,129516
46162,127009
46162,91796
46162,49813
46162,119270
46162,54846
46162,133884
46162,123646
46162,76479
46162,88384
46162,35993
46162,19527
46162,45494
46162,25980
46162,78507
46162,7413
46162,57149
46162,8392
46162,55776
46162,84817
46163,80091
46163,126096
46163,115630
46163,93549
46163,88174
46163,74616
46163,138118
46163,87838
46163,137180
46163,61361
46163,13437
46163,8278
46163,25839
46163,62127
46163,11927
46163,20270
46163,10517
46163,767
46163,99119
46163,62500
46163,33976
46163,107651
46163,136480
46163,38944
46163,46111
46163,50927
46163,45688
46163,93516
46163,4897
46163,67400
46164,127608
46164,87908
46164,35028
46164,96420
46164,27513
46164,129644
46164,33959
46164,136678
46164,9166
46165,36608
46165,131207
46165,4113
46165,39219
46165,125615
46165,78739
46165,128733
46165,5667
46165,117728
46165,107859
46165,58138
46165,6047
46165,63179
46165,127088
46165,119511
46165,91064
46165,1283
46165,136036
46165,62740
46165,67541
46165,124662
46165,28305
46165,17685
46165,74732
46165,106280
46165,58873
46165,109016
46165,13609
46165,46144
46165,67531
46165,50777
46165,28465
46165,113787
46171,104504
46171,118034
46171,50435
46171,28229
46171,82921
46171,26251
46171,50408
46171,39374
46171,32516
46171,70054
46171,10719
46171,118465
46171,118182
46171,22160
46171,27115
46171,119536
46171,52119
46171,59952
46171,57426
46171,54548
46171,133682
46171,2053
46171,64368
46171,23350
46171,74567
46171,57469
46171,137054
46171,16149
46171,32048
46171,109021
46171,45609
46171,76534
46171,2179
46171,104746
46172,52939
46172,75655
46172,95257
46172,59658
46172,92692
46172,17490
46172,79851
46172,94293
46172,105577
46172,115359
46172,118793
46172,130936
46172,138688
46172,28336
46172,47137
46173,55669
46173,59497
46173,20932
46173,136805
46173,45882
46173,118445
46173,56330
46173,19605
46173,28665
46173,82237
46173,35042
46173,109958
46173,131932
46173,116435
46173,1842
46173,89232
46173,100703
46173,117742
46173,128839
46173,102144
46173,100892
46173,62030
46174,22578
46174,102413
46174,132925
46174,32358
46174,10107
46174,44897
46174,54438
46174,134232
46174,112479
46174,30618
46174,126899
46174,32842
46174,5286
46174,113229
46174,23636
46174,9589
46174,112101
46174,139418
46174,57114
46174,94194
46174,126073
46174,101543
46174,27525
46174,137264
46174,10763
46174,101162
46174,62326
46174,58217
46174,66606
46174,92611
46174,82404
46177,8027
46177,25327
46177,29755
46177,29997
46177,50160
46177,51073
46177,57636
46177,65108
46177,66217
46177,85918
46177,112976
46177,22457
46177,71529
46177,48616
46177,96152
46177,13494
46179,42038
46179,68898
46179,53104
46179,8800
46179,87862
46179,127735
46179,17378
46179,76527
46179,110248
46179,104763
46179,136485
46179,22022
46179,46997
46179,52177
46179,84275
46179,102971
46179,112974
46179,87360
46179,35901
46179,81208
46180,127835
46180,109724
46180,12253
46180,8598
46180,77119
46180,112970
46180,7828
46180,79967
46180,2165
46180,35855
46180,121915
46180,132204
46180,5701
46180,48315
46180,83601
46180,17232
46180,24300
46180,106026
46180,22292
46180,92115
46180,124506
46180,55365
46180,12080
46181,93608
46181,69063
46181,85099
46181,104814
46181,115298
46181,109763
46181,52536
46181,5384
46181,23348
46181,23352
46181,14026
46181,23936
46181,9191
46181,28814
46181,95707
46181,89210
46181,37687
46181,47923
46181,108294
46181,72088
46182,15068
46182,97300
46182,60395
46182,41529
46182,16388
46182,15352
46182,84035
46182,17898
46183,126657
46183,90730
46183,37346
46183,25476
46183,8962
46183,36427
46183,15994
46183,86639
46183,126719
46183,62160
46183,79740
46183,53494
46183,80475
46183,24685
46183,25416
46183,10746
46183,41278
46183,7880
46183,60084
46183,1230
46183,61529
46183,41712
46183,138600
46183,5002
46183,135499
46183,110940
46183,59546
46183,32112
46183,30950
46183,48671
46183,128615
46183,74754
46184,97922
46184,102376
46184,20890
46184,7660
46184,92785
46184,10364
46184,79057
46184,112504
46184,46893
46184,6410
46184,30709
46184,133225
46184,117842
46184,92082
46184,16724
46184,68266
46184,129979
46184,44245
46184,26126
46184,116349
46184,101356
46184,30315
46184,91240
46184,62176
46184,85909
46184,66836
46184,140333
46184,3603
46184,11101
46184,32475
46184,90282
46186,5347
46186,122161
46186,32883
46186,112065
46186,107876
46186,95343
46186,23298
46186,54075
46186,44172
46186,49197
46186,87809
46186,53128
46186,136051
46186,432
46186,122727
46186,126225
46186,7785
46186,41481
46186,126801
46186,8266
46186,69136
46186,79828
46186,110228
46186,7087
46186,29581
46186,47857
46186,56849
46186,41993
46186,98944
46186,3225
46186,47526
46186,23983
46186,257
46189,95225
46189,33083
46189,106304
46189,56330
46189,55669
46189,78311
46189,109958
46189,89232
46189,37742
46189,55777
46189,103663
46189,13224
46189,49114
46189,129954
46189,105251
46189,130073
46189,6647
46189,66488
46189,51227
46189,123893
46189,6809
46189,61015
46189,90312
46189,102144
46189,125299
46189,81767
46189,15716
46189,66858
46189,99106
46189,21244
46189,131660
46189,13777
46189,67792
46192,26006
46192,81199
46192,20850
46192,107404
46192,101586
46192,100874
46192,84469
46192,19823
46192,120763
46192,135407
46193,50094
46193,61745
46193,16148
46193,53213
46193,88740
46193,67254
46193,28576
46193,82153
46193,73553
46193,53747
46193,90298
46193,61891
46193,63443
46193,91125
46193,117933
46193,132021
46193,130894
46193,130722
46193,117218
46193,19688
46193,127101
46193,52569
46193,43477
46193,95608
46193,25161
46193,8180
46193,104759
46193,124207
46193,88928
46193,40410
46193,62704
46193,802
46194,112334
46194,114913
46194,15445
46194,27880
46194,10249
46194,39080
46194,82308
46194,84701
46194,5338
46194,13794
46194,52529
46194,10785
46194,42720
46194,131829
46194,34868
46194,100718
46194,85632
46194,52278
46194,30223
46194,7209
46194,55666
46194,105397
46194,121694
46194,66732
46194,21069
46194,90530
46194,57680
46194,137617
46194,89469
46194,130262
46194,107304
46197,25355
46197,22998
46197,131865
46197,136069
46197,103085
46197,88451
46197,114001
46197,139301
46197,42995
46197,101396
46197,71681
46197,117041
46197,56689
46197,118790
46197,57619
46197,68228
46197,116659
46197,43263
46197,137440
46197,59034
46199,124842
46199,129324
46199,92259
46199,2052
46199,108334
46199,138558
46199,62934
46199,87828
46200,40898
46200,126734
46200,54082
46200,66780
46200,97742
46200,1455
46200,96445
46200,20713
46200,91186
46200,92085
46200,125458
46200,55526
46200,63769
46200,114259
46200,37211
46200,43890
46200,112865
46200,67991
46200,29809
46200,136095
46200,127733
46200,130026
46200,28450
46200,132641
46203,99942
46203,138185
46203,76075
46203,96751
46203,88624
46203,80611
46203,101480
46203,62251
46203,85044
46203,85599
46203,131454
46203,52289
46203,79339
46203,43528
46203,64130
46203,68230
46203,82935
46203,82735
46203,22771
46203,70519
46203,132562
46203,24525
46203,31059
46203,15930
46203,31286
46203,42822
46203,93150
46203,32390
46203,70076
46203,55467
46203,73139
46203,59632
46205,112479
46205,139418
46205,52209
46205,137751
46205,112101
46205,34020
46205,22578
46205,132925
46205,32842
46205,134232
46205,55791
46205,77856
46205,106236
46205,113229
46205,121350
46205,21808
46205,27699
46205,23073
46205,92611
46205,126073
46205,126899
46205,108751
46205,10582
46205,121101
46205,130258
46205,5286
46205,69607
46205,139917
46205,69738
46205,57445
46208,68178
46208,17040
46208,111072
46208,81396
46208,16666
46208,105670
46208,62585
46208,43849
46208,131645
46208,24421
46208,84957
46208,75251
46208,106918
46208,56825
46208,83641
46208,115908
46208,76171
46208,58978
46208,34519
46208,119249
46208,24510
46208,137710
46208,117388
46208,133571
46208,127400
46208,98092
46208,84921
46208,1681
46210,85965
46210,1736
46210,132416
46210,94553
46210,68544
46210,70697
46210,36531
46210,90013
46210,16651
46210,72915
46210,60171
46210,54703
46212,34635
46212,38571
46212,56880
46212,50890
46212,140130
46212,75491
46212,103600
46212,131712
46212,23697
46212,28248
46212,59526
46212,18978
46212,13788
46212,87622
46212,28128
46212,44798
46212,85728
46212,50204
46212,133257
46212,90668
46212,40760
46212,136944
46212,91206
46212,116554
46212,6497
46212,114230
46212,21315
46212,88127
46212,83026
46212,12906
46212,73671
46212,36029
46212,9253
46213,99795
46213,91449
46213,95900
46213,5989
46213,79962
46213,106986
46213,1943
46213,46714
46213,118629
46214,16191
46214,110497
46214,7484
46214,70244
46214,90700
46214,50252
46214,43785
46214,55191
46214,93125
46214,58773
46214,19195
46214,135266
46214,132946
46214,75755
46214,100246
46214,78108
46214,134068
46214,130510
46214,120992
46214,753
46214,139620
46214,116941
46214,40323
46214,82665
46214,57133
46214,28692
46214,104267
46214,40393
46214,87843
46214,112514
46215,27936
46215,13793
46215,105522
46215,128418
46215,119862
46215,78529
46215,67373
46215,43787
46215,67532
46215,51050
46215,115176
46215,73937
46215,74793
46215,126014
46215,104269
46215,82748
46215,135556
46216,44269
46216,30713
46216,131220
46216,111381
46216,140203
46216,113606
46216,2951
46216,57096
46216,32343
46216,68470
46216,74632
46216,33210
46216,23089
46216,61154
46216,60225
46216,115960
46216,73702
46216,123576
46216,38133
46216,125280
46216,55420
46216,123681
46216,46125
46216,129814
46216,109000
46216,14649
46216,61628
46217,6052
46217,32831
46217,4867
46217,113901
46217,39148
46217,13387
46217,19556
46217,120285
46217,57554
46217,48504
46217,90120
46217,37337
46217,36558
46217,69903
46217,92039
46217,122131
46217,13543
46217,28014
46217,76068
46217,9691
46217,115378
46217,27313
46217,104470
46217,117062
46217,51798
46217,18551
46217,93829
46217,74702
46217,116344
46217,118342
46217,19468
46217,128637
46218,90377
46218,12357
46218,59322
46218,79235
46218,37543
46218,107909
46218,37304
46218,95182
46218,68833
46218,21470
46218,110189
46218,43657
46218,31486
46218,38837
46218,37124
46218,66803
46218,79537
46218,85321
46218,90836
46218,67724
46218,102874
46218,62726
46218,8797
46218,25236
46218,22013
46218,113761
46218,78694
46218,83364
46218,85575
46218,115848
46218,39329
46219,58289
46219,15790
46219,121354
46219,69054
46219,64692
46219,86150
46219,128777
46219,13470
46219,33542
46219,79986
46219,89984
46219,42453
46219,3384
46219,3926
46219,33880
46219,62274
46219,104864
46219,138694
46219,19111
46219,138981
46219,50652
46219,71774
46219,131819
46219,125966
46219,94304
46219,99017
46219,19940
46219,19117
46219,88202
46219,129304
46219,76437
46221,54794
46221,116705
46221,37480
46221,55744
46221,96286
46221,11865
46221,99307
46221,21218
46221,81545
46221,56446
46221,66467
46221,27981
46221,2548
46221,42904
46221,116093
46221,24207
46221,67735
46221,45612
46221,118168
46221,69272
46221,131222
46221,104741
46221,95623
46221,59597
46221,94150
46221,56037
46221,16247
46221,23771
46221,139692
46221,103877
46221,16434
46221,11358
46221,800
46222,80370
46222,101975
46222,42501
46222,136277
46222,88101
46222,61466
46222,18071
46222,46097
46222,79439
46222,11818
46222,39743
46222,67056
46222,9759
46222,69879
46222,51405
46222,21233
46222,61649
46222,23680
46222,136212
46222,73491
46222,28452
46222,102797
46222,71620
46222,89470
46222,103498
46222,60033
46222,52643
46222,3245
46222,56512
46222,103067
46222,55727
46223,121314
46223,609
46223,52144
46223,104348
46223,9489
46223,99674
46223,35489
46223,19536
46223,131530
46223,21683
46223,96018
46223,65276
46223,97809
46223,22943
46223,86265
46223,15885
46223,105453
46223,23633
46223,62765
46223,39190
46223,75523
46223,19217
46223,106001
46225,114807
46225,48678
46225,73356
46225,113892
46225,62219
46225,9016
46225,122455
46225,25570
46225,94807
46225,36263
46225,86205
46225,21318
46225,54947
46225,128946
46225,135446
46225,6742
46225,100523
46225,73268
46225,102445
46225,17413
46225,95788
46225,140645
46225,39789
46225,75748
46225,45658
46225,128708
46225,31419
46225,109478
46225,136428
46225,69487
46225,85825
46225,24430
46226,26548
46226,91315
46226,77275
46226,73134
46226,132906
46226,104648
46226,27040
46226,55817
46226,123377
46228,33934
46228,61820
46228,51199
46228,35251
46228,97726
46228,106016
46228,43213
46228,41034
46228,23097
46228,26451
46228,44442
46228,88177
46228,97878
46228,48625
46228,8001
46228,117844
46228,37849
46228,106019
46228,120593
46228,33332
46228,60548
46228,136248
46228,44779
46228,61874
46228,51415
46228,128564
46228,41790
46228,39573
46228,130926
46228,23921
46228,126977
46228,124575
46229,118749
46229,38898
46229,104546
46229,114017
46229,73330
46229,17592
46229,17018
46229,79395
46229,19823
46229,23347
46229,20969
46229,84469
46229,81199
46229,117509
46229,49316
46229,85491
46229,120763
46229,102740
46229,135407
46229,44912
46229,79155
46229,125993
46229,66560
46229,111047
46229,20850
46229,107404
46229,114204
46229,59058
46229,26006
46229,61296
46229,85514
46229,47614
46229,69364
46230,53141
46230,5505
46230,70697
46230,36412
46230,126818
46230,81787
46230,25564
46230,64949
46230,105123
46230,46393
46230,121049
46230,110663
46230,137498
46230,52683
46230,15802
46230,44170
46230,122299
46230,125656
46230,16499
46230,119316
46230,90380
46230,119727
46230,79240
46230,40596
46230,62417
46230,361
46230,113169
46230,103935
46230,66917
46230,25126
46230,21198
46230,17580
46231,140304
46231,21150
46231,51555
46231,48512
46231,58015
46231,21805
46231,82051
46231,75807
46231,47543
46231,35504
46231,128677
46231,90665
46231,2899
46231,114177
46231,55158
46231,74482
46231,25223
46231,45412
46231,31381
46231,5988
46231,90509
46231,131402
46231,88307
46231,125859
46231,25746
46231,51653
46231,100473
46231,34966
46231,112519
46231,131324
46231,18566
46231,109535
46234,4778
46234,3321
46234,4219
46234,113650
46234,113487
46234,74628
46234,139096
46234,133582
46234,26753
46234,3709
46234,38375
46234,137056
46234,7659
46234,127712
46234,38356
46234,90928
46234,59111
46234,8952
46234,130781
46234,61010
46234,58078
46234,43445
46234,139080
46234,62505
46234,94709
46234,92758
46234,107271
46234,77219
46234,36861
46234,48545
46234,28770
46234,101850
46234,76404
46234,68171
46236,5090
46236,77109
46236,68689
46236,27711
46236,92698
46236,111356
46236,41585
46236,115763
46236,11414
46236,18859
46236,9522
46236,38846
46236,125611
46236,65496
46236,121287
46236,99894
46236,130968
46236,121665
46236,31945
46236,85576
46236,134786
46236,37788
46236,35043
46236,33163
46236,117347
46236,18569
46236,31442
46236,102112
46236,68783
46238,124166
46238,68002
46238,89951
46238,116032
46238,125053
46238,79068
46238,109650
46238,137514
46238,77985
46238,85065
46238,18635
46238,126732
46238,4256
46238,88639
46238,56064
46238,91687
46238,136880
46238,111940
46238,70273
46238,8289
46238,96329
46238,65100
46238,74298
46238,67376
46238,112568
46238,138603
46238,37093
46238,46505
46238,115213
46238,121421
46238,76109
46238,116455
46238,114250
46239,4250
46239,6542
46239,136541
46239,83045
46239,115388
46239,31912
46239,88341
46239,127523
46239,109739
46239,93538
46239,3390
46239,85562
46239,59528
46239,65567
46239,16397
46239,56472
46239,15412
46239,49152
46239,46162
46239,11826
46239,31946
46240,46031
46240,120496
46240,113826
46240,90688
46240,39242
46240,27886
46240,65322
46240,60013
46240,120850
46240,107420
46240,96905
46240,84455
46240,71767
46240,119444
46240,22503
46240,17928
46240,63325
46240,10847
46240,85333
46240,117871
46240,14903
46240,121329
46241,59526
46241,21315
46241,29604
46241,19435
46241,111000
46241,53341
46241,55690
46241,56880
46241,351
46241,59267
46241,28248
46241,122844
46241,88218
46241,65606
46241,76656
46241,30184
46241,41488
46241,893
46241,74474
46241,78283
46244,33083
46244,45882
46244,106304
46244,57181
46244,29301
46244,80930
46244,119942
46244,61015
46244,80778
46244,132104
46244,90439
46244,88386
46244,17637
46244,2356
46244,54906
46244,90312
46244,55669
46244,81762
46244,63562
46244,109958
46244,110977
46244,123948
46244,103663
46244,100892
46244,81767
46244,125299
46244,26357
46244,10552
46244,37733
46244,102144
46244,15716
46244,66858
46244,19626
46244,130073
46246,90424
46246,49310
46246,35378
46246,125914
46246,97113
46246,140472
46246,110490
46246,136797
46246,139470
46246,66752
46246,9268
46246,121348
46246,42244
46246,43709
46246,89820
46246,53732
46246,3675
46246,4690
46246,124624
46246,64362
46246,104619
46246,8325
46246,121702
46246,36246
46246,43924
46246,40391
46246,17068
46249,81498
46249,31963
46249,55314
46249,38260
46249,107616
46249,32925
46249,95942
46249,80275
46249,54064
46249,46971
46249,14391
46249,61748
46249,6011
46249,131077
46249,116953
46249,813
46249,29652
46249,28206
46249,128364
46249,34947
46249,11981
46249,83232
46249,89103
46249,90319
46249,111211
46249,24645
46249,46743
46249,115441
46249,130587
46249,27213
46249,44719
46249,75309
46249,109470
46250,34791
46250,77286
46250,74428
46250,127369
46250,2859
46250,84407
46250,128927
46250,22935
46250,131951
46250,81997
46250,33428
46250,135426
46250,5902
46250,88613
46250,8206
46250,137928
46250,36314
46250,108588
46250,67291
46250,45820
46250,47233
46250,89564
46250,89501
46250,69535
46250,89643
46250,29740
46250,56990
46250,32308
46250,105152
46250,20977
46250,94383
46251,485
46251,2025
46251,42956
46251,123682
46251,102848
46252,80801
46252,28184
46252,59703
46252,113798
46252,44293
46252,127473
46252,39744
46252,8348
46252,44020
46252,45157
46252,116740
46252,17458
46252,126845
46252,93954
46252,21890
46252,35862
46252,60578
46252,100979
46252,95670
46252,105957
46252,124926
46252,128122
46252,2715
46252,31267
46252,26212
46252,112355
46252,91942
46252,104826
46252,66411
46252,52654
46254,34800
46254,4368
46254,23414
46254,93368
46254,103207
46254,64843
46254,9415
46254,107431
46254,130390
46254,85670
46254,50161
46254,89288
46254,52686
46254,77670
46254,22930
46254,15504
46254,120790
46254,78974
46254,125912
46254,52346
46254,36595
46254,70012
46254,120278
46255,110387
46255,90040
46255,62074
46255,26623
46255,45933
46255,63619
46255,89279
46255,29355
46255,85515
46255,40144
46255,125241
46255,130396
46255,43196
46255,5154
46255,13638
46255,61094
46255,40516
46255,125272
46255,59879
46255,31816
46255,104911
46255,14443
46255,106906
46255,106143
46255,126757
46255,23640
46255,124525
46255,102713
46257,117516
46257,104219
46257,132217
46257,95668
46257,103200
46257,87181
46258,121419
46258,97686
46258,95732
46258,134094
46258,138669
46258,15642
46258,32462
46258,41838
46258,4564
46258,76899
46258,65181
46258,32347
46258,44596
46258,113620
46258,129583
46258,79657
46258,121257
46258,15489
46258,134777
46258,114899
46258,31719
46258,18094
46258,5911
46258,4387
46258,19971
46258,129701
46258,122797
46259,24353
46259,8184
46259,62829
46259,72759
46259,139876
46259,55225
46259,127031
46259,92054
46259,138208
46259,129192
46259,137991
46259,79987
46259,33827
46261,136118
46261,24532
46261,23069
46261,104334
46261,60273
46261,35441
46261,89362
46261,39354
46261,60889
46261,89120
46261,46975
46261,125922
46261,55117
46261,98388
46261,40806
46262,47589
46262,98257
46262,44040
46262,100202
46262,33238
46262,21727
46262,98230
46262,9382
46262,65266
46262,64923
46262,23133
46262,93677
46262,90823
46262,139217
46262,102934
46262,103672
46262,113444
46262,48413
46262,98855
46262,57714
46262,78846
46262,90435
46262,90143
46262,72775
46262,47485
46262,129824
46263,130740
46263,81895
46263,64997
46263,68166
46263,38657
46263,132918
46263,69483
46263,135634
46263,7780
46263,58931
46263,8376
46263,73518
46263,77753
46263,9041
46263,131477
46263,117912
46263,59359
46263,89672
46263,140317
46263,61797
46263,54086
46263,65076
46263,27912
46263,37888
46263,108239
46263,30808
46263,86365
46263,76155
46263,116921
46263,120326
46263,30240
46263,45995
46263,123459
46263,106929
46264,124342
46264,137997
46264,116942
46264,104517
46264,21018
46264,60846
46264,35223
46264,38419
46264,24545
46266,28839
46266,101069
46266,91816
46266,18751
46266,32484
46266,41662
46266,114718
46266,1828
46266,46337
46266,101102
46266,121133
46266,15979
46266,38034
46266,39419
46266,89596
46266,92065
46266,12413
46266,65427
46266,33186
46266,2928
46267,7267
46267,65658
46267,99514
46267,81702
46267,58885
46267,25907
46267,26460
46267,139332
46267,112653
46267,11247
46267,60185
46267,6
46267,125196
46267,15958
46267,47206
46267,24786
46267,46993
46267,99108
46267,52265
46267,126552
46267,37455
46267,51187
46267,110033
46267,105252
46267,85554
46267,75989
46267,3200
46268,75704
46268,65557
46268,69294
46268,23150
46268,79225
46268,18016
46268,72185
46268,34187
46268,5739
46268,25916
46268,110209
46268,24003
46268,63347
46268,17853
46268,19598
46268,11726
46268,11244
46268,107809
46268,9077
46268,72909
46268,121113
46268,140723
46268,4940
46268,9392
46268,137773
46268,68904
46268,35767
46268,67406
46268,38183
46268,103738
46268,122138
46268,77605
46268,16096
46268,86217
46269,105534
46269,1696
46269,140696
46269,97038
46269,36289
46269,79318
46269,137301
46269,42906
46269,130541
46269,12197
46269,90386
46269,924
46269,75781
46269,96270
46269,50432
46269,111752
46269,63248
46269,10242
46269,23723
46269,131958
46269,61639
46269,116927
46269,124937
46269,14515
46269,139847
46269,45875
46269,124255
46269,122895
46269,93485
46269,132972
46269,138371
46270,113058
46270,106578
46270,91369
46270,90486
46270,93334
46270,103137
46270,127888
46270,59653
46271,111642
46271,110997
46271,77738
46271,114438
46271,15528
46271,70173
46271,60357
46271,102284
46271,5349
46271,68327
46271,89668
46271,40631
46271,92887
46272,50802
46272,117027
46272,134705
46272,83526
46272,45435
46272,50887
46272,89696
46272,3870
46272,74444
46272,84068
46272,9765
46272,4965
46274,136972
46274,35350
46274,20689
46274,130336
46274,106894
46274,77068
46274,62382
46274,73791
46274,130158
46274,111432
46274,37088
46274,49717
46274,16144
46274,44234
46274,90649
46274,98216
46274,61512
46274,105753
46274,40804
46274,134875
46274,32108
46274,58998
46274,13777
46274,105617
46274,108473
46274,89721
46274,75433
46274,100312
46274,120855
46274,39703
46274,132285
46274,33831
46274,85725
46274,87339
46275,8119
46275,130898
46275,30373
46275,5137
46275,94821
46275,135947
46275,100946
46275,43560
46275,83070
46275,1917
46275,67328
46275,102137
46275,2671
46276,83115
46276,61132
46276,64323
46276,72467
46276,105899
46276,99785
46279,93640
46279,85508
46279,27369
46279,25424
46279,20611
46279,27738
46279,25614
46279,81025
46279,134528
46279,36791
46279,61060
46279,32943
46279,86594
46279,78815
46279,113971
46279,11684
46279,77283
46281,36676
46281,73862
46281,70826
46281,138556
46281,93558
46281,27071
46281,66045
46281,103317
46281,90048
46281,38650
46281,57249
46281,35535
46281,38337
46281,110936
46281,16851
46281,109844
46281,53009
46281,99037
46281,44151
46281,40217
46281,124638
46281,116195
46281,81516
46281,77885
46281,21553
46281,51973
46281,22018
46281,122425
46281,136112
46281,49884
46283,118641
46283,115026
46283,105538
46283,68487
46283,124242
46283,120317
46283,36996
46283,128615
46283,448
46283,5607
46283,35817
46283,16367
46283,77081
46283,98157
46283,5002
46284,13536
46284,97765
46284,110625
46284,95641
46284,88800
46284,117107
46284,40959
46284,90652
46284,83731
46284,80192
46284,126247
46284,99345
46284,62091
46284,74284
46284,62113
46284,30014
46284,75025
46284,6186
46284,13210
46284,92441
46284,114751
46284,111055
46286,87421
46286,19116
46286,18255
46286,4468
46286,98783
46286,8409
46286,119146
46286,140183
46287,6758
46287,30745
46287,117832
46287,81102
46287,66914
46287,22039
46287,78918
46287,14401
46287,120635
46287,124733
46287,34547
46287,102175
46287,78609
46287,52755
46287,138791
46287,48971
46287,45372
46287,84839
46287,36560
46287,113173
46287,119978
46287,86263
46287,31999
46287,110519
46287,42515
46287,73040
46287,2885
46287,46204
46287,25855
46287,35868
46287,36418
46288,109373
46288,84905
46288,94543
46288,43092
46288,107198
46288,9943
46288,106496
46288,15220
46288,10173
46288,124907
46288,129951
46288,43503
46288,118609
46288,48557
46288,129273
46288,53390
46288,94627
46288,81300
46288,103886
46288,58324
46288,128421
46288,107672
46288,692
46288,35870
46288,26232
46288,64855
46288,91952
46288,6254
46288,121790
46288,73707
46288,37239
46289,117955
46289,56949
46289,78244
46289,19543
46289,13558
46289,125488
46289,56248
46289,14606
46289,63854
46289,21203
46289,58916
46289,81528
46289,124171
46289,128219
46289,137156
46289,65373
46289,64424
46289,47863
46289,100183
46289,2059
46289,77923
46289,62906
46289,66906
46289,33881
46289,66658
46289,48836
46289,124374
46289,105804
46289,50388
46289,12673
46290,22660
46290,38684
46290,46133
46290,90477
46290,123867
46290,93635
46290,94526
46290,59358
46290,46413
46290,20161
46290,63629
46290,1499
46290,104372
46290,19298
46293,121350
46293,10763
46293,112479
46293,40441
46293,122734
46293,32358
46293,139917
46293,57114
46293,113229
46293,73745
46293,126899
46293,66606
46293,94194
46293,69607
46293,27525
46293,137264
46293,98323
46293,112101
46293,121101
46293,82688
46294,133433
46294,1178
46294,138321
46294,18969
46294,92533
46294,128270
46294,113930
46294,67075
46294,93038
46294,13056
46294,95548
46294,64297
46294,50694
46294,100766
46294,79642
46294,95646
46294,139481
46294,133278
46294,32386
46294,112484
46294,21170
46294,72468
46294,89804
46294,8870
46294,4931
46294,109472
46294,44240
46294,138759
46294,18399
46294,62405
46294,24203
46294,91160
46294,53836
46294,24219
46295,5355
46295,30762
46295,99726
46295,94203
46295,41423
46295,131744
46295,19438
46295,25370
46295,47637
46295,27357
46295,74557
46295,17493
46295,115941
46295,130141
46295,8983
46295,29265
46295,524
46295,127959
46295,71488
46295,43266
46295,140724
46295,135274
46295,37813
46295,90078
46295,139866
46295,100206
46295,56911
46295,34807
46295,118353
46295,95108
46296,15994
46296,126264
46296,105408
46296,3213
46296,1230
46296,20592
46296,40517
46296,21155
46296,110940
46296,90730
46296,7919
46296,23268
46296,41278
46296,8962
46296,126657
46296,79740
46296,1497
46296,59546
46296,46809
46296,25476
46296,126719
46296,35817
46296,70934
46296,35264
46296,61529
46296,38725
46296,60277
46296,30593
46296,44923
46296,64762
46296,7880
46296,5002
46297,92999
46297,11290
46297,40355
46297,114765
46297,40069
46297,91581
46300,40567
46300,3348
46300,7229
46300,57955
46300,95239
46300,25789
46300,6548
46300,51369
46300,1434
46300,98897
46301,107399
46301,119123
46301,12977
46301,97484
46301,88321
46301,53438
46301,54140
46301,108667
46301,136381
46301,108112
46301,92057
46301,89157
46301,111092
46301,58804
46302,5282
46302,21733
46302,97513
46302,104276
46302,37256
46302,81228
46302,30566
46302,85708
46302,75725
46302,91889
46302,16962
46302,56358
46302,37636
46302,98441
46302,89617
46302,1731
46302,47046
46302,125549
46302,50098
46302,84102
46302,105148
46302,68142
46302,26268
46302,80605
46302,104415
46302,63371
46302,4983
46302,39723
46302,52180
46302,64349
46302,47375
46302,71305
46302,86672
46303,17414
46303,30125
46303,46733
46303,52552
46303,3786
46303,7650
46303,25068
46303,81592
46303,38062
46303,130090
46303,134377
46303,139942
46303,30556
46303,45619
46303,134145
46303,126097
46303,72201
46303,76629
46303,95190
46303,10931
46303,114828
46303,34891
46303,120886
46303,81302
46303,83534
46303,107292
46303,116568
46303,54067
46303,109164
46303,57316
46303,114754
46303,135196
46306,124261
46306,113252
46306,48538
46306,5534
46306,87686
46306,51756
46306,56542
46306,6161
46306,111166
46306,103016
46306,44675
46306,68305
46306,8141
46306,134460
46306,90382
46306,122994
46306,97222
46306,24441
46306,84675
46306,123696
46306,138889
46306,22017
46306,36561
46306,113475
46306,25524
46306,35312
46306,116120
46306,133048
46306,71689
46306,42416
46306,40289
46306,15907
46306,139212
46306,43552
46309,29473
46309,30268
46309,124021
46309,111128
46309,83450
46309,112303
46309,139662
46309,48006
46309,105888
46309,97260
46309,16977
46309,74195
46309,18303
46309,65566
46309,28843
46309,134067
46309,25328
46309,26023
46309,24521
46309,127079
46309,52230
46309,22293
46309,77263
46309,76246
46309,64815
46309,108902
46309,72278
46309,66257
46309,3037
46309,44982
46309,87140
46309,69282
46310,78328
46310,136941
46310,103988
46310,88039
46310,80312
46310,83209
46310,549
46310,87590
46310,925
46310,86685
46310,124117
46312,18526
46312,15640
46312,52812
46312,7064
46312,124000
46312,51092
46312,60270
46312,117448
46312,80336
46312,76929
46312,77254
46312,12932
46312,234
46312,13010
46312,85147
46312,58113
46312,19413
46312,49855
46312,40598
46312,86248
46312,89105
46312,5060
46312,122002
46312,90083
46312,40663
46312,10642
46312,65930
46312,39466
46312,18306
46312,89667
46312,16246
46312,86654
46313,92516
46313,21592
46313,95509
46313,72858
46313,3262
46313,111672
46313,71399
46313,140235
46313,102545
46313,52065
46313,36865
46313,8690
46313,47313
46313,77313
46313,65049
46313,48312
46313,121124
46316,76443
46316,118766
46316,13674
46316,69514
46316,24519
46316,83134
46316,42693
46316,22607
46316,4780
46316,134823
46316,4573
46316,61695
46316,94080
46316,34578
46316,132817
46316,106872
46316,100081
46316,11948
46316,75897
46316,74279
46316,82439
46316,136202
46316,70683
46316,86704
46316,81720
46316,115911
46321,3919
46321,135860
46321,68464
46321,7194
46321,100414
46321,122330
46321,72313
46321,135048
46321,135251
46321,31143
46321,134767
46321,140677
46321,79850
46321,31356
46321,88290
46321,35935
46321,125304
46321,1186
46321,7369
46321,85190
46321,30812
46321,90733
46321,13946
46321,61490
46322,69184
46322,20430
46322,63105
46322,60144
46322,57170
46322,8864
46322,96780
46322,106335
46322,14480
46322,63229
46322,75205
46322,67233
46322,67964
46322,20587
46322,93974
46322,23190
46322,77074
46322,32798
46322,101335
46322,78647
46322,5322
46322,127671
46322,128090
46322,31825
46322,114721
46322,79475
46322,59721
46322,35679
46322,131493
46322,67477
46322,123012
46322,117582
46322,96206
46322,135437
46323,9665
46323,36651
46323,55949
46323,58865
46323,15724
46323,72672
46323,86567
46323,97131
46323,70960
46323,98336
46323,103607
46323,126121
46324,116851
46324,111733
46324,67340
46324,51073
46324,61751
46324,15243
46324,71374
46324,66217
46324,103962
46324,15623
46324,48616
46324,41443
46324,12666
46324,34549
46324,96152
46324,87921
46324,97451
46324,19210
46324,13494
46324,8027
46324,25016
46324,28100
46324,85918
46324,95459
46324,106513
46325,86032
46325,30304
46325,53917
46325,120466
46325,44484
46325,37731
46325,41151
46325,8150
46325,67607
46325,106919
46325,101143
46325,24960
46325,67351
46325,122819
46325,56638
46325,70938
46325,63285
46325,77060
46325,109972
46328,90257
46328,73759
46328,111667
46328,63219
46328,24338
46328,15883
46328,133077
46328,31521
46330,640
46330,95914
46330,138908
46330,123699
46330,104526
46330,115525
46330,92100
46330,97799
46330,112870
46330,9813
46330,132744
46330,60746
46330,10438
46330,79737
46330,97244
46330,9128
46330,100401
46330,85978
46330,100503
46330,136720
46330,26052
46330,34026
46330,23819
46330,103036
46330,16736
46330,94839
46330,115234
46330,134406
46330,27982
46330,149
46330,40027
46332,33863
46332,15347
46332,114128
46332,104788
46332,134434
46332,75459
46332,14801
46332,63415
46332,709
46332,32792
46332,68584
46332,4575
46332,15743
46332,31351
46332,96056
46332,15703
46332,60077
46332,41762
46332,97751
46332,97003
46332,59288
46332,6163
46332,118087
46332,118669
46332,128790
46332,122159
46334,89626
46334,25536
46334,90593
46334,28660
46334,136787
46334,82144
46334,22051
46334,103132
46334,42506
46334,93877
46334,67001
46334,59241
46334,16190
46334,106057
46334,119803
46334,35414
46334,45783
46334,67485
46334,122331
46334,37159
46334,103768
46334,75976
46334,73661
46334,112588
46334,95810
46334,14322
46335,137595
46335,31730
46335,59465
46335,32766
46335,38689
46335,42002
46335,29747
46335,82607
46335,23360
46335,8407
46335,2500
46335,16664
46335,138372
46335,104962
46335,4860
46335,61811
46335,111551
46335,35325
46338,70521
46338,69107
46338,56330
46338,84802
46338,63412
46338,72057
46338,44737
46338,59154
46338,6271
46338,10552
46338,25168
46338,15716
46338,26357
46338,4297
46338,100892
46338,43997
46340,122757
46340,81792
46340,116793
46340,9992
46340,80748
46340,79137
46340,77037
46340,128461
46340,110759
46340,102679
46340,134150
46340,92649
46341,33428
46341,17460
46341,13705
46341,135426
46341,88613
46341,39505
46341,67291
46341,98689
46341,73888
46341,8206
46341,94032
46341,36763
46341,16308
46341,75260
46341,131951
46341,72503
46341,33353
46341,126249
46341,70312
46341,107535
46341,20737
46341,36202
46341,13067
46341,131436
46342,127270
46342,83306
46342,54056
46342,46047
46342,5337
46342,94139
46342,87904
46342,41206
46342,42143
46342,103140
46342,10447
46342,30965
46342,125001
46342,120953
46342,127786
46342,9159
46342,14759
46342,41731
46342,126375
46342,96648
46342,86722
46342,63060
46342,88813
46342,105529
46342,13406
46342,73720
46342,43328
46342,77835
46342,37686
46342,13394
46344,64923
46344,47589
46344,72109
46344,65266
46344,132029
46344,102934
46344,3992
46344,13354
46344,90823
46344,80643
46344,93677
46344,139217
46344,49787
46344,72775
46344,98362
46344,114482
46344,87105
46344,28256
46344,136543
46344,1502
46344,39412
46344,4303
46344,40582
46344,61492
46344,32613
46344,31926
46344,139753
46344,78846
46344,38899
46344,93050
46344,21575
46345,48093
46345,64955
46345,83115
46345,91855
46345,69116
46345,61132
46345,1772
46345,36701
46345,71559
46345,87946
46345,134674
46345,11069
46345,115579
46345,99785
46345,64323
46345,92254
46345,72467
46345,53246
46345,128928
46345,43791
46347,87471
46347,25226
46347,85209
46347,4510
46347,89070
46347,86064
46347,3379
46347,12904
46347,32837
46347,44715
46347,73825
46347,43911
46347,83851
46347,133692
46347,1901
46347,3087
46348,46425
46348,100216
46348,84448
46348,4321
46348,87670
46348,49339
46348,87817
46348,47338
46348,32898
46348,38970
46348,90862
46348,138680
46348,94770
46348,16971
46348,73079
46348,139283
46348,48613
46348,110872
46348,36550
46348,86493
46348,72229
46348,70564
46348,63509
46348,75363
46348,90549
46348,95798
46348,73497
46348,17371
46349,120684
46349,18040
46349,71516
46349,28793
46349,97424
46349,25664
46349,116362
46349,55762
46349,102096
46349,32530
46349,39803
46349,65212
46349,109865
46349,52380
46349,10093
46350,99563
46350,69043
46350,84521
46350,68964
46350,14231
46350,75700
46350,63437
46350,52854
46350,86614
46350,120479
46350,127936
46350,9367
46350,46165
46350,105942
46350,6457
46350,72133
46350,26831
46350,14424
46350,131243
46350,32344
46350,87572
46350,72506
46350,103440
46350,138143
46353,9984
46353,42992
46353,113554
46353,18528
46353,292
46353,63067
46353,99438
46353,127170
46353,29664
46353,138737
46353,34699
46353,134939
46353,66932
46353,135265
46353,34213
46353,115997
46353,83500
46353,93533
46353,20097
46353,93441
46353,115337
46353,122018
46353,32328
46353,91985
46353,134258
46353,136413
46355,114932
46355,24545
46355,137997
46355,124342
46355,37818
46355,131892
46355,70177
46355,90845
46355,77089
46355,116942
46355,35223
46355,104517
46355,78500
46355,40279
46355,59781
46355,21018
46355,59657
46355,38419
46355,46274
46355,134154
46355,49656
46355,94455
46355,26248
46355,90809
46355,68420
46355,14082
46355,60846
46355,77795
46355,60468
46355,122112
46355,117294
46355,125083
46356,46411
46356,105139
46356,18410
46356,113404
46356,42389
46356,88969
46356,134607
46356,83293
46358,83026
46358,67974
46358,100384
46358,16866
46358,25874
46358,43423
46358,22940
46358,17213
46358,80874
46358,53695
46358,44306
46358,21250
46358,34635
46358,7360
46358,128241
46358,17327
46358,117463
46358,1277
46358,28806
46358,83749
46358,91051
46358,96735
46358,14389
46358,113825
46358,7258
46358,64049
46358,114550
46358,49368
46358,93944
46358,113337
46359,140120
46359,31576
46359,115954
46359,80034
46359,116176
46359,30949
46359,2267
46359,117590
46359,64020
46359,64710
46359,123218
46359,106070
46359,136833
46359,112711
46359,119159
46359,57080
46359,58735
46359,116217
46359,46276
46359,110990
46359,33405
46359,2039
46359,65270
46359,8077
46359,77563
46359,117944
46359,114820
46359,19565
46359,63545
46359,133207
46359,11881
46359,19427
46359,90284
46360,77439
46360,101570
46360,25555
46360,95262
46360,130883
46360,52161
46360,58676
46360,70212
46360,28552
46360,54364
46362,29301
46362,90664
46362,55777
46362,118445
46362,134421
46362,104922
46362,60095
46362,123893
46362,61015
46362,116435
46362,92733
46362,4430
46362,43264
46362,6809
46362,26190
46362,105251
46362,75433
46362,85725
46363,124166
46363,31359
46363,68002
46363,58136
46363,125053
46363,137514
46363,62168
46363,85065
46363,65100
46363,67376
46363,89951
46363,55073
46363,116455
46363,79068
46363,111435
46363,67569
46363,131901
46363,131344
46363,136880
46363,112568
46363,117751
46363,39748
46363,56064
46363,111940
46363,77465
46363,84526
46363,80251
46366,93033
46366,88377
46366,100149
46366,62848
46366,103658
46366,53590
46366,59454
46366,30810
46366,91848
46366,48369
46366,28313
46366,100686
46366,118084
46366,64527
46366,102003
46366,92705
46366,42694
46366,84167
46366,10855
46366,94663
46366,93646
46366,134188
46366,20531
46366,69911
46366,99259
46366,97508
46366,27078
46366,99221
46366,46466
46366,137701
46367,16032
46367,62792
46367,50537
46367,23137
46367,58560
46367,13449
46367,115834
46367,69334
46367,10220
46367,121792
46367,103857
46367,52945
46367,134059
46367,1709
46367,84746
46367,133977
46367,122309
46367,125035
46367,44957
46367,47040
46367,116565
46367,51970
46367,88406
46367,139392
46367,27094
46367,100842
46367,3359
46367,23072
46367,65242
46367,23304
46367,138162
46367,31026
46367,92824
46368,90963
46368,130338
46368,110744
46368,137937
46368,7183
46368,55909
46368,125216
46368,63469
46368,31833
46368,87274
46368,26478
46368,82588
46368,118566
46368,20742
46368,9930
46368,53095
46368,93306
46368,109332
46368,107686
46368,135494
46368,127792
46368,125712
46368,199
46368,123219
46368,27202
46368,104006
46368,40460
46368,96185
46368,85888
46368,77994
46368,77487
46368,51140
46368,3838
46368,87138
46369,87602
46369,122109
46369,99143
46369,108259
46369,36421
46369,34409
46369,94254
46369,95197
46369,2493
46369,126760
46369,85087
46369,43927
46369,100531
46369,6226
46369,110079
46369,53288
46369,133650
46369,86771
46369,993
46369,71042
46369,97525
46369,58512
46369,134829
46369,80939
46369,88782
46369,66931
46369,3847
46369,109588
46369,22929
46369,96997
46369,54002
46369,34183
46369,31051
46369,136105
46370,37087
46370,3030
46370,126978
46370,28337
46370,83740
46370,39338
46370,44681
46371,121314
46371,53584
46371,53572
46371,43492
46371,104348
46371,119707
46371,96018
46371,135806
46371,99674
46371,67912
46371,108868
46371,12381
46371,85273
46371,29241
46371,40498
46371,9489
46371,109870
46371,609
46371,35489
46371,88467
46371,49242
46371,53104
46371,75523
46371,62765
46371,39190
46371,22943
46371,96084
46371,60932
46371,122016
46371,14499
46371,95624
46371,89169
46371,81398
46372,103347
46372,134941
46372,53109
46372,54439
46372,96745
46372,11320
46372,100379
46372,74491
46372,105599
46372,86528
46372,77429
46372,14843
46372,46371
46372,86126
46372,122894
46372,84991
46372,75210
46372,8010
46372,82176
46372,115680
46375,133227
46375,15174
46375,21469
46375,11719
46375,26548
46375,118064
46375,117787
46375,38345
46375,62593
46375,30867
46375,118908
46375,98668
46375,110402
46375,91315
46375,33764
46375,73134
46375,68723
46375,13297
46375,74892
46375,63794
46375,136686
46375,12082
46375,109544
46375,132906
46375,130231
46375,33341
46375,55817
46375,135941
46375,27040
46377,64170
46377,70032
46377,80493
46377,135868
46377,123180
46377,136739
46377,10454
46377,12189
46377,78952
46377,24052
46377,119221
46377,27028
46377,81869
46377,119030
46377,28868
46377,116661
46377,120827
46377,73807
46377,85619
46377,38118
46377,93297
46377,127531
46377,55551
46377,29700
46377,89300
46377,121993
46377,75675
46377,95267
46377,45963
46377,73899
46377,21572
46377,286
46377,24876
46380,49623
46380,126534
46380,124764
46380,3471
46380,14576
46380,22290
46380,97986
46380,61268
46380,29276
46380,10194
46380,96424
46380,131255
46380,10731
46380,113788
46380,69322
46380,8408
46380,63494
46380,27230
46380,13568
46380,39004
46380,115692
46380,72471
46380,29598
46380,59782
46380,93461
46380,76607
46380,108827
46381,21243
46381,22529
46381,129113
46381,104169
46381,117893
46381,44111
46381,40894
46381,112417
46381,105928
46381,86262
46381,43735
46381,25253
46381,133438
46381,28919
46381,52148
46381,75383
46381,19740
46381,128462
46381,60707
46381,40371
46381,103010
46381,116449
46381,49062
46381,99380
46381,100213
46381,74477
46381,134879
46381,63809
46381,26367
46381,95994
46381,25466
46381,136612
46381,102220
46381,15579
46382,54011
46382,21257
46382,25520
46382,33167
46382,5902
46382,49341
46382,39581
46382,102785
46382,122738
46382,108610
46382,67173
46382,107280
46382,132084
46382,69115
46382,94068
46382,7540
46382,41089
46382,13490
46382,122359
46382,122047
46382,140021
46382,7214
46382,10636
46382,92740
46382,73888
46382,116484
46382,78034
46382,107535
46382,96872
46382,13067
46382,94561
46384,31359
46384,39748
46384,77465
46384,62168
46384,131344
46384,91687
46384,80251
46385,94975
46385,79474
46385,32349
46385,12415
46385,21779
46385,139954
46385,139340
46385,122556
46385,44857
46385,45094
46385,83018
46385,68293
46385,2998
46385,131937
46385,114210
46385,65587
46385,113007
46385,132136
46385,52037
46385,57206
46385,71357
46385,6268
46385,2003
46385,32975
46385,499
46385,38587
46385,75017
46385,135513
46385,20672
46385,74366
46386,55314
46386,84139
46386,38260
46386,80275
46386,24806
46386,54064
46386,119957
46386,46971
46386,81498
46386,31963
46386,61748
46386,14391
46386,34947
46386,2476
46386,32925
46386,29652
46386,118178
46386,28206
46386,59726
46386,131077
46386,111211
46386,813
46386,90319
46386,44719
46386,2508
46386,83232
46386,89103
46386,109470
46387,88687
46387,140804
46387,109228
46387,62156
46387,65863
46387,19637
46387,32977
46387,97916
46387,22980
46388,134242
46388,120052
46388,138839
46388,50608
46388,72988
46388,110580
46388,98671
46388,87756
46388,128521
46388,20114
46388,34076
46388,84269
46388,94180
46388,114251
46388,48380
46388,4558
46388,26755
46388,111594
46388,24097
46388,87223
46388,102921
46388,54806
46388,105492
46388,94444
46388,79900
46388,56214
46388,126910
46389,117064
46389,107169
46389,7003
46389,27211
46389,139883
46389,74117
46389,75440
46389,13517
46391,130646
46391,138900
46391,138908
46391,97799
46391,115525
46391,92100
46391,104526
46391,9813
46391,10438
46391,23819
46391,96994
46391,79737
46391,34026
46391,40209
46391,22312
46391,97244
46391,27982
46391,100401
46391,15030
46391,78814
46391,100503
46391,26052
46391,40027
46391,85978
46391,134568
46391,149
46391,115234
46391,56761
46391,36183
46391,118666
46391,134406
46393,125297
46393,42773
46393,139881
46393,90769
46393,36733
46393,29682
46393,4170
46393,1221
46393,70188
46393,57709
46393,70070
46393,84705
46393,10064
46393,65924
46393,106834
46393,128692
46393,82327
46393,90605
46393,1729
46393,89106
46393,133947
46393,35615
46393,5405
46393,107879
46393,90478
46393,72590
46393,112007
46393,130430
46393,72640
46393,105963
46393,50452
46393,19480
46393,20988
46395,77609
46395,128141
46395,78332
46395,56069
46395,114871
46395,126066
46395,106915
46395,25274
46395,73075
46395,61620
46395,38312
46395,51249
46395,10707
46395,40322
46395,44343
46395,106333
46395,59351
46395,59551
46395,120483
46395,66605
46395,22989
46395,114694
46395,132583
46395,69481
46395,101713
46395,84292
46395,78850
46395,7657
46395,64329
46395,121628
46395,122419
46395,48443
46395,17233
46395,3867
46396,59539
46396,106910
46396,8312
46396,31272
46396,92202
46396,97298
46396,12154
46396,19875
46396,41441
46396,76562
46396,112799
46396,134981
46396,100105
46396,104528
46397,42906
46397,113371
46397,90386
46397,23723
46397,139847
46397,12197
46397,69
46397,64575
46397,43025
46397,26779
46397,64204
46397,69811
46397,4853
46397,118710
46397,27336
46397,128037
46397,50300
46397,58817
46397,69411
46397,9959
46397,92315
46397,72144
46397,104589
46397,74926
46397,132497
46397,138205
46397,98714
46397,102031
46397,78527
46398,127310
46398,31524
46398,99232
46398,97724
46398,19166
46398,45395
46398,135423
46398,133599
46398,99130
46398,59976
46398,57592
46398,134836
46399,21155
46399,1230
46399,112216
46399,30878
46399,110738
46399,3213
46399,90730
46399,105408
46399,32887
46399,80475
46399,126657
46399,118641
46399,23268
46399,122621
46399,61529
46399,98736
46399,84122
46399,91919
46399,126665
46399,53494
46399,31643
46399,79740
46399,17633
46399,41712
46399,46884
46399,135499
46399,47744
46399,7880
46399,64762
46399,7051
46399,79026
46399,30593
46399,5002
46400,5355
46400,99726
46400,131744
46400,130141
46400,139866
46400,8983
46400,27357
46400,37813
46400,100206
46400,90078
46401,128934
46401,90787
46401,25784
46401,110898
46401,93831
46401,1139
46401,119812
46402,135402
46402,98269
46402,32095
46402,122781
46402,41911
46402,84173
46402,27440
46402,123952
46402,39595
46402,125716
46402,106912
46402,56195
46402,106537
46402,102235
46402,1046
46402,11542
46402,64747
46402,36149
46402,62867
46402,5139
46402,133632
46402,88037
46402,9267
46402,48110
46402,24751
46402,66478
46402,68062
46402,88160
46403,21870
46403,135300
46403,105871
46403,48237
46403,21077
46403,134029
46403,15773
46403,60844
46403,132622
46403,79350
46403,25599
46403,17654
46403,17013
46403,86196
46403,68811
46403,128937
46403,101849
46403,132633
46403,43963
46403,48797
46403,71445
46403,28797
46403,127938
46403,43404
46403,109339
46403,129821
46403,19080
46403,25459
46404,882
46404,42586
46404,55381
46404,66876
46404,51029
46404,45242
46404,134121
46404,43720
46404,96382
46404,33166
46404,131107
46404,19187
46404,43271
46404,67617
46404,48646
46404,121485
46404,104553
46404,60611
46404,122232
46404,75393
46404,17771
46404,88931
46404,10286
46404,68615
46404,62185
46404,87996
46404,603
46404,43045
46404,69709
46404,108642
46404,73843
46404,88638
46404,45785
46405,85508
46405,20611
46405,27369
46405,93640
46405,25614
46405,52738
46405,25424
46405,134528
46405,81025
46405,36791
46405,32943
46405,30820
46405,84882
46405,86594
46405,78815
46405,61252
46405,70404
46405,25526
46405,24903
46405,61060
46405,98567
46405,77283
46405,11684
46405,113971
46405,130392
46407,79318
46407,1696
46407,137301
46407,127210
46407,105534
46407,45211
46407,124937
46407,29677
46407,63248
46407,9959
46407,74639
46407,96270
46407,122895
46407,140696
46407,93485
46407,131958
46407,116927
46407,69236
46407,12197
46407,10242
46407,58817
46407,131758
46407,109598
46407,14515
46407,132972
46407,130541
46407,124255
46407,78945
46407,50432
46407,45875
46407,138371
46408,15994
46408,90730
46408,4875
46408,8962
46408,118641
46408,130807
46408,61529
46408,98736
46408,90693
46408,21419
46408,35817
46408,17633
46408,79740
46408,25070
46408,1230
46408,77935
46408,23212
46408,53494
46408,135499
46408,47744
46408,44923
46408,74754
46408,69261
46408,80475
46408,60084
46408,7880
46408,48671
46408,13603
46408,30950
46408,128615
46408,106819
46408,138600
46408,78838
46408,129228
46411,42055
46411,47790
46411,112638
46411,104374
46411,115081
46411,91729
46411,7133
46411,83520
46411,71580
46411,128921
46411,67186
46411,39586
46411,66804
46411,56109
46411,2270
46411,13405
46411,5554
46411,59128
46411,72178
46411,79734
46411,45302
46411,77691
46411,115788
46411,71868
46411,120603
46411,23931
46412,59817
46412,30304
46412,56638
46412,101143
46412,8150
46412,67607
46412,24960
46412,122819
46412,53917
46412,44484
46412,106919
46412,86032
46412,120466
46412,37731
46412,67351
46412,77060
46412,63285
46413,139002
46413,50089
46413,84647
46413,34596
46413,103998
46413,82349
46413,106441
46413,7694
46413,105477
46413,46449
46413,43444
46413,38302
46413,4228
46413,124002
46413,80582
46413,100520
46413,69506
46413,86626
46413,46022
46413,7442
46413,92133
46413,94429
46413,123422
46413,113073
46413,1153
46413,107949
46413,79252
46413,57715
46413,97013
46413,82463
46413,7816
46419,75704
46419,69294
46419,18016
46419,79225
46419,65557
46419,72185
46419,26804
46419,33528
46419,100913
46419,99323
46419,72909
46419,9392
46419,17890
46419,101128
46419,86760
46419,116043
46419,125440
46419,34187
46419,100852
46419,82482
46419,14009
46419,35767
46419,37278
46419,38183
46419,11244
46419,75069
46419,40937
46419,4940
46419,97118
46419,137773
46419,54922
46419,48758
46419,67406
46419,8624
46420,39639
46420,51111
46420,6870
46420,82378
46420,40198
46420,39235
46420,28392
46420,9619
46420,122086
46420,102933
46420,22031
46420,22212
46420,118210
46420,40226
46420,80898
46420,37547
46420,49627
46420,88366
46420,69535
46420,13741
46420,7663
46420,136843
46420,47442
46420,78034
46420,38843
46420,103854
46420,110913
46420,140632
46420,79431
46420,94561
46422,123229
46422,131047
46422,49354
46422,81122
46422,35471
46422,8639
46422,101206
46422,27283
46422,28558
46422,36170
46422,22283
46422,85924
46422,60380
46422,97140
46422,85737
46422,86517
46422,106679
46422,99109
46422,124329
46422,9966
46422,85165
46422,6605
46422,102625
46422,15446
46422,101213
46422,25598
46422,48018
46422,51774
46422,20334
46422,70713
46422,133713
46422,134708
46422,79158
46423,50816
46423,65153
46423,2184
46423,131186
46423,7015
46424,78190
46424,54118
46424,42694
46424,100149
46424,56333
46424,92705
46424,27078
46424,118393
46424,59454
46424,69911
46424,79215
46424,129396
46424,8005
46424,138208
46424,41467
46424,22736
46424,53498
46424,112796
46424,130089
46424,55225
46424,139876
46424,121215
46424,137991
46424,105212
46424,122586
46424,50417
46424,83133
46424,27999
46424,71069
46424,112666
46424,88919
46428,13991
46428,16726
46428,9673
46428,7643
46428,56935
46428,123196
46428,57756
46428,121950
46428,131615
46428,85629
46428,95904
46428,101308
46428,103390
46428,96646
46428,8878
46428,17379
46428,48435
46428,138713
46428,46946
46428,90205
46428,17631
46428,35130
46428,6015
46428,102871
46428,18547
46428,107783
46428,123703
46428,31872
46428,139508
46428,15596
46429,9931
46429,128594
46429,73057
46429,26731
46429,76821
46429,83607
46429,26900
46429,93522
46429,96086
46429,50107
46429,138046
46429,51625
46429,62439
46429,114663
46429,140229
46429,71672
46431,14336
46431,113051
46431,66013
46431,130423
46431,15715
46431,110728
46431,118456
46431,124277
46431,22162
46431,77380
46431,62393
46431,37628
46431,88461
46431,31400
46431,52908
46431,8894
46431,83874
46431,133794
46431,12097
46431,59587
46431,14523
46431,130200
46431,88579
46431,61253
46431,29945
46431,80151
46431,113143
46431,98107
46431,18730
46431,50720
46431,25095
46431,60811
46431,16827
46432,102143
46432,87957
46432,51065
46432,2887
46432,70347
46432,79383
46432,68181
46432,100017
46432,42809
46432,36617
46432,89268
46432,7429
46432,94866
46435,64104
46435,92440
46435,26712
46435,35469
46435,2374
46435,102226
46435,85780
46435,125425
46435,80400
46435,72118
46435,62517
46435,82858
46435,109795
46435,60413
46435,69461
46435,106848
46435,54283
46435,29680
46435,135930
46435,76390
46435,69845
46435,49945
46435,70437
46435,50454
46435,109384
46435,85808
46435,29415
46435,125055
46435,113390
46435,131201
46435,83793
46435,106670
46436,90084
46436,91528
46436,10205
46436,39140
46436,126728
46436,26974
46436,125307
46436,43386
46436,27973
46436,5083
46436,58727
46438,64020
46438,19465
46438,31576
46438,48555
46438,2267
46438,30949
46438,11991
46438,6202
46438,59098
46438,136833
46438,50215
46438,114820
46438,110990
46438,33405
46438,2039
46438,8077
46438,51923
46438,122589
46438,112711
46438,65270
46438,77563
46438,16631
46438,58735
46438,6087
46438,26618
46438,35187
46438,119159
46438,8282
46438,19565
46438,22414
46438,90284
46438,46276
46438,11881
46438,106070
46439,22139
46439,78741
46439,47595
46439,131320
46439,123596
46439,118927
46439,55139
46439,85611
46439,42570
46439,70143
46439,81217
46439,7077
46439,107353
46439,84711
46439,113724
46439,99833
46440,71158
46440,133579
46440,61645
46440,98955
46440,48356
46440,75402
46440,117453
46440,12208
46440,54157
46440,76587
46440,17845
46440,9551
46440,89488
46440,112801
46440,27108
46440,135873
46440,130377
46440,67349
46440,104818
46440,97811
46440,25427
46440,112430
46440,64767
46440,116860
46440,130716
46440,33867
46440,8954
46440,20341
46441,125416
46441,72565
46441,95467
46441,3325
46441,27701
46441,12107
46441,65008
46441,33694
46441,13382
46441,106203
46441,27643
46441,93756
46441,101841
46441,65598
46441,132569
46441,3282
46442,20269
46442,125649
46442,85188
46442,39585
46442,10593
46442,75247
46442,136687
46442,108934
46442,78173
46442,136077
46442,60909
46442,116494
46442,35362
46443,7377
46443,37063
46443,63604
46443,87490
46443,41400
46443,127988
46443,60898
46443,33509
46443,38758
46443,61950
46443,65235
46443,120248
46443,88616
46443,80579
46443,12887
46443,33547
46443,137473
46443,91607
46443,23358
46443,7895
46443,86277
46443,128155
46443,118424
46443,78419
46443,44976
46443,8756
46443,109877
46443,44507
46443,33067
46443,72826
46443,105449
46443,17693
46443,31962
46443,56200
46445,16142
46445,61973
46445,81909
46445,11362
46445,47144
46445,84719
46445,12040
46445,100816
46446,72472
46446,41014
46446,118727
46446,30016
46446,73907
46446,36022
46446,57023
46446,913
46446,91231
46446,53575
46446,125776
46446,138847
46446,120282
46446,122134
46446,46785
46446,34254
46446,65011
46446,98509
46446,117125
46446,84364
46446,126804
46446,139292
46446,7091
46446,68155
46446,12058
46446,134179
46446,125433
46446,108924
46446,29394
46446,17820
46446,89858
46446,133159
46446,123039
46446,58358
46447,61189
46447,66209
46447,118859
46447,50684
46447,120046
46447,54226
46447,126136
46447,20707
46447,22710
46447,66171
46447,2863
46447,79870
46447,83281
46447,126803
46447,53298
46447,65623
46447,63731
46447,12255
46447,29705
46447,91587
46448,124166
46448,68002
46448,419
46448,53547
46448,31359
46448,125053
46448,137514
46448,98457
46448,59081
46448,17105
46448,19743
46448,98359
46448,112568
46448,55073
46448,65100
46448,136880
46448,91687
46448,81465
46448,37093
46448,126732
46448,111940
46448,18635
46448,74298
46448,67569
46448,137042
46448,79068
46448,4256
46448,115213
46448,62168
46448,39748
46448,80251
46448,77465
46449,41742
46449,61113
46449,13115
46449,44682
46449,135433
46449,42506
46449,111670
46449,59811
46449,75669
46449,125633
46449,106436
46449,6741
46449,16536
46449,64958
46449,64810
46449,69395
46449,45783
46449,87987
46449,98275
46449,42802
46449,112720
46449,102654
46449,74352
46449,33154
46454,21380
46454,80387
46454,68054
46454,103190
46454,12535
46454,31867
46454,19338
46454,124795
46454,20103
46454,137456
46454,24833
46454,64253
46454,99285
46455,64131
46455,27928
46455,81936
46455,103490
46455,112796
46455,53498
46455,94557
46455,26170
46455,109727
46455,130089
46455,120634
46455,40750
46455,91279
46455,32867
46455,104749
46455,136458
46455,79215
46455,72509
46455,73982
46455,79799
46455,118631
46455,86813
46455,115317
46455,34354
46455,129280
46455,85936
46455,50789
46455,70798
46455,56827
46455,114593
46455,31456
46455,70777
46456,58204
46456,96741
46456,9951
46456,78534
46456,44097
46456,109160
46456,50329
46456,71999
46456,102579
46456,112812
46456,56828
46456,131885
46456,11827
46456,101631
46456,101496
46456,100292
46457,86775
46457,43992
46457,40189
46457,98188
46457,20073
46457,51944
46457,9074
46457,117236
46458,25521
46458,42725
46458,123902
46458,55006
46458,21157
46458,13634
46458,135108
46458,19854
46458,6982
46458,119532
46458,136683
46458,112786
46458,134890
46458,26819
46458,45337
46458,102398
46458,55620
46458,4218
46458,113918
46458,115455
46458,55739
46458,87905
46458,58063
46458,137275
46458,136725
46458,41329
46458,80291
46458,10942
46458,22601
46458,27654
46458,30977
46458,28318
46459,39517
46459,129263
46459,83789
46459,84296
46459,1147
46459,101198
46459,59206
46461,23418
46461,128711
46461,61877
46461,100827
46461,37697
46461,92410
46461,98352
46461,139010
46461,58041
46461,128036
46461,89326
46461,73865
46461,109192
46461,129399
46461,66207
46461,70572
46461,12518
46461,92809
46461,115888
46461,95966
46461,60429
46461,61656
46461,7350
46461,39493
46461,32655
46461,103284
46461,74211
46461,132701
46461,71964
46461,87074
46461,104216
46461,118781
46461,102297
46461,2746
46462,9812
46462,103860
46462,106845
46462,63145
46462,110264
46462,117439
46462,12579
46462,120665
46462,50162
46462,120144
46462,52784
46462,72597
46462,33168
46462,13443
46462,107785
46462,134417
46462,25467
46462,74221
46462,99484
46462,54937
46462,1085
46462,29811
46462,98770
46462,87215
46462,51979
46462,134966
46462,37283
46462,12341
46462,1140
46462,60008
46462,28181
46462,131110
46462,69352
46463,1512
46463,67201
46463,122205
46463,97926
46463,41539
46463,86785
46464,16658
46464,13234
46464,122517
46464,104133
46464,115431
46464,22510
46464,111855
46464,45951
46464,105998
46464,63837
46464,117348
46464,99751
46464,58593
46464,81703
46464,111453
46464,56579
46464,127957
46464,7976
46464,75645
46464,35427
46464,86622
46464,21679
46464,76689
46464,99475
46464,28038
46464,61463
46464,62432
46464,135096
46464,112195
46464,99735
46465,38856
46465,32896
46465,40324
46465,22488
46465,122030
46465,8564
46465,33243
46465,30035
46465,84543
46465,46966
46465,65640
46465,110525
46465,133811
46465,71632
46465,60054
46465,131572
46465,83348
46465,138492
46465,130118
46465,80624
46465,138787
46465,123056
46465,76771
46465,113931
46465,38886
46465,108299
46465,117929
46465,98111
46465,52063
46465,45923
46466,50343
46466,11795
46466,130342
46466,10008
46466,7784
46466,40378
46466,29438
46466,64399
46466,23779
46466,32822
46466,94101
46466,119626
46466,61346
46466,62912
46466,93591
46466,88446
46466,125164
46466,35383
46466,136668
46466,26072
46466,56491
46466,31808
46466,111501
46466,43333
46466,85295
46466,122869
46466,23519
46466,59547
46466,106729
46466,62879
46466,53790
46466,37400
46467,3776
46467,60921
46467,124121
46467,15990
46467,115943
46467,92995
46467,65588
46467,61545
46467,22163
46467,45650
46467,88848
46467,131066
46467,124497
46467,14383
46467,109651
46467,46415
46467,22765
46467,76947
46467,28062
46467,9992
46467,37394
46467,59319
46467,51514
46467,49899
46467,140243
46467,119963
46467,96619
46467,115148
46468,121350
46468,10763
46468,82604
46468,113229
46468,101162
46469,125543
46469,90276
46469,71343
46469,63277
46469,71397
46469,20341
46471,21563
46471,71724
46471,111276
46471,90754
46471,81937
46471,139887
46471,57789
46471,77713
46471,121375
46471,87630
46471,65554
46471,67798
46471,140355
46471,119323
46471,52576
46471,131026
46471,87262
46471,86583
46471,61680
46471,29596
46471,7488
46471,37696
46471,65372
46471,106577
46471,18050
46471,109327
46473,94539
46473,88756
46473,63987
46473,20110
46473,17829
46473,108788
46473,80276
46473,67418
46473,76476
46473,132846
46473,82783
46473,9826
46473,101684
46473,97007
46473,40385
46473,9347
46473,18660
46473,15342
46473,25265
46473,69284
46473,129822
46473,9095
46473,131529
46473,54588
46473,24079
46473,134229
46473,59090
46473,65370
46473,49792
46473,46970
46474,4875
46474,90730
46474,69937
46474,62762
46474,31336
46474,105538
46474,65219
46474,42609
46474,126719
46474,53494
46474,98862
46474,37346
46474,122621
46474,21419
46474,31643
46474,68487
46474,44419
46474,82927
46474,71220
46474,27911
46474,88957
46474,16649
46474,57790
46476,86611
46476,19318
46476,57416
46476,108196
46476,30740
46476,128175
46476,42622
46476,54121
46476,29610
46476,57361
46476,124927
46476,48571
46476,65401
46476,35523
46476,58656
46476,93536
46476,114247
46476,43378
46476,92205
46476,87860
46476,2944
46476,92216
46476,70311
46476,97105
46476,10604
46476,50283
46476,101319
46476,73803
46476,100847
46476,119875
46476,110773
46476,138423
46476,72791
46478,49623
46478,90708
46478,10731
46478,2491
46478,29598
46478,13644
46478,28109
46478,35809
46478,69322
46478,72471
46478,36454
46478,93239
46478,48068
46478,8408
46478,26910
46478,76607
46478,57196
46478,100825
46478,70999
46478,31387
46478,112094
46478,29276
46478,104563
46478,135911
46478,70210
46478,103307
46478,82565
46478,61268
46478,30271
46478,66349
46478,40445
46478,93461
46479,14676
46479,73098
46479,85221
46479,3497
46479,33256
46479,131622
46480,71928
46480,71023
46480,53235
46480,8560
46480,117333
46480,93725
46480,126937
46480,50988
46480,31002
46480,120134
46480,90015
46480,42073
46480,136400
46480,65482
46480,111108
46480,15415
46480,56013
46480,52479
46480,94133
46480,128688
46480,53276
46480,52354
46480,49122
46480,67431
46480,29900
46480,19167
46480,81681
46480,27665
46480,116094
46480,128569
46480,28157
46480,99036
46480,132981
46481,67662
46481,129288
46481,31883
46481,32586
46481,133890
46481,126034
46481,89558
46481,5566
46481,99293
46481,130694
46481,121021
46481,130127
46483,1066
46483,81322
46483,79357
46483,84918
46483,66225
46483,37043
46483,63912
46483,8439
46483,107260
46483,10707
46483,107043
46483,111107
46483,73644
46483,36523
46483,107875
46483,85306
46483,89174
46483,55086
46483,14252
46483,37467
46483,71156
46483,7657
46483,127495
46483,107870
46483,93576
46483,77822
46483,110883
46483,128565
46483,32718
46483,33622
46483,73075
46484,58204
46484,109160
46484,46865
46484,65165
46484,101631
46485,48678
46485,73356
46485,135446
46485,100523
46485,113892
46485,31419
46485,62219
46485,7739
46485,94807
46485,9016
46485,122455
46485,25570
46485,36263
46485,86205
46485,54947
46485,21318
46485,17413
46485,128946
46485,73268
46485,6742
46485,95788
46485,102445
46485,136428
46485,17768
46485,45658
46485,69487
46485,109478
46485,39789
46485,140645
46485,13992
46485,85825
46485,24430
46486,128116
46486,85144
46486,20485
46486,108292
46486,90167
46486,135017
46486,120707
46486,104979
46486,65821
46487,75282
46487,15897
46487,136161
46487,21599
46487,92886
46487,134129
46487,129632
46487,101648
46487,26187
46487,100955
46487,6016
46487,125306
46487,33066
46487,136829
46487,131726
46487,80851
46487,77463
46487,15934
46487,38558
46487,135400
46488,123180
46488,12189
46488,94531
46488,58503
46488,119030
46488,81869
46488,132250
46488,73807
46488,80139
46488,86245
46488,116661
46488,127531
46488,15363
46488,93297
46488,120143
46488,135415
46488,132155
46488,71644
46488,137526
46488,140769
46488,133688
46488,62435
46488,131743
46488,74454
46488,74205
46488,131303
46488,135613
46489,131547
46489,116789
46489,128850
46489,76835
46489,3203
46489,78900
46489,11353
46489,25179
46489,36831
46489,16802
46489,1128
46489,59153
46489,87250
46489,119701
46489,36208
46489,48405
46489,21230
46489,116286
46489,123190
46489,24988
46489,12472
46489,52658
46489,97077
46489,95248
46489,86252
46489,121171
46489,107719
46489,90953
46489,109973
46489,96538
46489,131550
46490,50930
46490,88483
46490,73613
46490,96913
46490,91119
46490,72355
46490,138935
46490,136874
46490,80043
46490,26000
46490,83658
46490,59303
46490,1933
46490,76753
46490,39434
46490,131533
46490,126782
46490,2977
46490,26131
46490,115539
46491,135824
46491,59897
46491,17711
46491,54025
46491,133817
46491,35448
46491,83763
46491,66275
46491,23183
46491,134856
46492,103402
46492,8312
46492,31962
46492,125822
46492,42171
46495,46004
46495,138287
46495,23861
46495,33442
46495,90437
46495,88804
46495,703
46495,49757
46495,105411
46495,96726
46495,82079
46495,37257
46495,19582
46495,140674
46495,131055
46495,18232
46495,125234
46495,45821
46495,103423
46495,129854
46495,19343
46495,47162
46495,90979
46495,27725
46495,101548
46496,36558
46496,69903
46496,92039
46496,49742
46496,4867
46496,65573
46496,42605
46496,64685
46496,26372
46496,106379
46496,41682
46496,134618
46496,104843
46496,84503
46496,4885
46496,41247
46496,134625
46496,117062
46496,104470
46496,27313
46496,37337
46496,18551
46496,71107
46496,93829
46496,14049
46496,13792
46496,96480
46497,16059
46497,2819
46497,7197
46497,97992
46497,100910
46497,119300
46497,120221
46497,133151
46497,107826
46497,98125
46497,81678
46497,112185
46497,97682
46497,130540
46497,71988
46498,32214
46498,81953
46498,2330
46498,96686
46498,77403
46498,56163
46498,67837
46498,94958
46498,53182
46498,100052
46498,89862
46498,75618
46498,15244
46498,17869
46498,40242
46498,88999
46498,15595
46498,72040
46498,63197
46498,135276
46498,42709
46498,32153
46498,23295
46498,8811
46498,96812
46498,34458
46498,99030
46498,138801
46498,45709
46498,3415
46498,16241
46499,56060
46499,88823
46499,38291
46499,91264
46499,138538
46499,140734
46499,57584
46499,39164
46499,126665
46499,11102
46499,30338
46499,73452
46499,124746
46499,25075
46499,99251
46499,127666
46499,53204
46499,110205
46499,119226
46499,58005
46499,124505
46499,58141
46499,107438
46499,127727
46499,124586
46499,119085
46499,99950
46502,9752
46502,61720
46502,39019
46502,67851
46502,87075
46502,28805
46502,53533
46502,3279
46502,135439
46502,72121
46502,113576
46502,76451
46502,74283
46502,72135
46502,61840
46502,46526
46502,33968
46502,30931
46502,9469
46502,89
46502,15176
46502,95563
46502,126398
46502,128323
46502,122249
46504,93405
46504,22510
46504,79388
46504,67570
46504,63837
46504,117590
46504,33004
46504,137330
46504,106070
46504,45901
46504,58023
46504,73394
46504,46276
46504,51967
46504,62602
46504,128544
46505,62998
46505,113802
46505,98199
46505,92850
46505,117715
46505,4317
46505,38277
46505,68078
46505,53068
46505,5017
46505,92943
46505,54835
46505,127254
46505,65548
46505,118645
46505,136016
46505,61993
46505,87497
46505,65895
46505,86571
46506,91611
46506,68795
46506,93033
46506,85601
46506,74514
46506,68649
46506,80934
46506,59780
46506,885
46506,94663
46506,80311
46506,121701
46506,120146
46506,20531
46506,55225
46506,68736
46506,122586
46506,50417
46506,101930
46506,138758
46506,139876
46506,73335
46506,67467
46506,138069
46506,10233
46506,57075
46506,76735
46506,137701
46506,78484
46506,137950
46508,56847
46508,139500
46508,126594
46508,140745
46508,136094
46508,110112
46508,67832
46508,25683
46508,110628
46508,61541
46508,85733
46508,1258
46508,39051
46508,119447
46508,23534
46508,62319
46508,130955
46508,3834
46508,93551
46508,30764
46508,700
46508,2351
46508,49001
46508,82447
46508,22795
46508,26181
46508,606
46509,13407
46509,139272
46509,16161
46509,65143
46509,52366
46509,66155
46509,25700
46509,92081
46509,47609
46509,137759
46509,29056
46509,107986
46509,115456
46509,49072
46509,125659
46509,110110
46509,139421
46509,95322
46509,48115
46509,21773
46509,29905
46509,112277
46509,113705
46509,100101
46509,40831
46509,87277
46509,108873
46510,101215
46510,118444
46510,41988
46510,44969
46510,12957
46510,97574
46510,7541
46510,135590
46510,9351
46510,66957
46510,55754
46510,133820
46510,67274
46510,55019
46510,23592
46510,95452
46510,109610
46510,118936
46510,1753
46510,112345
46510,12951
46510,131880
46510,6906
46510,89193
46513,75704
46513,79225
46513,18016
46513,72185
46513,13996
46513,63347
46513,24003
46513,23150
46513,123209
46513,19598
46513,11726
46513,72909
46513,11244
46513,69199
46513,13061
46513,69294
46513,34187
46513,35767
46513,17890
46513,33528
46513,125440
46513,137773
46513,5739
46513,86217
46513,50188
46513,37278
46513,77605
46513,122795
46513,4940
46513,16096
46513,109409
46513,78169
46513,66769
46514,1996
46514,138307
46514,22249
46514,120655
46514,133291
46514,114255
46514,62346
46514,129010
46514,26455
46514,93867
46514,84594
46514,6150
46514,120708
46514,105976
46516,113768
46516,10906
46516,63470
46516,113208
46516,115943
46516,3776
46516,41832
46516,29079
46516,44530
46516,124497
46516,51514
46516,112435
46516,122752
46516,46415
46516,109651
46516,22163
46516,79875
46516,120519
46516,6336
46516,38130
46516,82699
46516,32073
46516,53279
46516,92995
46516,2770
46516,124590
46516,131066
46516,31437
46516,15990
46516,54445
46516,42389
46516,56603
46516,19974
46516,76814
46516,58599
46517,28705
46517,128977
46517,130242
46517,51016
46517,121136
46517,20443
46517,85455
46517,73525
46517,28107
46517,15556
46519,9624
46519,99484
46519,50162
46519,24452
46519,128085
46519,56050
46519,61934
46519,138112
46519,74045
46519,54937
46519,73666
46519,95031
46519,22883
46519,78599
46519,37567
46519,72090
46519,128871
46519,14142
46519,5543
46519,3180
46519,139162
46519,61632
46519,22393
46519,28181
46519,82231
46519,24194
46519,123675
46519,63894
46519,94729
46519,34263
46519,134992
46519,138176
46519,90385
46521,46459
46521,36570
46521,17287
46521,34404
46521,129860
46521,31480
46521,124115
46521,80783
46521,19464
46521,118295
46521,130337
46521,38675
46521,64515
46521,80331
46521,68437
46521,2450
46521,63152
46521,94964
46521,40488
46521,38867
46521,53364
46521,130294
46521,50229
46521,39275
46521,59087
46521,38195
46521,46868
46521,21156
46521,1220
46521,127011
46522,45887
46522,133020
46522,59372
46522,76168
46522,16353
46522,83347
46522,72688
46522,88205
46522,53107
46523,78756
46523,65934
46523,63048
46523,6105
46523,8830
46523,122284
46523,40981
46523,61848
46523,64100
46523,106566
46523,10896
46523,88802
46523,135135
46523,61076
46523,112172
46523,14295
46523,120421
46523,91113
46524,38910
46524,18651
46524,743
46524,4571
46524,16687
46524,28731
46524,65799
46524,38926
46524,76856
46524,29643
46524,15267
46524,45966
46524,82136
46524,119751
46524,87618
46524,91714
46524,10214
46524,78685
46524,74165
46524,97907
46524,90819
46524,53665
46524,89638
46524,39627
46524,128447
46524,17986
46524,17810
46524,94751
46524,80919
46524,116974
46524,72885
46525,83433
46525,75966
46525,99958
46525,69913
46525,25903
46525,8318
46525,36498
46525,64831
46525,110217
46525,136066
46525,53578
46525,63674
46525,87907
46529,2959
46529,3394
46529,6718
46529,76561
46529,111649
46529,99722
46529,99182
46529,128317
46529,46526
46530,21219
46530,79044
46530,139776
46530,59263
46530,33138
46530,35956
46530,64610
46530,75631
46530,27421
46530,7670
46530,69680
46530,41552
46530,84141
46530,14203
46530,132055
46530,100255
46530,49536
46530,120624
46530,73141
46530,34439
46530,14798
46530,81798
46530,3271
46530,41867
46530,126864
46530,90966
46530,1811
46530,11690
46530,58859
46530,2933
46532,55011
46532,75562
46532,640
46532,138900
46532,40222
46532,110375
46532,57986
46532,63816
46532,25464
46532,134568
46532,100401
46532,149
46532,10438
46532,54517
46532,86442
46534,115103
46534,101939
46534,115899
46534,48933
46534,77827
46534,65805
46534,1930
46534,140297
46534,126902
46534,103326
46534,132513
46534,6764
46534,99913
46534,94987
46534,132211
46534,28594
46534,36047
46534,82580
46534,99449
46534,23524
46534,76195
46534,106661
46534,125522
46534,78340
46534,14558
46534,117038
46534,37177
46534,111888
46534,110255
46534,410
46534,35228
46535,119312
46535,10136
46535,3356
46535,72089
46535,17
46535,84244
46535,46103
46535,140620
46535,119760
46535,116181
46535,131831
46535,59809
46535,42441
46535,128772
46535,62086
46535,28254
46535,98793
46535,123595
46535,32077
46535,113982
46535,136238
46535,140504
46535,78033
46535,109861
46535,17020
46535,71798
46535,12300
46535,44324
46535,16015
46537,134210
46537,60590
46537,110105
46537,101024
46537,70218
46537,30673
46537,43318
46537,85724
46537,44743
46537,50298
46537,100009
46537,102498
46537,39967
46537,123049
46537,42869
46537,109647
46537,16820
46537,41746
46537,99645
46537,40283
46537,86292
46537,130265
46537,125686
46537,38051
46537,32230
46537,112373
46537,137280
46537,40550
46537,5241
46537,4793
46537,41997
46537,94358
46538,23551
46538,78550
46538,82052
46538,75958
46538,23722
46538,84058
46538,52531
46538,84406
46538,79706
46538,66894
46538,19573
46538,129715
46538,140487
46538,53130
46538,64837
46538,123105
46538,73453
46538,52894
46538,73283
46538,98480
46538,52689
46538,10498
46538,115929
46538,85963
46539,139698
46539,46417
46539,3836
46539,87083
46539,44859
46539,92294
46539,62178
46539,115323
46539,127344
46539,122740
46539,4418
46539,41383
46539,107835
46539,71037
46539,4929
46539,19949
46539,116353
46539,93320
46539,32235
46539,70754
46539,130592
46539,135470
46539,44460
46539,76783
46540,119699
46540,19547
46540,96606
46540,123597
46540,41295
46540,60235
46540,20149
46540,27383
46540,72696
46540,59290
46540,65903
46540,14821
46540,38442
46540,107057
46540,81337
46540,76882
46540,58551
46540,42969
46540,87201
46540,53991
46540,104395
46540,135579
46540,50635
46540,97372
46540,18301
46540,124861
46540,86703
46541,75209
46541,48996
46541,25517
46541,90192
46541,36904
46541,98108
46541,40871
46541,49117
46541,140761
46541,126954
46541,102487
46541,79783
46541,19524
46541,45859
46541,49129
46541,47888
46541,13370
46541,32941
46541,107806
46541,7123
46541,74999
46541,117904
46541,120551
46541,131292
46541,132291
46541,101261
46541,34109
46541,117566
46541,94165
46542,18727
46542,66770
46542,52504
46542,81430
46542,78327
46542,10214
46542,29643
46542,743
46542,17986
46542,14242
46542,43441
46542,46279
46542,53691
46542,87618
46542,15267
46542,65247
46542,42964
46542,15724
46542,139388
46542,70329
46542,19826
46542,81165
46542,76856
46542,60850
46542,63999
46542,120090
46542,9507
46542,45966
46542,74165
46542,14050
46543,110442
46543,34229
46543,125850
46543,43195
46543,97721
46543,67622
46543,71228
46543,104377
46543,139434
46543,111509
46543,37215
46543,6514
46543,92347
46543,114489
46543,138510
46543,18768
46543,98622
46543,6225
46543,96674
46543,89375
46543,38994
46543,16984
46543,69041
46543,38976
46543,32232
46543,71951
46543,112814
46545,85246
46545,81144
46545,116167
46545,31653
46545,129905
46545,101862
46545,7294
46545,23494
46545,79199
46545,24166
46545,130199
46545,91282
46546,137473
46546,6852
46546,126116
46546,59513
46546,103191
46546,18206
46546,75317
46546,120828
46546,105715
46546,101368
46546,123092
46548,39625
46548,85653
46548,20472
46548,87401
46548,52358
46548,112864
46548,93329
46548,23015
46548,59023
46549,53213
46549,78973
46549,44362
46549,128643
46549,10336
46549,19688
46550,34873
46550,71739
46550,67813
46550,140436
46550,8456
46550,95512
46550,25566
46550,90879
46550,71662
46550,96099
46550,115048
46550,113586
46550,10216
46550,12912
46550,124142
46550,46883
46550,86629
46550,69688
46550,26507
46550,40380
46550,124947
46550,65146
46550,5847
46550,100586
46550,47130
46550,76087
46550,108963
46550,48230
46550,27855
46550,3046
46550,122596
46550,88899
46552,15195
46552,99062
46552,47650
46552,40165
46552,97227
46552,45364
46552,88112
46552,15107
46552,27812
46552,120420
46552,112272
46552,83096
46552,93203
46552,10116
46552,1448
46552,116747
46552,54507
46552,103744
46552,120010
46552,8474
46552,68579
46552,103984
46552,68136
46552,88801
46552,5700
46552,106169
46552,21534
46552,19855
46552,134724
46552,84745
46552,32194
46552,87623
46552,34170
46553,76299
46553,11772
46553,69120
46553,107704
46553,9206
46553,108320
46553,20878
46553,92196
46555,82144
46555,22051
46555,25536
46555,129711
46555,46079
46555,133518
46555,9057
46555,49319
46555,751
46555,73661
46555,28660
46555,50692
46555,105164
46555,90647
46555,27044
46555,95082
46555,28726
46555,22272
46555,81755
46555,64432
46555,82246
46555,44747
46555,14322
46555,13220
46555,23345
46555,134049
46555,86822
46555,109145
46558,97878
46558,23097
46558,26451
46558,44442
46558,16060
46558,130926
46559,599
46559,34609
46559,27476
46559,25439
46559,121213
46560,97670
46560,106138
46560,35664
46560,122355
46560,129139
46560,130115
46560,52770
46560,66472
46560,114376
46560,132101
46560,35928
46560,58649
46560,12893
46560,56308
46560,6803
46560,128261
46560,118497
46560,81994
46560,109567
46560,64387
46560,63430
46560,31942
46560,113020
46560,85694
46560,65479
46560,56252
46560,61643
46560,118680
46560,6977
46560,95528
46560,67612
46560,90184
46562,133509
46562,24513
46562,30487
46562,110258
46562,8508
46562,48233
46562,55865
46562,85555
46562,8917
46562,109868
46562,96974
46562,72873
46562,7898
46562,14960
46562,31135
46562,139000
46562,99025
46562,37790
46562,94261
46562,86188
46562,15608
46562,104493
46562,38981
46562,30986
46562,53904
46562,55059
46562,45693
46562,44421
46562,135071
46562,134671
46562,99297
46562,2353
46562,20937
46562,30353
46564,63105
46564,81542
46564,67964
46564,60144
46564,114721
46564,96780
46564,7541
46564,106366
46564,15390
46564,91975
46564,131352
46564,4503
46564,34151
46564,5322
46564,69184
46564,20274
46564,93974
46564,112502
46564,138452
46564,67477
46564,49084
46564,75205
46564,24041
46564,6713
46564,27540
46564,133689
46564,35679
46564,59721
46564,79398
46564,77074
46564,113983
46564,67233
46564,95095
46565,138185
46565,88624
46565,96751
46565,76075
46565,85044
46565,101480
46565,68230
46565,117788
46565,52289
46565,132562
46565,10900
46565,125168
46565,59632
46566,7654
46566,120230
46566,120489
46566,132515
46566,11859
46566,95992
46566,131207
46566,125615
46566,37883
46566,134057
46566,67541
46566,23851
46566,62242
46566,68799
46566,128733
46566,41084
46566,5667
46566,111249
46566,85336
46566,61655
46566,35461
46566,63179
46566,107859
46566,36608
46566,55316
46566,93801
46566,109016
46566,110332
46566,91067
46566,102532
46566,13609
46566,120954
46566,11655
46570,109856
46570,49681
46570,28177
46570,791
46570,23003
46570,17732
46570,122037
46570,76436
46572,35554
46572,29418
46572,27136
46572,6723
46572,21388
46572,117044
46572,85307
46572,119382
46572,93447
46572,56476
46572,127672
46572,47279
46572,41661
46572,98283
46572,25462
46572,107180
46572,31099
46572,95620
46572,132970
46572,105503
46572,95027
46572,117986
46572,63061
46572,43221
46572,120816
46572,10531
46572,131884
46572,97617
46572,11478
46572,78535
46572,140539
46573,106304
46573,9987
46573,69107
46573,131608
46573,33083
46573,139764
46573,70521
46573,84802
46573,98998
46573,54906
46573,6271
46573,72057
46573,56330
46573,63412
46573,118366
46573,10552
46573,110346
46573,8243
46573,26357
46573,4297
46573,123948
46573,132104
46573,18107
46573,110977
46573,90439
46573,25168
46573,32788
46573,15716
46573,37733
46573,81762
46573,117742
46573,102144
46573,82328
46575,87161
46575,1142
46575,35791
46575,34095
46575,6218
46575,135304
46575,58703
46575,67296
46575,122444
46575,107085
46575,110129
46575,99363
46575,114125
46575,75443
46575,76377
46575,15861
46575,46609
46575,92197
46575,30537
46575,48774
46576,43405
46576,138178
46576,64596
46576,109103
46576,68984
46576,40211
46576,91134
46576,133774
46576,25529
46576,115503
46576,12977
46576,107399
46576,77775
46576,51760
46576,85189
46576,47059
46576,66652
46576,49280
46576,87826
46576,53438
46576,8330
46576,29263
46576,97484
46576,43016
46576,114930
46576,46464
46576,137407
46576,73041
46576,54140
46576,89157
46576,136381
46576,77083
46577,67936
46577,58873
46577,33342
46577,119912
46577,104316
46577,28465
46577,4676
46577,91064
46577,104089
46577,102652
46577,45007
46577,46144
46577,117728
46578,29325
46578,25127
46578,39388
46578,92656
46578,128152
46578,86154
46578,111428
46578,139177
46578,21555
46578,69296
46578,68688
46578,123203
46578,134285
46578,83689
46578,90442
46578,111280
46578,25600
46578,119724
46578,58490
46578,90977
46578,139390
46578,99840
46578,39771
46578,37137
46578,29916
46578,5636
46579,138174
46579,50988
46579,71928
46579,90015
46579,74799
46579,40929
46579,52479
46579,15415
46579,53235
46579,116094
46579,93725
46579,52354
46579,16597
46579,132981
46579,56013
46579,58759
46579,29900
46579,3026
46579,49376
46579,97292
46579,28157
46579,81681
46579,78878
46579,74410
46579,126270
46579,99036
46579,5717
46581,22578
46581,57114
46581,32358
46581,32842
46581,10107
46581,112101
46581,112479
46581,126899
46581,77856
46581,27699
46581,134086
46581,21808
46581,121350
46581,113229
46581,94194
46581,139418
46581,20772
46581,82404
46581,92611
46581,27525
46581,101543
46581,137264
46581,5286
46581,139917
46581,10763
46581,124234
46581,101162
46581,66606
46581,58217
46581,130258
46581,121675
46581,134883
46582,28662
46582,20153
46582,69549
46582,121857
46582,45911
46582,83022
46582,135132
46582,48394
46582,117311
46582,69745
46582,11862
46582,26096
46582,128607
46582,63497
46582,7062
46582,18618
46582,55272
46582,44313
46582,461
46582,16382
46584,113806
46584,78019
46584,85826
46584,13685
46584,95629
46584,15856
46584,64350
46584,67084
46584,123233
46584,14593
46584,44451
46584,85037
46584,135019
46584,1311
46584,79429
46584,119620
46584,109217
46584,105658
46584,77276
46584,51388
46584,73441
46584,108039
46584,39068
46584,44429
46584,54864
46584,46753
46584,127864
46584,30951
46584,105487
46584,78997
46584,48255
46584,64967
46584,39467
46588,70889
46588,127521
46588,94015
46588,70643
46588,10528
46588,50265
46588,125455
46588,131445
46588,100463
46588,128366
46588,20034
46588,31539
46590,11320
46590,132487
46590,5663
46590,14843
46590,134941
46590,35562
46590,128332
46590,53109
46590,54439
46590,116136
46590,100379
46590,96745
46590,92252
46590,108186
46590,86297
46590,68140
46590,105181
46590,81469
46590,74491
46590,105599
46590,86528
46590,98104
46590,46371
46590,122894
46590,56850
46590,86126
46590,84991
46590,75210
46590,90958
46590,481
46590,39159
46590,128540
46591,127464
46591,69886
46591,36232
46591,31406
46591,9654
46591,5909
46591,5608
46591,112825
46591,107702
46591,102008
46591,91835
46591,2015
46591,56620
46591,17678
46591,65572
46591,17115
46591,5794
46591,119464
46591,72642
46591,26960
46591,24495
46591,92279
46591,89570
46591,91686
46592,53883
46592,107652
46592,132210
46592,118670
46592,131917
46592,116505
46592,51178
46592,119794
46592,103174
46592,87652
46592,73145
46592,101520
46592,15107
46592,73077
46592,19836
46592,3724
46592,135028
46592,75972
46592,61011
46592,75890
46592,19157
46592,53916
46592,57169
46592,16325
46592,3235
46592,56573
46592,124043
46592,9831
46592,28132
46592,5700
46592,106307
46594,136571
46594,85616
46594,85424
46594,34641
46594,140519
46594,86101
46594,10848
46594,128319
46594,48518
46594,18604
46594,31236
46594,7864
46594,4078
46594,17863
46594,132143
46594,1540
46594,49166
46594,13466
46594,117831
46594,77430
46594,28064
46594,93779
46594,72302
46594,27295
46594,76568
46594,6489
46594,21276
46594,80225
46594,102884
46594,99889
46594,137395
46594,86784
46594,49136
46594,18476
46595,117217
46595,55123
46595,95167
46595,63930
46595,133716
46595,19344
46595,76538
46595,36377
46595,22600
46595,21913
46595,13971
46595,79904
46595,70276
46595,44239
46595,2155
46595,4763
46595,43248
46595,46035
46595,117883
46595,78941
46595,9717
46595,68675
46595,117748
46595,24643
46595,15481
46595,82797
46595,20061
46595,118477
46595,78994
46595,42538
46595,88340
46595,39920
46595,121138
46595,57779
46597,47961
46597,18873
46597,48665
46597,52593
46597,66560
46597,79155
46597,71183
46597,40067
46597,27192
46597,120242
46597,23347
46597,75371
46597,36274
46597,118692
46597,24650
46597,87383
46597,48722
46597,46806
46597,42292
46597,32213
46597,128044
46597,84012
46597,94926
46597,46846
46597,19953
46597,100631
46597,33053
46597,26363
46597,103923
46597,31333
46597,118856
46597,127782
46598,9249
46598,79645
46598,74351
46598,105593
46598,115584
46598,9156
46598,85311
46598,55282
46598,87018
46598,97973
46598,140805
46598,39279
46598,140439
46598,12034
46598,53363
46598,103330
46598,24792
46598,88071
46598,1708
46598,58089
46598,42726
46598,135087
46598,7459
46598,9421
46598,55807
46598,127833
46598,93824
46598,39497
46598,72956
46598,140384
46598,89189
46599,61585
46599,119013
46599,57362
46599,17414
46599,84816
46599,84795
46599,30125
46599,21660
46599,116997
46599,85937
46599,49989
46599,49764
46599,57549
46599,91399
46599,70658
46599,88790
46599,26387
46599,11339
46599,6755
46599,89693
46599,34248
46599,88794
46599,118013
46599,52541
46599,131489
46599,23209
46599,122526
46599,11691
46599,23751
46599,47317
46599,26533
46599,57498
46600,30795
46600,6649
46600,97548
46600,88632
46600,109083
46600,107482
46600,70095
46600,40627
46600,95229
46600,40250
46600,66463
46600,117326
46600,60362
46600,43589
46600,51868
46601,138839
46601,41325
46601,58232
46601,83173
46601,17344
46601,36142
46601,91408
46601,57098
46601,76196
46601,106418
46601,111783
46601,81643
46601,19363
46601,125772
46601,77151
46601,97732
46601,34076
46601,65438
46601,15571
46601,77291
46601,134393
46601,14426
46601,104391
46601,40709
46601,114130
46601,107307
46601,132203
46603,86409
46603,51021
46603,56700
46603,9060
46603,120053
46603,102302
46603,93311
46603,108210
46603,16162
46603,126861
46603,22846
46603,126531
46603,28344
46603,48219
46603,79830
46603,68164
46603,73473
46603,93283
46603,27016
46603,6197
46603,20196
46603,13962
46603,3634
46603,87032
46603,983
46603,19073
46603,100530
46603,133547
46604,63105
46604,20430
46604,106366
46604,106335
46604,69184
46604,63327
46604,25159
46604,8864
46604,14480
46604,63229
46604,93974
46604,46501
46604,34151
46604,75205
46604,67233
46604,35679
46604,15390
46604,131493
46604,5322
46604,105779
46604,6713
46604,129914
46604,112502
46604,77074
46604,138325
46604,113983
46604,91941
46604,23190
46604,29927
46604,70463
46604,111838
46604,138452
46604,117582
46604,105759
46605,37145
46605,64433
46605,4629
46605,86813
46605,26170
46605,32867
46605,1533
46605,22673
46605,56827
46605,80949
46605,32760
46605,44791
46605,82375
46605,14126
46605,27999
46605,91641
46605,139153
46605,48066
46605,131957
46605,96836
46605,51912
46605,86846
46606,75405
46606,42279
46606,10373
46606,3496
46606,77718
46606,47298
46606,66299
46606,75604
46606,75511
46606,102535
46606,9830
46606,67452
46606,60039
46606,70480
46606,117297
46606,35137
46606,34291
46606,84529
46606,29778
46606,106806
46606,110052
46606,113140
46606,103488
46606,80061
46607,90166
46607,50899
46607,86218
46607,85231
46607,90648
46607,50094
46607,41071
46607,53213
46607,44362
46607,67254
46607,109370
46607,85495
46607,128350
46607,87355
46607,91389
46607,78973
46607,13232
46607,75121
46607,53747
46607,73553
46607,10336
46607,48847
46607,8242
46607,128643
46607,123429
46607,91125
46607,91664
46607,19688
46607,93656
46607,39115
46607,1021
46607,34339
46608,20787
46608,109684
46608,10595
46608,98393
46608,91102
46608,385
46608,36701
46608,1772
46608,93207
46608,71559
46608,64955
46608,10195
46608,123776
46608,76971
46608,39120
46608,108773
46608,45006
46608,58164
46608,2302
46608,75348
46608,120743
46608,64323
46608,60401
46608,8004
46608,4759
46608,87946
46608,777
46608,43791
46608,37198
46608,134674
46608,105899
46608,72467
46609,106394
46609,86218
46609,73553
46609,75121
46609,91125
46610,48153
46610,121764
46610,14154
46610,40649
46610,41499
46610,68914
46610,56298
46610,1934
46610,17331
46610,46333
46610,107872
46610,27348
46610,6300
46610,85833
46610,11103
46610,139502
46610,36196
46610,65025
46610,50204
46610,71258
46610,97305
46610,136088
46610,122980
46610,114057
46610,113405
46610,95728
46610,5710
46610,36298
46610,73359
46610,40760
46610,62689
46610,60458
46610,85728
46610,6456
46611,77340
46611,130413
46611,133520
46611,35054
46611,136312
46611,101782
46611,66095
46611,66890
46611,20679
46611,138184
46611,43549
46611,118906
46611,85187
46611,138687
46611,73557
46611,86036
46611,79585
46611,89006
46611,82886
46611,28503
46611,120499
46611,84999
46611,38739
46611,83713
46611,53713
46611,135793
46611,72651
46611,58295
46611,132468
46611,44855
46611,104943
46614,36045
46614,72731
46614,88389
46614,115166
46614,80422
46614,53141
46614,25564
46614,52283
46614,44170
46614,122299
46614,139453
46614,119316
46614,33591
46614,80336
46614,110663
46614,90380
46614,12870
46614,84002
46614,66917
46614,98851
46614,53172
46614,21198
46614,53412
46614,49855
46614,17580
46614,64949
46614,89105
46614,107721
46614,139193
46614,51883
46614,86248
46614,119727
46617,111322
46617,106793
46617,89200
46617,43044
46617,122268
46617,100023
46617,110448
46617,22300
46617,5314
46617,31233
46617,111539
46617,114170
46617,48439
46617,116779
46617,97859
46617,122720
46617,78979
46617,74516
46617,3197
46617,10761
46617,75071
46617,114107
46617,90946
46617,9122
46617,91489
46618,86855
46618,16558
46618,35106
46618,48570
46618,111441
46618,67768
46618,126421
46618,39802
46618,106531
46618,126363
46618,38605
46618,129628
46618,55723
46618,34784
46618,17814
46618,128255
46618,124126
46618,32916
46618,81177
46618,100688
46618,34378
46618,29098
46618,135518
46618,103940
46618,92261
46618,44371
46618,121223
46618,74187
46620,117571
46620,46504
46620,116153
46620,10466
46620,37495
46620,128641
46620,75610
46620,7851
46620,43450
46620,135049
46620,43677
46620,52811
46620,46738
46620,93148
46620,20135
46620,124965
46620,110469
46620,116472
46620,124966
46620,24848
46620,103926
46620,9235
46620,18985
46620,72218
46620,51048
46620,83104
46620,54767
46620,116694
46620,90555
46622,48917
46622,131547
46622,76835
46622,128850
46622,3203
46622,122702
46622,25179
46622,36831
46622,59153
46622,1128
46622,87250
46622,29406
46622,21230
46622,36208
46622,48405
46622,67864
46622,131161
46622,116286
46622,123190
46622,24988
46622,12472
46622,52658
46622,11353
46622,126056
46622,86252
46622,107719
46622,90953
46622,109973
46622,96538
46622,131550
46624,40933
46624,89641
46624,93917
46624,47249
46624,13015
46624,136178
46624,35269
46624,127056
46624,42248
46624,112142
46624,16665
46624,127834
46624,108981
46624,88244
46624,131706
46624,41041
46624,66310
46624,35077
46624,21568
46624,102715
46624,47818
46624,109575
46624,116340
46624,124184
46624,13128
46624,15224
46624,12496
46624,129220
46624,10815
46624,40870
46624,75684
46624,95752
46625,77109
46625,68689
46625,97615
46625,79534
46625,128313
46625,42875
46625,30417
46625,13155
46625,89836
46625,137592
46625,41585
46625,18859
46625,121287
46625,27711
46625,65983
46625,99894
46625,119322
46625,121586
46625,121665
46625,31442
46625,104149
46625,31945
46625,130968
46625,136754
46625,40463
46625,35043
46625,85576
46625,19567
46625,110963
46625,33163
46625,37788
46625,134743
46625,135195
46627,101178
46627,54572
46627,133186
46627,34583
46627,37555
46627,57315
46627,121735
46628,5090
46628,43966
46628,38846
46628,27711
46628,77109
46628,68689
46628,41585
46628,63682
46628,9522
46628,42875
46628,138971
46628,18859
46628,115763
46628,37788
46628,131345
46628,137592
46628,125611
46628,130968
46628,65983
46628,127831
46628,134786
46628,65496
46628,121665
46628,31945
46628,121287
46628,31442
46628,68783
46628,35043
46628,99894
46628,33163
46628,135195
46628,117347
46628,102112
46629,123487
46629,105585
46629,87638
46629,93058
46629,45188
46629,32209
46629,67592
46630,28753
46630,48309
46630,134331
46630,128219
46630,137156
46630,119735
46630,11164
46630,63854
46630,124171
46630,51100
46630,21203
46630,38878
46630,6900
46630,50760
46630,56949
46630,122707
46630,125488
46630,1746
46630,81528
46630,78244
46630,65515
46630,100183
46630,2059
46630,87336
46630,32605
46630,33881
46630,12673
46630,66658
46630,105804
46630,62039
46630,48836
46630,62906
46631,27711
46631,92698
46631,9522
46631,63682
46631,41585
46631,11414
46631,38846
46631,42875
46631,43966
46631,34348
46631,115763
46631,121586
46631,125447
46631,30417
46631,41368
46631,67688
46631,121287
46631,121665
46631,31945
46631,37788
46631,99894
46631,18569
46631,31442
46631,33163
46631,102112
46631,68783
46631,135195
46631,134786
46633,34791
46633,54048
46633,2859
46633,79020
46633,5841
46633,34746
46633,127369
46633,36763
46633,135426
46633,20737
46633,88613
46633,80898
46633,134984
46633,60000
46633,121775
46633,89643
46633,7056
46633,69535
46633,22935
46633,43625
46633,30414
46633,75260
46633,10396
46633,112695
46633,47442
46633,94383
46633,32308
46633,125976
46636,124166
46636,53547
46636,79068
46636,91084
46636,136880
46636,59081
46636,85065
46636,69489
46636,98106
46636,99430
46636,46505
46636,125053
46636,103353
46636,91687
46636,67376
46636,95369
46636,137042
46636,18635
46636,37093
46636,56064
46636,98457
46636,80251
46636,115213
46636,81465
46636,137514
46636,65100
46636,111831
46636,4256
46636,67569
46636,62168
46636,39748
46636,77465
46639,90920
46639,106230
46639,64872
46639,7377
46639,34852
46639,120248
46639,124778
46639,96112
46639,135238
46639,38262
46639,2906
46639,77574
46639,87154
46639,38913
46639,93594
46639,87490
46639,41400
46639,70624
46639,57125
46639,21638
46639,80579
46639,134288
46639,14024
46639,56917
46639,128155
46639,35010
46639,7895
46639,23358
46639,123584
46639,98719
46639,101982
46639,52263
46639,8374
46646,114181
46646,119785
46646,96853
46646,80535
46646,137743
46646,27820
46646,29116
46646,44489
46646,44632
46646,72174
46646,52804
46646,29564
46646,663
46646,89522
46647,61462
46647,83472
46647,42586
46647,16239
46647,113622
46647,24397
46647,55381
46647,66876
46647,101312
46647,43720
46647,3661
46647,57166
46647,124543
46647,56438
46647,21716
46647,12214
46647,75393
46647,64381
46647,27318
46647,91781
46647,45785
46647,106489
46647,21960
46647,88931
46647,68615
46647,34425
46647,87996
46647,60490
46647,94070
46647,69709
46647,77294
46647,1660
46647,88638
46648,48004
46648,90920
46648,64872
46648,87154
46648,106230
46648,7377
46648,79106
46648,3775
46648,63604
46648,124778
46648,57934
46648,34852
46648,38262
46648,2906
46648,38758
46648,113402
46648,38913
46648,93594
46648,87490
46648,56917
46648,96112
46648,41400
46648,57125
46648,134288
46648,107087
46648,75795
46648,14024
46648,35010
46648,7895
46648,28517
46648,128155
46648,98719
46648,19150
46648,8374
46648,52263
46653,15692
46653,30935
46653,94391
46653,80543
46653,26474
46653,82715
46653,107766
46653,6830
46653,30245
46653,103019
46653,62387
46653,72325
46653,13915
46654,57325
46654,36651
46654,133797
46654,59175
46654,34222
46654,9665
46654,55718
46654,135774
46654,105688
46654,109846
46654,36822
46654,98336
46654,134729
46654,100669
46654,126301
46654,32787
46654,19826
46654,70960
46654,83102
46654,55949
46654,118348
46654,121991
46654,32240
46654,10044
46654,121096
46654,46734
46654,127403
46654,81549
46654,110815
46654,50976
46654,43881
46657,90787
46657,128934
46657,25784
46657,110898
46657,93831
46657,1139
46657,119812
46658,80422
46658,52683
46658,36412
46658,131131
46658,47392
46658,105123
46658,126818
46658,46393
46658,121049
46658,137498
46658,78649
46658,121008
46658,13483
46658,23661
46658,16499
46658,93741
46658,124952
46658,25564
46658,90380
46658,77959
46658,79240
46658,118916
46658,361
46658,53454
46658,125656
46658,66917
46658,92868
46658,16467
46658,62417
46658,21198
46658,126652
46658,72449
46659,12887
46659,137473
46659,20391
46659,127404
46659,7453
46659,92680
46659,13707
46659,13720
46659,82441
46659,19453
46659,33547
46659,79402
46659,89745
46659,105715
46659,129424
46659,109950
46659,30345
46659,108570
46659,86350
46659,6852
46659,59513
46659,7018
46659,114403
46659,126116
46659,101368
46659,22050
46659,40491
46659,105535
46659,12423
46659,123092
46660,25236
46660,79537
46660,37124
46660,95182
46660,37543
46660,31486
46660,20295
46660,66803
46660,1495
46660,107909
46660,131740
46660,38837
46660,12357
46660,43657
46660,48375
46660,27142
46660,77411
46660,88316
46660,42011
46660,59322
46660,55050
46660,79235
46660,62237
46660,110189
46660,37304
46660,72189
46660,90836
46660,90377
46660,68833
46660,113761
46660,85321
46660,83364
46660,39329
46662,26138
46662,41142
46662,112191
46662,79611
46662,84082
46662,100623
46662,40345
46662,84160
46662,34619
46662,130611
46662,40523
46662,108163
46662,79076
46662,46871
46662,134035
46662,39978
46662,133403
46662,51946
46662,42903
46662,131890
46662,65140
46662,53719
46662,10340
46662,94547
46662,125824
46662,62831
46662,48466
46662,125900
46662,138207
46662,66984
46662,102887
46662,58905
46664,20374
46664,18666
46664,130584
46664,87057
46664,37812
46664,130166
46664,121131
46664,34864
46664,7787
46664,90790
46664,69280
46664,118375
46664,47462
46664,44862
46664,103013
46664,21917
46665,102874
46665,43657
46665,37124
46665,37543
46665,95182
46665,22013
46665,25236
46665,110189
46665,20295
46665,90377
46665,66803
46665,38837
46665,131740
46665,48375
46665,31486
46665,77411
46665,31166
46665,62726
46665,79537
46665,79235
46665,62237
46665,103197
46665,37304
46665,72189
46665,90836
46665,68833
46665,85321
46665,83364
46665,39329
46668,12957
46668,82507
46668,101215
46668,7541
46668,135590
46668,101812
46668,133820
46668,55754
46668,23592
46668,66957
46669,45896
46669,42693
46669,17739
46669,139557
46669,115954
46669,4780
46669,135551
46669,105796
46669,75125
46669,94080
46669,820
46669,9252
46669,115431
46669,16658
46669,116895
46669,87839
46669,117944
46669,28399
46669,34066
46669,78866
46669,66160
46669,11948
46669,16826
46669,86622
46669,70683
46669,100081
46669,72726
46669,116211
46669,59098
46669,61491
46669,99475
46669,91381
46670,99504
46670,21133
46670,75956
46670,51644
46670,126997
46670,50431
46670,58706
46670,97631
46670,35788
46670,36594
46670,5007
46670,5502
46670,24575
46670,37671
46670,57259
46670,562
46670,115080
46670,105533
46670,2311
46670,435
46670,58886
46670,70348
46670,139614
46670,131920
46670,98395
46670,125400
46670,68146
46670,80656
46670,40200
46670,136604
46670,137159
46672,23072
46672,125035
46672,31165
46672,13449
46672,132417
46672,117143
46672,88406
46672,52945
46672,130494
46672,10220
46672,100842
46672,122772
46672,119273
46672,109630
46672,133886
46672,44957
46672,1975
46672,73207
46672,133977
46672,102019
46672,16269
46672,91242
46672,64954
46672,81292
46672,47040
46672,31026
46672,23304
46672,7632
46672,1709
46674,12887
46674,33547
46674,127404
46674,1942
46674,13720
46674,7453
46674,20391
46674,120543
46674,129641
46674,79402
46674,19453
46674,82441
46674,92680
46674,9241
46674,14881
46674,95075
46674,93325
46674,114403
46674,19291
46674,100770
46674,131018
46674,135606
46674,105715
46674,12423
46674,140552
46674,3787
46674,103527
46674,56137
46674,30568
46674,12791
46674,22050
46674,105535
46674,101368
46675,7156
46675,97339
46675,122268
46675,3713
46675,110448
46675,99723
46675,94045
46675,65758
46675,11768
46675,106793
46675,117420
46675,3197
46675,115796
46675,107794
46675,93078
46675,83511
46675,110339
46675,35048
46675,78979
46675,34820
46675,65313
46675,131723
46675,22300
46675,75071
46675,18602
46675,28685
46675,29426
46675,43044
46675,100023
46675,98525
46675,114107
46675,131773
46676,124257
46676,59210
46676,34307
46676,4328
46676,124203
46676,12163
46676,121424
46676,58227
46676,60345
46676,27337
46676,138947
46676,90259
46676,90704
46676,89974
46676,128636
46676,55083
46676,130759
46676,109362
46676,60812
46676,6706
46676,59487
46676,16773
46676,101171
46676,138531
46676,60455
46678,69937
46678,118655
46678,98862
46678,1497
46678,69154
46678,44923
46678,28365
46678,120699
46678,63916
46678,79740
46678,31643
46678,120851
46678,82927
46678,8161
46678,62433
46678,14536
46678,110940
46678,7051
46678,73173
46678,32060
46678,3858
46678,28604
46678,88957
46678,14878
46678,24685
46678,74134
46678,79026
46678,30950
46678,32112
46678,96761
46678,135779
46678,31169
46681,112574
46681,85865
46681,33982
46681,140239
46681,22131
46681,31781
46681,130428
46681,113108
46681,90989
46681,42964
46681,128556
46681,72799
46681,50199
46681,4076
46681,97151
46681,46279
46681,46917
46681,139388
46681,124224
46682,121065
46682,53891
46682,17933
46682,37087
46682,46664
46683,128064
46683,137772
46683,53330
46683,1074
46683,89903
46683,4214
46683,67448
46683,88573
46683,97204
46683,13917
46683,41257
46683,18412
46683,81260
46683,76854
46683,127548
46683,64463
46683,80226
46683,80514
46683,89520
46683,19788
46684,12540
46684,10950
46684,29637
46684,71196
46684,38712
46684,115147
46684,61395
46684,6124
46684,64732
46684,61258
46684,33215
46684,20176
46684,111476
46684,53650
46684,116944
46684,120840
46684,69341
46684,110554
46684,108799
46684,10584
46684,39578
46684,1631
46684,29715
46684,124285
46684,137157
46684,128180
46684,44091
46684,16883
46684,75335
46684,25752
46684,136311
46685,75716
46685,111343
46685,118604
46685,47102
46685,48985
46685,119349
46685,57001
46685,86277
46685,59131
46685,137852
46685,110546
46685,62955
46685,101592
46685,26681
46685,55549
46685,139310
46685,115077
46685,53845
46685,121611
46685,94178
46685,99214
46685,64598
46685,105449
46685,112575
46685,55230
46685,118424
46685,65235
46685,61950
46685,49210
46685,61179
46685,73027
46685,56200
46685,65779
46685,133321
46686,48861
46686,56270
46686,27534
46686,9574
46686,89763
46686,120604
46686,88641
46686,22044
46686,80137
46686,88211
46686,126469
46686,49216
46686,82384
46686,58348
46686,101302
46686,5571
46686,117741
46686,101433
46686,128566
46686,18027
46686,136857
46686,26945
46686,104919
46686,34569
46686,28031
46686,18009
46686,29053
46686,99132
46686,113077
46687,12571
46687,83077
46687,133342
46687,63808
46687,109099
46687,130154
46687,27974
46687,61322
46687,69023
46687,33180
46687,48117
46687,17997
46687,105613
46687,43246
46688,47215
46688,40738
46688,118432
46688,29378
46688,86608
46688,55962
46688,80597
46688,40502
46688,76599
46688,73965
46688,17899
46688,106839
46688,56478
46688,44636
46688,71757
46688,34648
46688,78512
46688,71096
46688,9047
46688,116110
46688,76683
46688,48261
46688,38532
46688,48176
46688,104994
46688,75392
46688,11810
46688,67369
46688,29804
46688,108284
46688,47839
46688,63314
46688,47077
46688,43315
46689,76560
46689,71142
46689,98616
46689,119330
46689,43160
46689,82367
46689,87495
46689,30972
46689,124410
46689,9687
46689,85393
46689,114575
46689,120804
46689,130544
46689,110533
46689,67869
46689,5263
46689,14712
46689,12934
46689,44684
46689,123436
46689,135473
46689,119641
46689,2097
46689,19871
46689,76933
46689,10162
46689,97608
46689,17564
46689,91879
46689,134464
46689,81054
46689,12990
46690,55920
46690,118677
46690,60910
46690,37555
46690,13728
46690,101914
46690,25149
46690,666
46690,93770
46690,133186
46690,117460
46690,97282
46690,52539
46690,35377
46690,39427
46690,67995
46690,81214
46690,132435
46690,83422
46690,34583
46690,102234
46690,54572
46690,10781
46690,3323
46690,25779
46690,98380
46690,67793
46690,14639
46690,121735
46690,128794
46690,101178
46690,57315
46693,71181
46693,8586
46693,15994
46693,3213
46693,105408
46693,61529
46693,23212
46693,1230
46693,77935
46693,139366
46693,41712
46693,125311
46693,41278
46693,53494
46693,60084
46693,10996
46693,135499
46693,80475
46693,38725
46693,7527
46693,78838
46693,7880
46693,64762
46693,126462
46693,35264
46693,74754
46693,6439
46693,138600
46693,69261
46693,131295
46693,106262
46693,129968
46695,42928
46695,56868
46695,100506
46695,46718
46695,28746
46695,44045
46695,133212
46695,45462
46695,33682
46695,113481
46695,52375
46695,68734
46695,82754
46695,126423
46695,46369
46695,108584
46695,32641
46695,880
46695,112539
46695,88614
46699,47102
46699,61950
46699,49210
46699,65235
46699,61179
46699,109950
46699,57001
46699,18206
46699,7018
46699,55230
46699,48985
46699,105449
46699,34860
46699,120828
46699,12651
46699,119349
46699,81089
46699,1437
46699,56255
46699,5853
46699,42101
46699,6852
46699,139626
46699,10538
46699,23205
46699,126116
46699,65779
46699,59131
46699,133321
46699,75317
46699,40491
46699,28679
46699,125378
46699,38917
46700,23840
46700,41936
46700,108585
46700,5465
46700,52053
46700,40483
46700,88200
46700,93266
46700,107822
46700,122115
46700,19796
46700,57611
46700,55388
46701,70808
46701,68188
46701,31968
46701,41263
46701,45404
46701,80086
46701,104370
46701,96666
46701,25386
46701,71394
46701,40906
46701,25608
46701,103530
46701,13552
46701,45878
46701,121355
46706,140555
46706,61171
46706,51001
46706,72725
46706,67382
46706,103641
46706,106528
46706,131620
46706,41522
46706,79036
46706,128000
46706,57419
46706,48336
46706,27427
46706,91527
46709,70210
46709,1269
46709,131255
46709,52527
46709,9527
46709,103951
46709,104434
46709,95918
46709,36883
46709,38753
46709,42953
46709,138116
46709,2641
46709,128662
46709,13568
46709,39004
46709,35809
46709,136719
46709,72471
46709,28109
46709,108827
46709,8408
46709,69322
46709,71581
46710,106304
46710,131608
46710,9987
46710,139764
46710,69107
46710,70521
46710,132104
46710,81767
46710,44737
46710,57181
46710,54906
46710,56330
46710,110346
46710,84802
46710,8243
46710,98998
46710,32788
46710,6271
46710,110977
46710,10552
46710,118366
46710,90439
46710,37733
46710,4297
46710,15716
46710,26357
46710,18107
46710,123948
46710,100892
46710,62030
46710,81762
46710,102144
46710,43997
46710,82328
46711,108301
46711,7469
46711,4253
46711,87341
46711,133471
46711,81835
46711,96117
46711,136609
46713,85065
46713,68002
46713,124166
46713,115213
46713,31359
46713,130338
46713,116032
46713,125053
46713,109650
46713,65100
46713,131901
46713,81509
46713,111435
46713,74298
46713,56064
46713,91687
46713,136880
46713,137042
46713,112568
46713,4256
46713,37093
46713,8289
46713,76109
46713,70273
46713,114250
46713,96329
46714,72106
46714,11429
46714,43228
46714,122659
46714,136353
46714,103812
46714,35495
46714,52839
46714,9775
46714,62833
46714,71285
46714,74580
46714,43757
46714,34304
46714,24096
46714,12915
46714,96104
46714,97689
46714,1064
46714,18280
46714,14770
46714,119508
46714,51899
46714,7264
46714,84955
46714,14437
46714,58555
46714,87622
46714,24050
46714,93609
46714,80769
46714,66861
46714,127468
46715,47637
46715,17493
46715,140724
46715,25370
46715,41423
46715,27357
46715,110269
46715,67810
46715,74557
46715,28494
46715,73816
46715,56911
46715,48363
46715,5355
46715,66146
46715,135274
46715,139866
46715,76699
46715,43266
46715,524
46716,6559
46716,41225
46716,52669
46716,29144
46716,92259
46716,90776
46717,56330
46717,139764
46717,26357
46717,8243
46717,90439
46717,123948
46718,71158
46718,61645
46718,133579
46718,98955
46718,9551
46718,76878
46718,54157
46718,97811
46718,117453
46718,27108
46718,64767
46718,104818
46718,75402
46718,135873
46718,12208
46718,48356
46718,33867
46718,112801
46718,89488
46718,130377
46718,76587
46718,51353
46718,112430
46718,85547
46718,116860
46718,30230
46718,8954
46718,53434
46718,27687
46718,130716
46718,17845
46718,25427
46721,121275
46721,115562
46721,140304
46721,21150
46721,5988
46721,88988
46721,51555
46721,34278
46721,25223
46721,48512
46721,114177
46721,21805
46721,90665
46721,51974
46721,52095
46721,51653
46721,31381
46721,78171
46721,128677
46721,12507
46721,125859
46721,34966
46721,58015
46721,85323
46721,100473
46721,112301
46721,45412
46721,52463
46721,50151
46721,55158
46721,90509
46722,75269
46722,58744
46722,46826
46722,96732
46722,59621
46722,96502
46722,100107
46722,119204
46722,64252
46722,124667
46722,5666
46722,5433
46722,60211
46722,128371
46722,116686
46722,89872
46722,42444
46722,99389
46722,35033
46722,113177
46722,9376
46722,94218
46722,132318
46722,62213
46722,29274
46723,120096
46723,133671
46723,17602
46723,22095
46723,101732
46723,94630
46723,121090
46723,61983
46723,119172
46723,106799
46723,48550
46723,118131
46723,64456
46723,135310
46723,119462
46723,27428
46723,24824
46723,22211
46723,125518
46723,36215
46723,48920
46723,68252
46723,116998
46723,8730
46723,40427
46723,34175
46723,24691
46723,20325
46723,62361
46723,101326
46723,88441
46723,29818
46723,20331
46725,135755
46725,97830
46725,75148
46725,131867
46725,115265
46725,87302
46725,73690
46725,116314
46725,12033
46725,52050
46725,115647
46725,123400
46725,24828
46725,121576
46725,76789
46725,30649
46725,92266
46725,85093
46725,130403
46725,102293
46725,23846
46725,49154
46725,102650
46725,98841
46725,127021
46725,20958
46725,133071
46727,112575
46727,12651
46727,34860
46727,75317
46727,40491
46727,133321
46728,116128
46728,35390
46728,130366
46728,1210
46728,47402
46728,95280
46728,131966
46728,53459
46728,67126
46728,108464
46728,82741
46728,101472
46728,76055
46728,44452
46728,95841
46728,119032
46728,117896
46728,64166
46728,46682
46728,116913
46728,70535
46728,54420
46728,68969
46728,118110
46728,39444
46728,62021
46728,5381
46728,115454
46728,26239
46728,28214
46729,18186
46729,123041
46729,120848
46729,76015
46729,96823
46729,31475
46729,69092
46729,9521
46729,31513
46729,115045
46729,92464
46729,23907
46729,40514
46729,38454
46729,127981
46729,75404
46729,97209
46729,76498
46729,31410
46729,28944
46729,71081
46729,136511
46729,132658
46729,66731
46729,48492
46729,139769
46729,40925
46729,69884
46729,133466
46729,10118
46729,102050
46729,84796
46729,23169
46730,26264
46730,12247
46730,119367
46730,5307
46730,18977
46730,4851
46730,14053
46730,89917
46730,128005
46730,64679
46730,61344
46730,88471
46731,62762
46731,1546
46731,105538
46731,39284
46731,118314
46731,18053
46731,117144
46731,89360
46731,73173
46731,58037
46731,111464
46731,30950
46731,140030
46731,115026
46731,31336
46731,66049
46731,63916
46731,98157
46731,74288
46731,103176
46731,30470
46731,77081
46732,17891
46732,5376
46732,101641
46732,104803
46732,11
46732,110267
46732,111620
46732,33813
46734,7469
46734,4253
46734,108301
46734,58404
46734,99855
46734,96117
46734,85925
46734,133471
46734,79674
46734,106747
46734,57277
46734,6066
46734,58389
46734,54510
46734,136609
46734,117476
46734,10779
46734,27737
46734,83530
46734,92183
46734,28016
46735,72226
46735,2234
46735,105345
46735,73960
46735,114171
46735,102058
46735,88900
46738,39474
46738,23327
46738,102248
46738,67428
46738,46223
46738,133719
46738,22491
46738,107428
46738,6971
46738,109065
46738,134004
46738,102885
46738,64704
46738,45461
46738,70274
46738,104188
46738,3893
46738,26872
46738,13323
46738,102666
46738,44587
46738,24644
46738,54680
46738,46256
46738,38228
46738,85922
46738,130672
46738,29738
46738,14943
46738,133631
46738,7793
46738,103431
46739,72731
46739,126818
46739,36045
46739,52683
46739,119316
46739,110663
46739,121049
46739,137498
46739,5505
46739,44170
46739,36412
46739,23661
46739,47392
46739,131131
46739,25564
46739,90380
46739,15802
46739,78649
46739,79240
46739,121008
46739,64949
46739,125656
46739,13483
46739,46393
46739,103935
46739,66917
46739,16499
46739,113169
46739,77959
46739,21198
46739,51616
46739,122299
46741,27069
46741,119358
46741,65332
46741,67661
46741,45360
46741,111830
46741,10895
46741,22573
46741,58883
46741,70213
46741,64373
46741,105270
46741,19055
46741,138172
46741,41564
46743,124968
46743,138025
46743,123772
46743,59022
46743,6194
46743,55758
46743,28488
46743,76590
46743,98084
46743,56602
46743,2678
46743,24039
46743,75411
46743,135307
46743,69383
46743,110286
46743,34156
46743,43708
46743,137477
46743,44611
46743,106990
46743,54378
46743,75934
46743,43050
46743,134127
46743,86015
46743,59921
46743,64853
46743,47701
46743,70661
46744,30623
46744,139974
46744,125740
46744,114067
46744,28246
46744,78911
46744,47427
46744,24865
46744,123055
46744,17594
46744,35556
46744,69539
46744,34575
46744,66733
46744,25820
46744,136658
46744,59396
46744,54022
46744,138447
46744,100328
46744,81352
46744,48922
46744,49905
46744,67505
46744,67539
46744,119806
46744,128481
46745,60144
46745,57170
46745,20587
46745,133689
46745,25159
46745,5322
46745,6713
46745,118444
46745,67964
46745,112502
46745,34151
46745,128090
46745,27632
46745,75205
46745,35679
46745,4503
46745,8864
46745,67477
46745,41988
46745,53274
46745,81542
46745,135904
46745,111838
46745,131352
46745,117582
46745,23190
46745,131242
46745,3367
46745,51026
46745,105759
46745,20274
46745,15390
46745,135437
46747,111719
46747,119805
46747,38658
46747,90081
46747,47054
46747,58288
46747,1941
46747,133679
46747,87633
46747,67545
46747,42853
46747,100585
46747,38382
46747,5156
46747,65782
46747,51559
46747,56658
46747,42430
46747,100437
46747,32031
46747,16404
46747,38631
46747,46655
46747,734
46747,83831
46747,107543
46747,86410
46747,56120
46747,125254
46747,93872
46747,77974
46747,1968
46747,78871
46747,31768
46748,120694
46748,100683
46748,22596
46748,82620
46748,93981
46748,131697
46748,104766
46748,81752
46748,71469
46748,4962
46748,124730
46748,99027
46748,63066
46748,105392
46748,138922
46748,130461
46748,32741
46748,113697
46748,90995
46748,72905
46748,105179
46748,138482
46748,96031
46748,45544
46748,128612
46748,124016
46748,123216
46748,109482
46748,78752
46748,51782
46748,26011
46748,90702
46748,56950
46750,38837
46750,90836
46750,12357
46750,7011
46750,72189
46750,97386
46750,77411
46750,37543
46750,59322
46750,88316
46750,55050
46750,15770
46750,90377
46750,110189
46750,68833
46750,37304
46750,102874
46750,25236
46750,31486
46750,62726
46750,48375
46750,37124
46750,43657
46750,95182
46750,22013
46750,42011
46750,62237
46750,79235
46750,8797
46750,85321
46750,39329
46752,115779
46752,88096
46752,113349
46752,135286
46752,120814
46752,83806
46752,11826
46752,39993
46752,55688
46752,109185
46752,23697
46752,3625
46752,97099
46752,121071
46752,110789
46752,12248
46752,70568
46752,122660
46752,103937
46752,134162
46752,9253
46752,117177
46752,24996
46752,49152
46752,36029
46752,97264
46752,88345
46752,37581
46752,44497
46752,5541
46752,72684
46752,83430
46752,46162
46754,92483
46754,136400
46754,120758
46754,93725
46754,79882
46754,52354
46754,3055
46754,5827
46754,21923
46754,71706
46754,26477
46754,97292
46754,5717
46754,126270
46759,114124
46759,95272
46759,5867
46759,101471
46759,112591
46759,96817
46759,95653
46759,61160
46759,54414
46759,71661
46759,86194
46759,82173
46759,80589
46759,26951
46759,92327
46759,55174
46759,28719
46759,16538
46759,129868
46759,33974
46759,8785
46759,27573
46759,39428
46759,18842
46759,50375
46759,130058
46760,118766
46760,42265
46760,54979
46760,96091
46760,71373
46760,88226
46760,67570
46760,67308
46760,130878
46760,111855
46760,100081
46760,58735
46760,112711
46760,139706
46760,57080
46760,11881
46760,30057
46760,25036
46760,2039
46760,65704
46760,100674
46760,56365
46760,81636
46760,134910
46760,59858
46760,139557
46760,137330
46760,71216
46760,14752
46760,62167
46760,46276
46760,13019
46760,58023
46761,11254
46761,110791
46761,101107
46761,64543
46761,87552
46761,22316
46761,38216
46761,40773
46761,71716
46761,59363
46761,88049
46761,40300
46761,89995
46761,131949
46761,134757
46761,31979
46761,60195
46761,120375
46761,36153
46761,46069
46761,60197
46761,128198
46761,23735
46761,130588
46761,55548
46761,70571
46761,93014
46761,65243
46761,88903
46761,59448
46761,116591
46761,23693
46763,68287
46763,91179
46763,103593
46763,42488
46763,29133
46763,5995
46763,59553
46763,74354
46765,8119
46765,5137
46765,29600
46765,5273
46765,130898
46765,1756
46765,30373
46765,35723
46765,94821
46765,93928
46765,102137
46765,100946
46765,135947
46765,109163
46765,83070
46765,67328
46765,1917
46765,47173
46765,9422
46765,112587
46767,84990
46767,99792
46767,58950
46767,127188
46767,73560
46767,74111
46767,56093
46767,66034
46767,83750
46767,5312
46767,25723
46767,43084
46767,96481
46767,45900
46767,130386
46767,32832
46767,61482
46767,5525
46768,22228
46768,90959
46768,98024
46768,42361
46768,13095
46768,51428
46768,92769
46768,94010
46768,58388
46768,9985
46768,114986
46770,30268
46770,111128
46770,112303
46770,48006
46770,16977
46770,74195
46770,28843
46770,26023
46770,83450
46770,24521
46770,127079
46770,108902
46770,22293
46770,77263
46770,129830
46770,76246
46770,72659
46770,66257
46770,44982
46770,100493
46770,64815
46770,69282
46771,122777
46771,12753
46771,4334
46771,2182
46771,93432
46771,131198
46771,70743
46771,77239
46771,70343
46771,66170
46771,138620
46771,99044
46771,89055
46771,21277
46771,85213
46771,112293
46771,115192
46771,70235
46771,37487
46771,110075
46771,135600
46771,7345
46771,44865
46771,85360
46771,127539
46771,79751
46771,135762
46771,39983
46771,61141
46771,25549
46771,36060
46771,20278
46772,65557
46772,75704
46772,17853
46772,19598
46772,11726
46772,26804
46772,13996
46772,100913
46772,18016
46772,23150
46772,116043
46772,34187
46772,17890
46772,35767
46772,5739
46772,93383
46772,68904
46772,139959
46772,72909
46772,123209
46772,67406
46772,66769
46772,78169
46772,122795
46772,33528
46772,77605
46772,45141
46772,120960
46772,75069
46772,50188
46772,109409
46772,16096
46772,122138
46772,99529
46774,81869
46774,119030
46774,38118
46774,127531
46774,136739
46774,129733
46774,73807
46774,80139
46774,132250
46774,127851
46774,2914
46774,101137
46774,132155
46774,73899
46774,71644
46774,107829
46774,137359
46774,111803
46774,62435
46774,117980
46774,74471
46774,131743
46774,286
46774,109765
46774,81496
46774,49264
46774,44678
46774,24876
46774,22894
46774,9778
46774,119221
46774,117255
46774,91760
46774,82292
46774,1742
46775,104504
46775,118034
46775,50435
46775,118182
46775,26251
46775,10719
46775,50408
46775,32516
46775,62003
46775,60050
46775,50977
46775,28229
46775,119536
46775,52119
46775,27115
46775,2053
46775,133682
46775,30304
46775,106919
46775,32048
46775,109021
46775,67607
46775,49789
46775,37731
46775,53917
46775,101143
46775,69678
46775,86032
46775,120466
46775,44484
46775,24960
46775,56638
46775,109972
46776,11294
46776,81489
46776,10595
46776,106196
46776,93207
46776,91102
46776,132991
46776,98393
46776,122187
46776,109684
46776,131393
46776,116406
46776,385
46776,81760
46776,2302
46776,20745
46776,7627
46776,75348
46776,87595
46776,60267
46776,72841
46776,130586
46776,2632
46776,38168
46776,1247
46776,115134
46776,777
46776,108946
46776,73537
46776,87362
46776,37198
46777,41944
46777,31881
46777,83624
46777,938
46777,5703
46777,63708
46777,101894
46777,80635
46777,138233
46777,101078
46780,128206
46780,130305
46780,75975
46780,39236
46780,74421
46780,81003
46780,137959
46780,94469
46780,23397
46782,72472
46782,41014
46782,118727
46782,73907
46782,98055
46782,46944
46782,91231
46782,138847
46782,92469
46782,36022
46782,125776
46782,46785
46782,11393
46782,136858
46782,134179
46782,17820
46782,3398
46782,124924
46782,133111
46782,110795
46782,15476
46782,85908
46782,125961
46782,133159
46782,4770
46782,67298
46782,103226
46783,81523
46783,23144
46783,127790
46783,3439
46783,114769
46783,117520
46783,53320
46783,49042
46783,111415
46783,97897
46783,91890
46783,63782
46783,27074
46783,103411
46783,101540
46783,77467
46784,50162
46784,54937
46784,61632
46784,82231
46784,94729
46784,78599
46784,10797
46787,55143
46787,125070
46787,24052
46787,45963
46787,107829
46787,9778
46787,24876
46787,117255
46787,45179
46787,69182
46787,97020
46787,82512
46789,60246
46789,128894
46789,54352
46789,46807
46789,45244
46789,139466
46789,123827
46789,27358
46789,41429
46789,60137
46789,57496
46789,49213
46789,56039
46789,127619
46789,20269
46789,47533
46789,138384
46789,106494
46789,46003
46789,25825
46789,27899
46789,72494
46789,102229
46789,5069
46789,108934
46789,65816
46789,136077
46789,101227
46789,116494
46790,96914
46790,137640
46790,103634
46790,44791
46790,63831
46790,102620
46790,75249
46790,35973
46790,97192
46790,91641
46790,109769
46790,133922
46790,80949
46790,2253
46790,131957
46791,35349
46791,12988
46791,34018
46791,68475
46791,98984
46791,33463
46791,75374
46791,69673
46791,121496
46791,126944
46791,289
46791,8633
46791,14710
46791,45659
46791,76151
46791,120126
46791,79813
46791,78147
46791,24125
46791,2612
46791,119479
46791,134156
46791,50879
46791,99299
46791,113744
46791,6131
46791,135591
46791,40525
46791,83561
46791,4484
46791,23856
46791,90414
46793,104407
46793,67983
46793,40320
46793,122220
46793,66763
46793,42108
46793,105661
46793,28275
46793,110713
46793,38812
46793,135498
46793,4864
46793,85179
46793,138158
46793,109485
46793,44494
46793,92027
46793,108278
46793,115580
46793,54768
46793,27226
46793,103005
46793,88847
46793,53676
46793,13177
46793,137762
46793,96910
46793,27902
46793,20613
46793,64594
46793,127462
46793,90453
46793,104003
46793,24259
46794,24096
46794,68153
46794,43228
46794,122659
46794,74580
46794,67144
46794,22541
46794,35495
46794,72106
46794,93609
46794,103812
46794,9775
46794,96104
46794,18280
46794,34304
46794,12915
46794,43757
46794,51517
46794,93795
46794,97689
46794,27619
46794,14437
46794,44798
46794,9222
46794,7264
46794,84955
46794,58555
46794,52839
46794,14770
46794,119508
46794,87622
46794,85001
46794,24050
46794,73087
46795,9415
46795,78974
46795,4368
46795,5248
46795,2416
46795,74214
46795,120790
46795,116116
46795,90222
46795,83901
46795,77670
46795,29084
46795,23414
46795,15504
46795,125912
46795,99752
46795,52686
46795,85670
46795,103207
46795,34800
46795,120278
46795,36595
46796,67563
46796,77015
46796,31208
46796,38197
46796,68788
46796,44326
46796,53368
46796,73280
46796,122403
46796,123553
46796,72732
46796,125885
46796,7546
46796,10179
46796,58793
46796,100313
46796,25652
46796,95695
46796,118802
46796,42987
46796,36664
46796,64504
46796,72537
46796,122750
46796,103613
46796,51277
46796,109519
46796,51737
46797,3416
46797,11313
46797,36115
46797,111845
46797,97341
46797,102769
46797,140367
46797,20693
46797,84836
46797,15826
46797,41037
46797,119750
46797,15817
46797,72876
46797,134435
46797,38665
46797,137101
46797,1071
46797,90117
46797,55397
46797,75947
46797,44591
46797,62918
46797,11042
46797,89542
46797,5078
46797,111362
46797,70827
46797,45495
46797,47853
46797,99684
46797,39396
46798,24021
46798,53547
46798,79068
46798,73081
46798,79993
46798,87274
46798,98938
46798,48079
46798,61556
46798,11385
46798,121553
46798,2386
46798,98449
46798,20843
46798,81509
46798,107977
46798,92466
46798,82588
46798,105971
46798,85888
46798,113098
46798,4157
46798,82843
46798,77487
46798,74548
46798,136135
46798,99922
46798,70875
46798,77247
46798,113868
46798,96039
46798,84121
46799,99202
46799,80713
46799,84759
46799,102753
46799,109402
46799,81298
46799,21887
46799,107911
46799,88
46799,22260
46799,10135
46799,39569
46799,111390
46799,118478
46799,19589
46799,6389
46799,82085
46799,16859
46799,108936
46799,100985
46799,75694
46799,109197
46799,81380
46799,96033
46799,77711
46799,36693
46799,130407
46799,71761
46799,35445
46799,119432
46800,37124
46800,43657
46800,22013
46800,95182
46800,20295
46800,88316
46800,79235
46800,102874
46800,31486
46800,37543
46800,25236
46800,90377
46800,62237
46800,68833
46800,79537
46800,110189
46800,48375
46800,131740
46800,59322
46800,77411
46800,72189
46800,8797
46800,55050
46800,37304
46800,90836
46800,31166
46800,7011
46800,15770
46800,85321
46800,14530
46801,125256
46801,103952
46801,97749
46801,119596
46801,56481
46801,8507
46801,103516
46801,31804
46801,123115
46801,135978
46801,50758
46801,11878
46801,66654
46801,110296
46801,115623
46801,67659
46801,19107
46801,92881
46801,12134
46801,43705
46801,76311
46801,107058
46801,21437
46801,74285
46801,27300
46801,42458
46801,96442
46801,22589
46801,26302
46801,86800
46802,53791
46802,111936
46802,86668
46802,51715
46802,117877
46802,59241
46802,13819
46802,73353
46802,49880
46802,79898
46802,10949
46802,11797
46802,15604
46802,114556
46802,14202
46802,37159
46802,67001
46802,127204
46802,14771
46802,123147
46802,10424
46802,48098
46802,31549
46802,122331
46802,125463
46802,11581
46802,100119
46802,54149
46802,114904
46802,125314
46802,128394
46803,34791
46803,2859
46803,79020
46803,127369
46803,128927
46803,72503
46803,33428
46803,69535
46803,36763
46803,135426
46803,88613
46803,22935
46803,131951
46803,13705
46803,67291
46803,57010
46803,89564
46803,50994
46803,32308
46803,121775
46803,89643
46803,7056
46803,94383
46803,96872
46803,70312
46803,33353
46803,75260
46803,47442
46803,29740
46803,107535
46803,105152
46803,13067
46805,52018
46805,108104
46805,51821
46805,122691
46805,31655
46805,2705
46805,29063
46805,114919
46805,115401
46805,95770
46805,138986
46805,65696
46805,100581
46805,101155
46805,135372
46805,12654
46805,94128
46805,1344
46805,86794
46805,95817
46805,106899
46805,110335
46808,74617
46808,114392
46808,113967
46808,138977
46808,44308
46808,27137
46808,11903
46808,109167
46808,65989
46808,40064
46808,48975
46808,51950
46808,34848
46808,117446
46808,94864
46808,49612
46808,86423
46808,130270
46808,124508
46808,105343
46808,2659
46808,42658
46808,57207
46808,53529
46808,116419
46808,59763
46808,70015
46808,31929
46808,42636
46809,120366
46809,95558
46809,57613
46809,131216
46809,3835
46809,110859
46809,123829
46809,133666
46809,88330
46809,90533
46809,42225
46809,61980
46809,86541
46809,24205
46809,132827
46809,139016
46809,21717
46809,68273
46809,37202
46809,113064
46809,132766
46809,116156
46809,133375
46809,37558
46809,75248
46809,116897
46809,126280
46809,91276
46809,80510
46809,60771
46809,81883
46809,129416
46810,120238
46810,45693
46810,59962
46810,92090
46810,139952
46810,99025
46810,117430
46810,16029
46810,14960
46810,103982
46810,8917
46810,135071
46810,33130
46810,37790
46810,121696
46810,31135
46810,86188
46810,59508
46810,139978
46810,7898
46810,122649
46810,15073
46810,28808
46810,110258
46810,96974
46810,8508
46810,20937
46810,44421
46810,72873
46810,88908
46810,13934
46810,30353
46810,55059
46810,15608
46811,16826
46811,107846
46811,134686
46811,22471
46811,20136
46811,88219
46811,135487
46811,74882
46811,21443
46811,139719
46811,13019
46811,47556
46811,127861
46811,10418
46811,88778
46811,47359
46811,5961
46811,68601
46811,68206
46811,108213
46811,135726
46811,560
46812,102588
46812,127712
46812,110402
46812,98091
46812,33762
46812,93922
46812,73134
46812,132673
46812,31953
46812,83595
46812,136259
46812,36861
46812,66635
46812,46769
46812,48437
46812,95187
46812,43157
46812,70699
46812,50477
46812,117713
46812,56249
46812,15548
46812,111336
46812,31812
46812,92634
46812,50446
46812,54651
46812,107271
46812,37315
46812,33291
46812,38356
46812,139096
46812,64541
46812,8762
46815,35985
46815,41734
46815,88309
46815,67767
46815,39559
46815,30292
46815,14121
46815,14482
46815,49273
46815,66066
46815,107805
46816,137997
46816,24545
46816,124342
46816,116942
46816,37818
46816,14082
46816,35223
46816,131892
46816,70177
46816,104517
46816,90845
46816,77089
46816,21018
46816,77914
46816,114932
46816,78500
46816,122112
46816,38419
46816,49656
46816,134154
46816,46274
46816,94455
46816,90809
46816,68420
46816,60846
46816,59781
46816,125083
46816,59657
46816,77795
46816,26248
46816,60468
46816,40279
46816,117294
46818,122969
46818,135361
46818,92751
46818,9398
46818,10783
46818,86430
46818,69187
46818,55793
46818,47936
46818,33936
46818,112319
46818,59181
46818,120254
46818,70595
46818,138815
46818,77968
46818,98821
46818,109619
46818,70267
46818,30496
46818,116229
46818,29299
46818,124222
46818,84629
46818,62995
46818,63234
46818,1141
46818,17082
46818,19181
46818,56956
46820,68689
46820,27711
46820,92698
46820,44197
46820,9522
46820,41585
46820,11414
46820,42875
46820,138971
46820,34348
46820,115763
46820,18859
46820,130968
46820,125447
46820,114777
46820,121586
46820,30417
46820,121287
46820,41368
46820,99894
46820,31945
46820,67688
46820,31442
46820,37788
46820,33163
46820,117347
46820,134743
46820,102112
46820,134786
46823,92876
46823,25781
46823,6474
46823,96227
46823,101282
46823,132931
46823,27148
46823,76194
46823,76584
46823,48055
46823,110035
46823,94448
46823,124883
46823,26162
46823,81945
46823,15967
46823,72963
46823,127859
46823,11840
46823,67481
46823,25076
46823,125938
46823,16372
46823,83499
46823,62882
46823,38996
46823,42126
46823,134871
46823,125982
46823,44837
46823,110850
46823,46864
46823,60384
46825,7360
46825,63457
46825,46020
46825,21250
46825,22824
46825,68153
46825,108742
46825,81437
46825,97099
46825,44147
46825,91834
46825,28176
46825,45648
46825,37728
46825,105035
46825,90668
46825,88233
46825,84955
46825,130415
46825,73359
46825,14147
46825,62689
46825,59115
46825,85001
46825,56417
46825,127125
46825,12447
46825,111860
46825,66401
46825,15672
46825,76656
46825,88345
46825,80769
46826,20620
46826,62272
46826,28891
46826,71776
46826,134567
46826,106518
46826,118923
46826,107254
46826,20286
46826,137086
46826,16315
46826,136073
46826,21468
46826,93625
46826,67159
46826,128139
46826,117511
46826,28688
46826,72380
46826,2026
46826,139208
46826,51686
46826,69125
46826,103018
46826,129355
46826,55305
46826,120576
46826,6157
46826,126497
46826,103414
46826,81579
46828,21380
46828,80387
46828,12535
46828,107623
46828,105267
46828,21496
46828,112001
46828,87024
46828,122646
46828,103190
46828,36015
46828,52041
46828,48878
46828,22911
46828,9410
46828,31867
46828,27206
46828,103401
46828,19338
46828,10490
46828,57455
46828,24833
46828,37887
46828,68054
46828,20103
46828,64253
46828,135450
46828,99285
46828,24907
46828,96397
46828,2574
46829,116673
46829,42473
46829,126823
46829,66764
46829,121530
46829,88369
46829,60976
46829,106752
46829,87244
46829,111191
46829,138386
46829,53069
46829,5861
46829,74055
46829,129359
46829,101230
46829,129688
46829,126645
46829,80063
46829,45695
46829,125107
46829,112231
46829,51144
46829,63032
46829,102273
46829,3377
46829,87482
46829,21288
46830,80817
46830,43698
46830,54994
46830,64914
46830,129857
46830,125075
46830,46497
46830,16630
46830,59286
46830,101905
46830,636
46831,62585
46831,17040
46831,81396
46831,84957
46831,111072
46831,88136
46831,123239
46831,97753
46831,83641
46831,131645
46831,53866
46831,58978
46831,72872
46831,2109
46831,16666
46831,56130
46831,5665
46831,127400
46831,32015
46831,127376
46831,11497
46831,34519
46831,98092
46831,105465
46831,1681
46831,84921
46831,117388
46831,22063
46831,24055
46831,2763
46831,72681
46832,101366
46832,19936
46832,89297
46832,97622
46832,111185
46832,37427
46832,90054
46832,39839
46832,54461
46832,94421
46832,35215
46832,127450
46832,54776
46832,104898
46834,30897
46834,108659
46834,113717
46834,63683
46834,82021
46834,129897
46834,90294
46834,124325
46834,70744
46834,86164
46834,135557
46834,126516
46834,2263
46834,11011
46834,56817
46834,11971
46834,7478
46834,105041
46834,57730
46834,55165
46834,98488
46834,64804
46834,130655
46834,96073
46834,100890
46834,83701
46834,79623
46834,72820
46834,18108
46834,84000
46834,7622
46836,87487
46836,117694
46836,93976
46836,8732
46836,6117
46836,51802
46836,98391
46836,7096
46836,32273
46836,131336
46836,57366
46836,64939
46836,86691
46836,91749
46836,125078
46836,80516
46836,108614
46836,117162
46836,139725
46836,58554
46836,37609
46836,53554
46836,44908
46837,50570
46837,5061
46837,79720
46837,108223
46837,19454
46837,49552
46837,106538
46837,65826
46837,4516
46837,51219
46837,43893
46837,111549
46837,20879
46837,60309
46837,5030
46837,50728
46837,136799
46837,9849
46837,94363
46837,109960
46837,121921
46837,1278
46837,137953
46837,31450
46837,25007
46837,71537
46837,117292
46837,61672
46837,12363
46837,58269
46837,89096
46837,27751
46838,107174
46838,80778
46838,45604
46838,9456
46838,109237
46838,117972
46838,70521
46838,43456
46838,84802
46838,63412
46838,122466
46838,77788
46838,41396
46838,10552
46838,18107
46838,81762
46838,87188
46839,95280
46839,103642
46839,114069
46839,53459
46839,8577
46839,82741
46839,21319
46839,101472
46839,1210
46839,47402
46839,137880
46839,118110
46839,131966
46839,104636
46839,70976
46839,62021
46839,26239
46839,115454
46839,107905
46839,70535
46839,64166
46839,119032
46839,117896
46839,5875
46840,5710
46840,40649
46840,719
46840,20362
46840,6300
46840,111480
46840,130415
46840,101652
46840,57470
46840,76777
46840,106204
46840,14147
46840,11821
46840,97305
46840,8679
46840,129440
46840,97264
46841,117771
46841,97785
46841,51492
46841,83789
46841,84296
46841,110836
46841,80396
46841,39517
46841,70405
46841,59206
46841,126942
46841,59466
46841,62403
46841,10987
46841,46029
46841,41215
46841,114924
46841,101198
46841,134047
46841,1147
46841,28877
46841,80999
46841,43662
46841,101446
46841,104770
46841,108023
46841,20173
46841,755
46841,25884
46841,62134
46841,55859
46841,6029
46842,28722
46842,95763
46842,31168
46842,72517
46842,64164
46842,106063
46842,33823
46842,84748
46842,133731
46842,11529
46842,132661
46842,45158
46842,88506
46842,97412
46842,97772
46842,89262
46842,123069
46842,48962
46842,43415
46842,4976
46842,54524
46842,27095
46843,85508
46843,20611
46843,81025
46843,27369
46843,25614
46843,52738
46843,25424
46843,134528
46843,36791
46843,93640
46843,103313
46843,77283
46843,30820
46843,98567
46843,70404
46843,25526
46843,61060
46843,11684
46843,85663
46843,83208
46843,130392
46844,20496
46844,116068
46844,10345
46844,27445
46844,101081
46844,127983
46844,42637
46844,134045
46844,84101
46844,135692
46844,1470
46844,84792
46844,105036
46844,38746
46844,51189
46844,77747
46844,51185
46844,133495
46844,25135
46844,41849
46844,97397
46844,92594
46845,122621
46845,30338
46845,119085
46845,73452
46845,126665
46845,11102
46845,38750
46845,38291
46845,128556
46845,92663
46845,85300
46845,120497
46845,68099
46845,24559
46845,33977
46845,72492
46846,118455
46846,57384
46846,84839
46846,59192
46846,110519
46846,104632
46846,106220
46846,42792
46846,82810
46846,43064
46846,103909
46846,30663
46846,69512
46846,114194
46846,21366
46846,27256
46846,125482
46846,119309
46846,113173
46846,46266
46846,112597
46846,45848
46846,104889
46846,7385
46846,35868
46846,35157
46847,18691
46847,54830
46847,56683
46847,124649
46847,49696
46847,67794
46847,94954
46847,132716
46847,43310
46847,126081
46847,138192
46847,52794
46847,85446
46847,118511
46847,5934
46847,118495
46847,65442
46847,136509
46847,34220
46847,15721
46851,93654
46851,30949
46851,86342
46851,123641
46851,33687
46851,136833
46851,35114
46851,22607
46851,90626
46851,6087
46851,74086
46851,124839
46851,13317
46851,19427
46851,127488
46851,137450
46851,2267
46851,52819
46851,67308
46851,123051
46851,13377
46851,113032
46851,60591
46851,6080
46851,10563
46851,111863
46851,71216
46851,105476
46851,12425
46851,80265
46851,21056
46851,99751
46851,123935
46852,129593
46852,20552
46852,66728
46852,101195
46852,13104
46852,17591
46852,137552
46852,83699
46852,12855
46852,74363
46852,43119
46852,123544
46852,102392
46852,9226
46852,87632
46852,56023
46852,45776
46852,90145
46852,23181
46852,29424
46852,119637
46852,18991
46852,63944
46852,64057
46852,129020
46852,110543
46852,57109
46852,59110
46852,44881
46853,115295
46853,61989
46853,77705
46853,136102
46853,109407
46853,70190
46853,129333
46853,96017
46854,41808
46854,42766
46854,66798
46854,87248
46854,41280
46854,126445
46854,22744
46854,90287
46854,127377
46854,55047
46854,35543
46854,79881
46854,92828
46854,133861
46854,102205
46854,1564
46854,62189
46854,29395
46854,45759
46854,41184
46854,82768
46854,130704
46854,31125
46854,110756
46854,124494
46854,134
46854,138101
46854,18557
46854,4606
46855,106192
46855,44779
46855,33160
46855,56591
46855,8357
46855,18004
46855,32642
46855,63069
46855,115794
46855,73721
46855,46389
46855,46752
46855,78292
46857,82044
46857,51571
46857,8849
46857,70528
46857,60136
46857,59068
46857,121575
46857,131674
46857,2804
46857,140090
46857,47379
46857,30446
46857,63557
46857,85392
46857,99807
46857,114682
46857,50943
46857,77616
46857,115674
46857,16590
46857,92897
46858,25347
46858,82705
46858,88411
46858,21058
46858,115387
46858,21317
46858,14718
46858,133055
46858,140040
46858,38459
46858,79410
46858,83663
46858,88004
46858,30741
46858,92059
46858,127681
46858,5029
46858,111314
46858,109768
46858,105615
46858,28467
46858,57961
46858,27517
46858,34582
46863,29405
46863,15661
46863,116986
46863,46553
46863,90149
46863,58651
46863,15311
46863,29004
46863,101783
46863,107534
46863,130536
46863,120427
46863,77408
46863,127414
46863,99145
46863,99335
46863,10587
46863,135191
46863,139569
46863,89918
46863,5932
46863,28352
46865,80934
46865,2563
46865,64148
46865,93804
46865,38179
46865,50206
46865,121565
46865,137863
46865,124533
46865,64131
46865,36110
46865,79215
46865,103490
46865,88807
46865,10944
46865,113420
46865,120146
46865,34950
46865,83338
46865,100454
46865,113247
46865,21378
46865,47197
46865,17349
46865,125583
46865,84920
46865,135958
46865,97757
46865,78484
46865,137989
46865,32815
46865,75666
46866,118670
46866,80545
46866,132210
46866,107652
46866,95604
46866,51178
46866,135028
46866,131917
46866,116505
46866,3724
46866,119794
46866,33828
46866,73145
46866,87652
46866,34221
46866,46027
46866,9831
46866,103174
46866,101520
46866,63417
46866,42983
46866,106307
46866,20022
46866,61011
46866,16325
46866,73077
46866,19836
46866,124043
46866,53916
46866,37330
46866,118206
46866,28132
46867,100122
46867,64249
46867,4472
46867,71220
46867,35599
46867,16649
46867,27911
46867,44419
46867,131357
46867,110738
46867,135537
46867,90941
46867,138450
46867,47786
46867,32700
46867,78624
46867,42609
46867,102054
46867,57790
46867,111780
46867,116761
46867,108564
46867,7106
46867,113069
46867,129228
46867,78497
46868,80944
46868,98996
46868,37399
46868,104900
46868,95235
46868,131176
46868,18638
46868,134994
46868,27507
46868,2209
46868,98950
46868,61409
46868,70219
46868,130703
46868,3842
46868,27962
46868,133094
46868,13761
46868,113898
46868,9991
46868,140556
46868,83672
46868,7113
46868,24892
46868,101438
46868,108250
46868,7132
46868,41527
46868,41287
46868,28040
46868,53281
46868,46296
46869,3213
46869,1230
46869,21155
46869,25476
46869,8161
46869,98239
46869,90730
46869,17633
46869,53494
46869,80475
46869,126657
46869,4875
46869,14536
46869,98736
46869,61529
46869,30950
46869,71181
46869,126665
46869,106262
46869,25416
46869,126462
46869,31643
46869,41712
46869,70934
46869,5002
46869,121267
46869,69261
46869,32112
46869,14878
46869,7880
46869,35264
46869,106819
46870,30200
46870,55114
46870,133494
46870,58255
46870,68952
46870,112008
46870,97050
46870,25143
46870,77123
46870,121726
46870,92553
46870,44305
46870,92037
46870,94612
46870,26934
46870,94491
46870,30547
46870,92187
46870,140673
46870,15779
46870,68241
46870,124857
46870,82660
46870,41806
46870,68506
46870,105690
46870,130320
46870,52893
46870,34275
46870,99073
46870,71364
46870,137375
46870,77805
46870,70776
46871,94584
46871,86177
46871,36531
46871,91359
46871,6913
46871,7354
46871,2040
46871,47793
46871,124000
46871,91330
46871,85975
46871,3447
46871,140391
46871,8536
46871,40598
46871,27992
46871,17382
46871,28908
46871,16651
46871,124538
46871,134598
46871,92411
46871,46317
46871,39054
46871,59024
46871,10642
46871,40663
46871,117448
46871,106618
46871,77154
46871,136631
46871,104781
46871,135640
46872,68002
46872,17105
46872,19743
46872,79068
46872,58136
46872,65100
46872,101503
46872,137042
46872,67376
46872,98457
46872,115213
46872,69489
46872,98106
46872,99430
46872,53547
46872,85065
46872,81465
46872,21688
46872,112568
46872,84526
46872,52915
46872,92403
46872,119127
46872,95369
46872,136880
46872,1535
46872,126732
46872,56064
46872,39748
46872,80251
46872,46505
46872,62168
46873,15850
46873,109605
46873,6483
46873,89040
46873,91005
46873,103312
46874,79008
46874,85739
46874,20156
46874,100569
46874,110910
46874,34229
46874,128224
46874,32626
46874,136758
46874,45554
46874,19140
46874,103469
46874,129506
46874,111176
46874,79959
46874,70272
46874,102090
46874,114255
46874,109806
46874,47869
46874,86063
46874,79114
46874,100626
46874,116224
46874,39250
46874,72362
46874,7881
46874,105860
46874,26823
46874,113386
46875,1230
46875,126264
46875,3213
46875,105408
46875,76379
46875,30878
46875,23268
46875,15994
46875,135499
46875,10746
46875,84032
46875,121267
46875,23212
46875,53494
46875,111170
46875,6439
46875,77935
46875,126719
46875,43010
46875,74754
46875,138600
46875,45080
46875,105307
46875,106262
46875,38725
46875,7527
46875,60084
46875,64762
46875,23078
46875,35264
46875,10996
46875,69261
46877,50758
46877,5417
46877,136039
46877,117685
46877,138
46877,25345
46877,132035
46877,30588
46877,102521
46877,52130
46877,108157
46877,8708
46877,28871
46877,136305
46877,111799
46877,745
46877,139022
46877,126428
46877,31321
46877,78302
46877,119550
46877,40571
46877,124774
46877,70520
46877,57884
46877,52634
46877,99261
46877,68731
46877,119048
46877,111078
46877,126296
46878,59011
46878,98674
46878,116652
46878,40564
46878,2488
46878,41019
46878,34298
46878,64580
46878,24816
46880,9111
46880,104640
46880,4340
46880,109891
46880,31353
46880,117121
46880,58508
46880,114866
46880,27730
46880,134702
46880,1697
46880,48268
46880,82172
46880,110880
46880,29682
46880,89106
46880,9117
46880,4170
46880,13565
46880,84705
46880,8349
46880,106834
46880,65924
46880,70188
46880,14739
46880,72640
46880,104378
46880,109913
46880,99356
46880,130430
46880,74792
46880,104064
46880,90478
46881,126782
46881,138935
46881,96913
46881,55613
46881,128067
46881,47573
46881,2977
46881,80043
46881,61949
46881,59303
46881,66088
46881,83658
46881,26131
46881,106781
46881,42625
46881,78179
46881,99083
46881,72458
46881,101764
46881,28307
46881,88483
46881,110280
46883,30867
46883,15174
46883,13297
46883,105300
46883,48815
46883,62593
46883,132974
46883,117787
46883,121076
46883,126103
46883,133227
46883,21469
46883,136686
46883,26548
46883,50912
46883,110402
46883,33341
46883,68723
46883,77275
46883,39764
46883,4219
46883,12082
46883,67367
46883,40814
46883,17345
46883,77219
46883,3709
46883,119388
46883,41001
46883,130231
46883,101051
46883,95187
46883,57548
46886,35705
46886,86237
46886,101410
46886,140742
46886,94904
46886,49712
46886,108792
46886,101079
46888,128855
46888,23594
46888,3711
46888,54855
46888,895
46888,75494
46888,41634
46888,90469
46888,71889
46888,69776
46888,119827
46888,60619
46888,14736
46888,130140
46888,55842
46888,129301
46888,22753
46888,43633
46888,9333
46888,34632
46888,110653
46888,9383
46888,92556
46888,84593
46888,88738
46888,75569
46888,22271
46888,122062
46888,140445
46889,33899
46889,52692
46889,82243
46889,3814
46889,54614
46889,104146
46889,98073
46889,58991
46889,12538
46889,54465
46889,15855
46889,23560
46889,131240
46889,116969
46889,34765
46889,79290
46889,2918
46889,68162
46889,62231
46889,76857
46889,133073
46889,125356
46889,130677
46889,41459
46889,24455
46889,104035
46889,127032
46889,80822
46889,75752
46889,49364
46889,66572
46890,140194
46890,98870
46890,15588
46890,23315
46890,25013
46890,61191
46890,63012
46890,93502
46890,73505
46890,119369
46890,136010
46890,97746
46890,114746
46890,31313
46891,73121
46891,11698
46891,105265
46891,28521
46891,4332
46891,123434
46891,127676
46891,77285
46891,116499
46891,70164
46891,39961
46891,112779
46891,79752
46891,66435
46891,85828
46891,85017
46891,131117
46891,66683
46891,43178
46891,112017
46891,65761
46891,95363
46891,86173
46892,80909
46892,1066
46892,126403
46892,120617
46892,69481
46892,44858
46893,33428
46893,28392
46893,5731
46893,69535
46893,129817
46893,56990
46893,29740
46893,70312
46893,129366
46893,97249
46893,140021
46893,7580
46893,75260
46893,100090
46893,102172
46893,73888
46893,96872
46893,113928
46893,132084
46893,69115
46893,110131
46893,72007
46893,39260
46893,102785
46893,13067
46893,36547
46893,122047
46893,122359
46893,92740
46893,119759
46893,50370
46893,25520
46894,94419
46894,50864
46894,46305
46894,46740
46894,131964
46894,24570
46894,73599
46894,91967
46894,33351
46894,52525
46894,90086
46894,105753
46894,22402
46894,117515
46894,109084
46894,123694
46894,95533
46894,130243
46894,13304
46894,135870
46894,81985
46894,50467
46894,35712
46894,28980
46894,23410
46894,86092
46894,94384
46894,83662
46894,73297
46894,127613
46894,38947
46894,130724
46894,82224
46895,47408
46895,65175
46895,112980
46895,136276
46895,39817
46895,121004
46896,52732
46896,15186
46896,24164
46896,96916
46896,80052
46896,136076
46896,73627
46896,12664
46896,85951
46896,130658
46896,69188
46896,14535
46896,58080
46896,13368
46896,74558
46896,5239
46896,116861
46896,25883
46896,55903
46896,137703
46896,5679
46896,46120
46896,42926
46896,9022
46896,61801
46896,46221
46896,84736
46896,1189
46896,25085
46896,2714
46897,79203
46897,6800
46897,10852
46897,18413
46897,80430
46897,61118
46897,52351
46897,100559
46897,48833
46897,65806
46897,25285
46897,111060
46897,123120
46897,15355
46897,33738
46897,110187
46897,85647
46897,110338
46897,105479
46897,43287
46897,136457
46897,72130
46897,32392
46897,129891
46897,1212
46897,763
46897,10393
46897,114480
46897,72691
46899,7697
46899,50091
46899,47005
46899,23979
46899,10580
46899,118515
46899,51870
46899,17200
46899,75852
46899,139513
46899,83048
46899,24861
46899,13149
46899,99585
46899,107546
46899,15009
46899,25861
46901,77845
46901,112085
46901,89016
46901,139723
46901,11473
46901,4047
46901,132196
46901,107212
46901,85141
46901,45313
46901,5733
46901,117469
46901,72292
46901,58077
46901,14331
46901,134989
46901,73982
46901,134907
46901,27951
46901,140145
46901,28183
46901,137994
46901,76209
46901,39717
46901,47737
46901,33570
46901,72679
46901,67388
46901,114847
46901,71438
46901,129331
46901,7245
46902,76727
46902,67560
46902,67698
46902,69132
46902,50074
46902,11293
46902,123206
46902,56082
46902,32851
46902,139570
46902,47154
46902,67764
46902,16141
46902,81765
46902,28182
46902,128293
46902,5315
46902,11159
46902,62345
46902,89168
46902,106116
46902,8512
46902,50413
46902,99826
46902,131680
46902,8078
46902,68922
46906,15220
46906,109373
46906,84905
46906,118609
46906,94543
46906,43503
46906,112168
46906,94627
46906,81300
46906,106496
46906,10173
46906,124907
46906,129951
46906,129273
46906,67102
46906,65460
46906,53390
46906,103886
46906,58324
46906,121790
46906,128421
46906,73707
46906,63805
46906,37239
46906,107672
46906,692
46906,35870
46906,118640
46906,26232
46906,64855
46906,6254
46910,106353
46910,45233
46910,104106
46910,68932
46910,75091
46910,44880
46910,95318
46910,138356
46910,67265
46910,55771
46910,135327
46910,100963
46910,56772
46910,139144
46910,107459
46910,83287
46910,74423
46910,83746
46910,45123
46910,133538
46910,137274
46910,129862
46910,91819
46910,69094
46910,117377
46910,41100
46911,107255
46911,68495
46911,127094
46911,92161
46911,138722
46911,8508
46911,14960
46911,55121
46911,88347
46911,99545
46911,121116
46911,44027
46914,28410
46914,8146
46914,45773
46914,20667
46914,82676
46914,36087
46914,237
46914,89441
46914,110292
46914,50628
46914,83846
46914,116984
46914,56538
46914,99897
46914,27948
46914,80367
46914,77995
46914,94306
46914,116688
46914,29007
46914,89313
46914,83429
46914,854
46914,114705
46914,129882
46915,41794
46915,103675
46915,19183
46915,70622
46915,20417
46918,95011
46918,69049
46918,12043
46918,22786
46918,31183
46918,106691
46918,74867
46918,7548
46918,22083
46918,79635
46918,6600
46918,67760
46918,128956
46918,111975
46918,90826
46918,107293
46918,21379
46918,46201
46918,59620
46918,80877
46918,79159
46918,24861
46918,29836
46918,46081
46918,61948
46918,25986
46918,99585
46918,25816
46918,118029
46918,9064
46918,111638
46918,64891
46918,37948
46922,117782
46922,88262
46922,48064
46922,44894
46922,16433
46922,129188
46922,16423
46922,69793
46922,128201
46922,124930
46922,60780
46922,120670
46922,20801
46922,14720
46922,48147
46922,75082
46922,38148
46922,38284
46923,128090
46923,59324
46923,68495
46923,97574
46923,88347
46923,29927
46923,98201
46923,51742
46923,5124
46923,138575
46923,125849
46923,22780
46923,55019
46923,66475
46923,77990
46923,52451
46923,118936
46923,112345
46923,1753
46923,78572
46923,131828
46923,3367
46923,23190
46923,44796
46923,6906
46923,103339
46924,38
46924,91488
46924,19327
46924,99388
46924,131085
46924,116502
46924,34616
46924,33386
46924,2661
46924,128587
46924,22218
46924,31955
46924,34382
46924,109292
46924,140334
46924,13060
46924,98626
46924,139519
46924,133747
46924,98887
46924,99865
46924,105204
46924,85074
46924,12944
46924,109880
46924,75472
46928,33866
46928,98566
46928,105039
46928,97762
46928,78671
46928,13069
46928,110308
46928,122151
46928,53651
46928,72282
46928,81216
46928,2619
46928,94945
46928,45024
46928,47333
46928,56639
46928,62667
46928,53017
46928,66384
46928,85292
46928,9386
46928,39295
46928,41170
46928,88016
46928,59983
46928,58693
46928,140313
46928,123812
46928,90144
46928,26795
46930,136008
46930,75840
46930,14534
46930,17561
46930,140758
46930,121744
46930,41761
46930,119004
46930,139835
46930,121066
46930,38918
46930,120608
46930,4352
46930,76822
46930,75654
46930,94855
46930,39932
46930,41098
46930,90662
46930,64809
46930,113986
46930,67817
46930,126958
46930,27700
46930,119905
46930,83616
46930,23690
46930,89242
46930,63467
46930,33634
46930,136766
46930,52693
46930,132400
46931,130134
46931,14347
46931,33150
46931,54603
46931,57897
46931,115350
46931,52964
46931,75350
46931,133085
46931,115284
46931,4298
46931,20199
46931,105814
46931,30453
46931,62306
46931,3636
46931,121516
46931,81128
46931,2445
46931,134405
46931,82624
46931,19947
46931,92263
46931,13554
46931,82655
46931,140634
46931,104822
46931,131906
46931,91142
46931,100416
46931,128769
46931,135813
46931,51371
46931,121416
46932,63083
46932,123087
46932,21621
46932,88413
46932,64256
46932,41039
46932,81438
46932,92013
46932,97093
46932,75979
46932,137158
46932,67720
46932,115470
46932,108725
46932,113294
46932,36672
46932,76178
46932,76813
46932,119292
46932,67602
46932,126417
46932,48146
46932,84774
46932,19759
46932,110111
46932,72312
46932,8255
46932,109100
46932,79540
46932,92451
46932,7989
46935,129796
46935,85047
46935,53541
46935,112760
46935,80853
46935,132625
46935,103326
46935,140297
46935,48933
46935,130799
46935,62865
46935,6764
46935,126850
46935,11451
46935,101939
46935,76195
46935,94310
46935,103740
46935,105318
46935,76376
46935,73093
46935,29363
46935,119005
46935,410
46935,63502
46935,113799
46935,10223
46935,107295
46935,4341
46935,29511
46936,44040
46936,81901
46936,100202
46936,98257
46936,47589
46936,94340
46936,87213
46936,21727
46936,98230
46936,12176
46936,4808
46936,9629
46936,87105
46936,64030
46936,103672
46936,33238
46936,65266
46936,124214
46936,9382
46936,90823
46936,64923
46936,57714
46936,98362
46936,98855
46936,109082
46936,90598
46936,47485
46936,138581
46936,6248
46939,106561
46939,106910
46939,60898
46939,58838
46939,140087
46939,67281
46939,92202
46939,104528
46939,100105
46939,127988
46939,105704
46939,79596
46939,37749
46939,130175
46939,40040
46939,112799
46939,107100
46939,101598
46939,36784
46939,42171
46939,64620
46939,109048
46939,134981
46939,3474
46939,11631
46939,78725
46939,55148
46939,31272
46939,15001
46939,117884
46939,31962
46939,80769
46940,15137
46940,70181
46940,21503
46940,125916
46940,90774
46940,48120
46940,96862
46940,138294
46940,127891
46940,995
46940,1091
46940,125016
46940,114070
46940,95279
46940,71032
46940,63015
46940,60759
46940,57737
46940,43985
46940,27975
46940,4554
46940,140287
46940,69627
46940,55760
46940,45633
46940,106378
46940,78365
46940,33048
46940,2135
46940,46000
46940,42413
46940,75740
46940,24843
46941,87162
46941,81523
46941,27074
46941,103411
46941,97897
46941,3439
46941,108093
46941,111088
46941,66755
46941,46254
46941,115544
46941,44548
46941,90984
46941,135457
46941,23144
46941,114769
46941,127790
46941,80993
46941,58660
46941,53320
46941,111415
46941,128941
46941,137024
46941,63782
46941,77467
46941,91890
46941,117520
46941,101742
46941,49042
46941,106604
46941,72786
46942,120720
46942,18621
46942,27535
46942,1438
46942,111632
46942,54654
46942,33944
46942,38608
46942,61411
46942,57877
46942,42681
46942,43245
46942,50327
46942,49632
46942,27515
46942,63781
46942,18037
46942,21536
46942,41229
46943,122349
46943,16294
46943,7268
46943,63162
46943,113430
46943,97595
46943,32529
46943,116796
46943,16716
46943,14632
46943,108587
46943,59451
46943,60302
46943,105043
46943,17913
46943,68893
46943,57303
46943,13939
46943,127932
46943,77117
46944,15501
46944,115562
46944,112301
46944,68658
46944,46094
46944,85323
46944,52463
46944,51974
46944,48216
46944,38906
46944,28070
46944,28943
46944,3988
46944,63098
46944,107982
46944,50151
46944,12507
46944,25223
46944,102739
46944,51585
46944,101451
46944,50478
46944,35881
46944,75807
46944,45104
46944,88307
46944,89802
46944,43605
46944,35504
46944,11838
46944,12976
46945,5792
46945,33802
46945,21362
46945,72955
46945,24242
46945,96029
46945,32410
46945,99722
46945,117971
46945,9752
46945,54077
46945,76561
46945,3279
46945,44736
46945,3394
46945,111649
46945,103922
46945,135544
46945,42181
46945,72121
46945,53533
46945,135439
46945,128317
46945,61720
46945,46526
46945,31543
46945,74283
46945,28805
46945,6718
46945,119784
46945,21946
46945,56012
46946,61563
46946,50907
46946,4426
46946,106467
46946,110981
46946,31663
46946,99186
46946,109855
46946,63835
46946,30828
46947,138185
46947,73526
46947,88624
46947,28582
46947,101480
46947,98816
46947,3469
46947,120653
46947,70076
46947,27368
46947,59632
46947,24525
46947,32390
46947,90122
46947,31059
46947,10900
46947,82935
46947,59769
46947,9697
46947,111786
46947,90502
46947,79339
46947,113896
46947,136171
46947,14198
46947,6100
46947,42822
46947,123346
46947,97294
46947,103321
46947,74101
46947,117788
46949,119002
46949,94241
46949,138290
46949,115994
46949,80067
46949,118722
46949,37339
46949,97517
46949,139974
46949,59204
46949,6400
46949,24654
46949,114201
46949,136429
46949,72234
46949,978
46949,83079
46949,42207
46949,11314
46949,76755
46949,105745
46949,135006
46949,130789
46949,125740
46949,130074
46949,73468
46949,69638
46949,10494
46949,53193
46949,138930
46949,54795
46949,133508
46950,37124
46950,43657
46950,27142
46950,95182
46950,25236
46950,31486
46950,62237
46950,22013
46952,6605
46952,15446
46952,49354
46952,131047
46952,81122
46952,3984
46952,8639
46952,27283
46952,28558
46952,123229
46952,35471
46952,101206
46952,105723
46952,22283
46952,85924
46952,60380
46952,85737
46952,106679
46952,86517
46952,99109
46952,124329
46952,9966
46952,85165
46952,102625
46952,51774
46952,89208
46952,64851
46952,138152
46952,28498
46952,70713
46952,79158
46952,90915
46952,66453
46952,28816
46953,31513
46953,117216
46953,31475
46953,23907
46953,132658
46953,71346
46953,38454
46953,127981
46953,39630
46953,23562
46953,16589
46953,40514
46953,75404
46953,20811
46953,39356
46953,45573
46953,65230
46953,123041
46953,76831
46953,97209
46953,102047
46953,120848
46953,104417
46953,73869
46953,872
46953,139769
46953,126928
46953,7491
46953,118827
46953,102050
46953,27429
46953,20834
46953,133466
46954,97799
46954,123699
46954,27069
46954,92100
46954,60725
46954,122153
46954,130646
46954,82816
46954,93035
46954,114009
46954,34026
46954,22299
46954,118564
46954,13158
46954,22312
46954,118666
46954,58094
46954,56431
46954,96284
46954,36183
46956,124423
46956,53367
46956,36035
46956,96327
46956,99157
46956,11609
46956,16882
46956,14747
46956,6680
46956,23541
46956,24663
46956,8566
46956,127661
46956,120962
46956,3277
46956,105031
46956,86475
46956,97932
46956,7290
46956,129642
46956,23682
46956,14394
46956,74025
46956,18783
46956,34127
46956,59073
46957,54603
46957,105814
46957,62306
46957,57897
46957,3636
46957,132828
46957,132455
46957,66582
46957,120365
46957,137819
46957,131906
46957,128769
46957,106404
46957,124046
46957,106731
46957,128051
46957,40736
46957,100471
46958,134417
46958,52784
46958,107785
46958,60008
46958,87215
46958,1140
46958,131110
46958,51979
46958,98770
46958,72597
46958,69615
46959,66009
46959,108888
46959,48944
46959,95887
46959,65805
46959,52051
46959,111697
46959,126902
46959,59118
46959,8841
46959,25353
46959,139750
46959,23524
46959,135854
46959,63209
46959,77221
46959,20744
46959,123768
46959,126170
46959,110340
46959,89302
46959,52675
46959,131596
46959,55208
46959,99428
46959,37542
46959,70941
46960,94584
46960,118916
46960,93462
46960,37923
46960,40341
46960,105232
46960,86177
46960,55905
46960,90942
46960,16024
46960,19233
46960,134549
46960,47793
46960,129376
46960,136631
46960,64827
46960,89365
46960,79183
46960,97500
46960,55224
46960,46726
46960,120631
46960,40901
46960,33561
46960,6184
46960,78727
46960,133072
46960,130594
46960,106618
46961,86218
46961,50094
46961,90166
46961,93656
46961,50899
46961,85231
46961,90648
46961,128350
46961,53213
46961,109370
46961,41071
46961,38280
46961,13232
46961,85495
46961,87355
46961,48847
46961,75121
46961,73553
46961,53747
46961,53062
46961,44362
46961,128643
46961,67254
46961,1764
46961,24431
46961,91664
46961,91125
46961,123429
46961,138105
46961,101938
46961,34339
46961,10336
46962,85616
46962,20905
46962,136571
46962,84171
46962,45176
46962,63915
46962,23918
46962,101304
46962,49166
46962,113857
46962,38480
46962,53269
46962,66736
46962,97718
46962,76186
46962,13466
46962,27432
46962,62618
46962,1802
46962,85424
46962,36403
46962,119166
46962,4789
46962,39836
46963,112470
46963,60086
46963,1664
46963,5195
46963,92524
46963,24304
46963,12046
46963,76716
46963,129211
46963,5983
46963,38556
46963,84418
46963,21151
46963,113013
46963,137809
46963,46390
46963,16215
46963,17430
46963,24098
46963,52990
46963,23578
46963,62500
46963,79638
46963,96016
46963,119353
46963,82932
46963,113762
46963,42581
46963,56618
46965,54739
46965,119002
46965,64017
46965,115994
46965,133846
46965,110915
46965,94850
46965,44213
46965,50366
46965,54795
46965,94241
46965,25027
46965,68372
46965,122468
46965,53443
46965,37339
46965,89202
46965,138973
46965,139974
46965,24654
46965,114201
46965,978
46965,19965
46965,42207
46965,79141
46965,105745
46965,118722
46965,38769
46965,97430
46965,10494
46965,25820
46965,69638
46967,55981
46967,116598
46967,19797
46967,131958
46967,59354
46967,116754
46967,55774
46967,18552
46967,80833
46967,14515
46967,135410
46967,24676
46967,105534
46967,111498
46967,526
46967,23328
46967,39842
46967,128632
46967,130541
46967,55450
46967,132972
46967,50432
46967,40836
46967,138205
46967,84154
46967,138371
46967,75781
46967,19931
46967,76969
46967,122895
46967,124255
46969,63063
46969,50200
46969,122658
46969,88456
46969,27645
46969,86857
46969,78638
46969,90406
46969,110250
46969,35241
46969,127853
46969,135164
46969,118363
46969,89167
46969,102554
46969,72284
46969,89950
46969,28979
46969,70083
46969,61594
46969,95002
46969,66180
46969,18446
46969,104263
46969,135598
46969,100599
46969,130872
46969,127433
46969,38598
46969,74721
46969,9073
46972,76369
46972,92855
46972,98810
46972,139118
46972,103675
46972,17305
46972,57977
46972,19183
46972,70622
46972,79745
46972,129109
46972,41794
46972,34290
46972,139811
46972,124878
46972,4822
46972,10758
46972,125269
46972,95565
46972,42433
46972,6476
46972,20417
46972,103539
46972,140685
46972,65792
46972,130025
46972,88696
46972,43413
46972,120916
46972,18064
46972,59238
46972,90171
46972,65979
46973,15195
46973,97227
46973,83096
46973,99062
46973,5700
46973,8474
46973,20013
46973,92226
46973,52125
46973,34170
46973,67250
46973,116747
46973,99129
46973,103744
46973,23648
46973,15107
46973,103984
46973,10116
46973,106169
46973,58948
46973,80638
46973,19855
46973,85991
46973,134724
46973,123700
46973,126936
46973,47650
46973,31148
46973,96449
46973,21534
46973,16337
46973,17588
46975,134417
46975,13443
46975,107785
46975,72597
46975,33168
46975,120665
46975,37283
46975,54937
46975,9812
46975,63145
46975,103860
46975,38227
46975,38484
46975,51979
46975,131110
46975,52784
46975,43749
46975,120144
46975,43594
46975,98770
46975,134966
46975,128085
46975,60008
46975,87215
46975,12579
46975,25467
46975,1140
46975,29811
46975,61934
46975,69615
46975,1085
46975,109270
46975,10721
46975,79221
46977,97038
46977,36289
46977,42906
46977,45875
46977,924
46977,12197
46977,137301
46977,1696
46977,111752
46977,9959
46977,105534
46977,90386
46977,79318
46977,124937
46977,45211
46977,140696
46977,131958
46977,61639
46977,15491
46977,10242
46977,93485
46977,124255
46977,23723
46977,139847
46977,38164
46977,138371
46977,122895
46977,132972
46977,78945
46977,75781
46978,125744
46978,67619
46978,30435
46978,113768
46978,79875
46978,80832
46978,97432
46978,46411
46978,63582
46978,22756
46978,129764
46978,90254
46978,86021
46978,51514
46978,129916
46978,111520
46978,34826
46978,81792
46978,105139
46978,119963
46978,7244
46978,57626
46978,36466
46978,56525
46978,137209
46978,53279
46978,66444
46978,76814
46978,92649
46978,66800
46978,4302
46978,134028
46978,73738
46979,131310
46979,36708
46979,79594
46979,88719
46979,25444
46979,92586
46979,2730
46979,7676
46979,16462
46979,66321
46979,66729
46979,48994
46979,93168
46979,111243
46979,84320
46979,2924
46979,132713
46979,934
46979,33804
46979,92219
46979,124444
46979,31792
46979,84556
46979,96148
46979,10769
46979,49907
46979,83828
46979,96218
46979,88186
46979,9516
46979,74493
46979,112315
46979,41255
46980,118670
46980,19157
46980,3235
46980,73077
46980,119794
46980,80545
46980,131917
46980,132210
46980,51178
46980,75972
46980,53883
46980,57169
46980,3724
46980,73145
46980,52703
46980,118206
46980,87652
46980,34221
46980,37540
46980,137976
46980,63417
46980,28132
46980,135028
46980,106307
46980,20022
46980,56573
46980,37330
46980,61011
46980,16325
46980,31038
46980,123898
46980,56697
46981,30757
46981,99741
46981,82267
46981,2546
46981,106606
46981,124699
46981,30017
46981,103749
46981,72227
46981,86816
46981,61598
46981,57276
46981,56497
46981,93179
46981,10439
46981,63495
46981,132811
46981,11603
46981,80682
46981,138354
46984,106230
46984,56917
46984,70887
46984,57934
46984,106421
46984,99314
46984,64872
46984,87154
46984,72631
46984,70624
46984,34852
46984,57125
46984,82789
46984,123709
46984,88616
46984,134288
46984,93594
46984,5132
46984,14024
46984,24984
46984,7895
46984,35010
46984,25979
46984,69171
46984,1211
46984,123584
46984,33509
46984,8312
46984,31962
46984,125822
46984,8374
46984,52263
46984,42171
46985,5355
46985,30762
46985,56911
46985,94203
46985,130141
46985,110269
46985,41423
46985,47637
46985,99726
46985,17493
46985,100206
46985,25370
46985,29265
46985,124279
46985,19438
46985,81879
46985,40335
46985,88905
46985,73816
46985,140450
46985,53857
46985,135274
46985,90078
46985,140724
46985,37813
46985,118207
46985,92257
46985,8983
46985,67810
46985,43266
46985,118353
46986,62762
46986,63916
46986,56254
46986,118314
46986,30950
46986,107485
46986,35817
46986,105538
46986,31336
46986,115026
46986,2818
46986,120317
46986,118641
46986,73173
46986,5598
46986,18053
46986,98159
46986,448
46986,117144
46986,105403
46986,30470
46986,58037
46986,103515
46986,5607
46986,74288
46986,39284
46986,140030
46986,77081
46987,77139
46987,133900
46987,27527
46987,121371
46987,81058
46987,83604
46987,81816
46987,31373
46987,26776
46988,101538
46988,106338
46988,93102
46988,87298
46988,33649
46988,136778
46988,89715
46988,67975
46988,110438
46988,67968
46988,26467
46988,138702
46988,62941
46988,14228
46988,13009
46988,77001
46988,49467
46988,118231
46988,30215
46988,16217
46988,105991
46988,23553
46988,105543
46988,11659
46988,125210
46988,89791
46988,61103
46988,224
46988,1900
46988,87397
46988,45134
46989,12328
46989,24350
46989,113832
46989,32901
46989,110474
46989,9965
46989,93402
46989,27574
46989,11661
46989,45824
46989,83346
46989,43949
46989,106346
46989,132574
46989,68483
46989,87692
46989,2950
46989,34048
46989,60633
46989,113071
46989,133470
46989,66874
46989,33198
46989,32254
46989,87326
46989,119801
46989,126342
46989,74122
46989,10403
46989,7852
46990,69276
46990,3893
46990,24406
46990,21533
46990,38937
46990,24644
46990,16823
46990,46256
46990,112359
46990,20197
46990,129727
46990,126050
46990,97789
46990,36484
46990,68819
46990,85922
46990,31084
46990,54680
46990,29738
46990,13323
46990,10805
46990,111664
46990,108752
46990,133631
46990,81963
46990,20298
46990,16424
46990,38228
46990,7793
46990,93074
46990,27405
46991,84566
46991,69485
46991,92240
46991,120079
46991,7185
46991,13331
46991,72405
46991,78639
46991,64650
46991,70574
46991,7074
46991,56003
46991,45298
46991,117285
46991,11112
46991,4652
46991,57433
46991,44155
46991,112617
46991,69554
46991,104818
46991,110278
46991,101694
46991,85547
46991,12208
46991,47139
46991,11689
46991,86479
46992,110367
46992,128762
46992,40258
46992,107159
46992,95887
46992,17090
46992,66332
46992,32952
46992,138239
46992,132830
46992,111523
46992,60651
46992,26338
46992,108208
46992,117200
46992,50222
46992,80213
46992,55208
46992,62865
46992,23522
46992,46955
46992,115700
46992,84967
46992,88884
46992,95871
46992,140289
46992,88708
46992,31638
46992,105848
46992,35509
46994,48280
46994,83259
46994,108068
46994,26327
46994,74437
46994,11243
46994,96289
46994,98640
46994,124466
46994,26448
46994,81395
46994,86100
46994,42534
46994,60170
46994,96118
46994,62784
46994,11220
46994,72289
46994,88255
46994,52109
46994,28404
46994,114639
46994,13072
46994,132898
46994,134578
46994,69923
46994,45525
46994,65917
46994,62524
46994,79614
46994,42098
46994,109120
46996,33150
46996,57897
46996,14347
46996,54603
46996,23976
46996,130134
46996,82655
46996,4298
46996,20199
46996,62306
46996,2445
46996,135570
46996,81128
46996,51836
46996,21221
46996,134405
46996,19947
46996,115350
46996,70508
46996,119709
46996,92263
46996,82624
46996,98585
46996,104822
46996,131906
46996,91142
46996,13554
46996,140634
46996,73810
46996,124046
46996,121416
46996,51371
46999,37489
46999,65909
46999,33216
46999,85097
46999,93880
46999,62533
46999,113182
46999,96876
46999,121248
46999,76239
46999,132470
46999,60434
46999,42493
46999,50969
46999,101358
46999,17743
47001,114680
47001,28100
47001,49576
47001,65108
47001,66217
47001,87921
47001,124365
47001,125426
47001,9564
47001,96202
47001,95459
47001,31088
47001,71529
47001,96152
47001,106513
47002,111453
47002,104133
47002,132162
47002,23095
47002,13377
47002,13234
47002,139053
47002,61463
47002,6532
47002,60591
47002,108184
47002,78919
47002,8993
47002,43870
47002,109545
47002,63256
47002,113138
47002,99475
47002,58201
47002,118993
47002,135096
47003,129796
47003,104830
47003,8877
47003,58329
47003,134277
47003,35509
47003,8275
47003,107159
47003,106836
47003,62865
47003,35871
47003,44290
47003,66964
47003,76376
47003,6565
47003,104582
47003,38861
47003,9246
47003,55208
47003,115700
47003,88884
47003,95871
47003,5561
47003,27941
47003,105848
47003,83531
47003,109726
47004,101813
47004,32793
47004,48957
47004,96012
47004,66498
47004,58578
47004,136832
47004,73424
47004,54288
47004,13305
47004,135554
47004,112987
47004,102501
47004,89207
47004,21138
47004,79895
47004,115716
47004,137050
47004,81031
47004,129049
47004,131492
47004,65467
47004,76079
47004,107412
47005,123618
47005,108168
47005,12937
47005,81658
47005,30907
47005,52714
47005,85625
47005,21009
47005,121907
47005,139456
47005,49033
47005,63059
47005,79448
47005,65030
47006,17956
47006,117898
47006,38953
47006,136209
47006,119902
47006,85474
47006,40834
47006,49481
47006,93814
47006,52772
47006,46338
47006,117905
47006,29882
47006,105236
47006,88680
47006,81863
47006,119559
47006,123305
47006,73416
47006,59521
47006,25934
47006,2957
47006,40848
47007,81102
47007,15464
47007,102175
47007,66914
47007,52755
47007,128324
47007,20500
47007,34547
47007,117832
47007,128216
47007,119978
47007,22039
47007,78609
47007,42515
47007,99436
47007,45372
47007,68822
47007,96533
47007,654
47007,119309
47007,48971
47007,46204
47007,36418
47007,7288
47007,53948
47007,113173
47007,118852
47007,38831
47007,77868
47007,77041
47008,82021
47008,60786
47008,87102
47008,75541
47008,134821
47008,56817
47008,92519
47008,7622
47008,77121
47008,85270
47008,26128
47008,44987
47008,51289
47008,13953
47008,35811
47008,135557
47008,130655
47008,33901
47008,87777
47008,46686
47008,82333
47008,135289
47008,4618
47008,72820
47008,44744
47008,24982
47008,69387
47008,4367
47008,135977
47009,126818
47009,93741
47009,121049
47009,43028
47009,47392
47009,77959
47009,79240
47009,118916
47009,70302
47009,53454
47009,44883
47009,115106
47009,16467
47009,51616
47009,126652
47009,66917
47009,21198
47009,72449
47010,118750
47010,42245
47010,13062
47010,104802
47010,12846
47010,86160
47010,87106
47012,108968
47012,48186
47012,119666
47012,5738
47012,41275
47012,72975
47012,6585
47012,110133
47012,41273
47012,119470
47012,69543
47012,54977
47012,125608
47012,29116
47012,106285
47012,127899
47012,115768
47012,122323
47012,16965
47012,30990
47012,76084
47012,17226
47012,76014
47012,23092
47012,95736
47012,94781
47012,6860
47012,66271
47012,32982
47012,132535
47012,101066
47015,20544
47015,118842
47015,30463
47015,7280
47015,44158
47015,117362
47015,16264
47015,83233
47015,130526
47015,3990
47015,91267
47015,85402
47015,31226
47015,108951
47015,136352
47015,72152
47018,135741
47018,113318
47018,32317
47018,45264
47018,126163
47018,62826
47018,137648
47018,133909
47018,90679
47018,84319
47018,87255
47018,126842
47018,64031
47018,3194
47018,62148
47018,42000
47018,131896
47018,102998
47018,44338
47024,110874
47024,86917
47024,37253
47024,83378
47024,2786
47024,103247
47024,34419
47024,137793
47024,17461
47024,41242
47024,122950
47024,66811
47024,117327
47024,23736
47024,53677
47024,115841
47024,128082
47024,91080
47024,82496
47024,91785
47024,37181
47024,46933
47024,98728
47024,43524
47024,136017
47024,100837
47024,86779
47024,42388
47024,35476
47024,77597
47024,55100
47026,80259
47026,52111
47026,63171
47026,140816
47026,124443
47026,34824
47026,110328
47026,132771
47026,51809
47026,16815
47026,8685
47026,75995
47026,78345
47026,66893
47026,9188
47026,17998
47026,134269
47026,2787
47026,140570
47026,29182
47026,52057
47026,120267
47026,84635
47026,96707
47026,134633
47026,12808
47026,132659
47026,91906
47026,132563
47026,38710
47026,123449
47026,79338
47027,68217
47027,6926
47027,72240
47027,52822
47027,116086
47027,24613
47027,119673
47028,25476
47028,30593
47028,59546
47028,126665
47028,101984
47028,25075
47028,30338
47028,11102
47030,137207
47030,61416
47030,134696
47030,59736
47030,100086
47030,124945
47030,129893
47030,12285
47030,133021
47030,135945
47030,34875
47030,41755
47030,68302
47030,66950
47030,24541
47030,28765
47030,115597
47030,104406
47030,73007
47030,82505
47030,135630
47031,38910
47031,91264
47031,33982
47031,126301
47031,89638
47031,60562
47032,137997
47032,35223
47032,124342
47032,21018
47032,104517
47032,116942
47032,59781
47032,60846
47032,59657
47032,38419
47032,14082
47032,26248
47032,24545
47032,117294
47032,122112
47032,60468
47032,46274
47032,94455
47032,77795
47032,40279
47034,21362
47034,58464
47034,53533
47034,61720
47034,39019
47034,119784
47034,9752
47034,2959
47034,110218
47034,715
47034,54077
47034,120509
47034,24242
47034,72955
47034,6718
47034,32410
47034,117971
47034,3279
47034,72121
47034,135439
47034,95563
47034,46526
47034,30931
47034,74283
47034,113576
47034,16715
47034,28805
47034,44736
47034,111649
47034,42181
47034,21946
47034,61840
47034,99722
47034,61135
47035,131159
47035,57419
47035,131620
47035,106528
47035,103641
47035,17245
47035,99290
47035,135443
47035,48336
47035,40643
47035,69079
47035,110846
47035,128000
47035,16555
47035,102771
47035,3255
47035,12100
47035,27427
47035,110587
47036,53336
47036,17589
47036,123081
47036,99442
47036,85220
47036,63710
47036,138279
47036,43892
47036,21114
47036,67216
47036,3069
47036,1594
47036,55379
47036,6272
47036,80065
47036,33931
47036,60125
47036,5351
47036,50840
47036,55628
47036,82902
47036,2169
47038,65836
47038,24841
47038,6902
47038,110431
47038,75156
47038,59568
47038,33626
47038,77349
47038,106232
47038,24038
47038,6749
47038,40364
47038,795
47038,131942
47038,14365
47038,41533
47038,110262
47038,127590
47039,60590
47039,134210
47039,101024
47039,102731
47039,85724
47039,60048
47039,7611
47039,89496
47039,98098
47039,99645
47039,78246
47039,133243
47039,91497
47039,50298
47039,44743
47039,102498
47039,110105
47040,129900
47040,104546
47040,95085
47040,117509
47040,112601
47040,38898
47040,71174
47040,66560
47040,135423
47040,78276
47040,130559
47040,42981
47040,21344
47040,99130
47040,27192
47040,120242
47040,92965
47040,81199
47040,102752
47040,21708
47040,52199
47040,122060
47040,18255
47040,83043
47040,26006
47040,102633
47040,98860
47040,16745
47040,41066
47040,107404
47040,8409
47040,17880
47042,24545
47042,114932
47042,21018
47042,124342
47042,37818
47042,90845
47042,70177
47042,77089
47042,104517
47042,134323
47042,14082
47042,35223
47042,38419
47042,134154
47042,49656
47042,40279
47042,26248
47042,90809
47042,68420
47042,94455
47042,46274
47042,131892
47042,78500
47042,60846
47042,122112
47042,57952
47042,29633
47042,38904
47042,125083
47042,77795
47042,60468
47042,117294
47042,59657
47043,130075
47043,27811
47043,40992
47043,18810
47043,66514
47043,77019
47043,108425
47048,87293
47048,12808
47048,138004
47048,6397
47048,95222
47048,58277
47048,29182
47048,80259
47048,124443
47048,79338
47048,93123
47048,86522
47048,105104
47048,133499
47048,36335
47048,43369
47048,134633
47048,127475
47048,10188
47048,118038
47048,38710
47048,69424
47048,96707
47048,66737
47048,58167
47048,132563
47048,38329
47048,91906
47048,2787
47048,36863
47048,123449
47048,66893
47048,55360
47051,89794
47051,65297
47051,86258
47051,85369
47051,100370
47051,64471
47051,22768
47051,48989
47051,127652
47051,123046
47051,131086
47051,58911
47051,97690
47051,50529
47051,84734
47051,128401
47051,7130
47051,83171
47051,9672
47051,56896
47051,84111
47051,80038
47051,51945
47051,129781
47052,45449
47052,128251
47052,52487
47052,36331
47052,117267
47052,33022
47052,15662
47052,113183
47052,19265
47052,103457
47052,59590
47052,35123
47052,101905
47052,127402
47052,29989
47052,46497
47052,57846
47052,6652
47052,54994
47052,29028
47052,135005
47052,135396
47052,28433
47052,43698
47052,63164
47052,138846
47052,129857
47052,54775
47052,31111
47052,16630
47052,125075
47052,92950
47052,636
47053,120466
47053,106919
47053,30304
47053,67607
47053,53917
47053,44484
47053,37731
47053,41151
47053,8150
47053,24960
47053,101143
47053,67351
47053,69678
47053,86032
47053,122819
47053,77060
47053,70938
47053,63285
47053,17054
47053,56638
47053,109972
47054,23253
47054,139531
47054,32731
47054,104315
47054,106078
47054,101405
47054,45093
47054,63025
47054,87082
47054,23948
47054,60569
47054,138666
47054,122507
47054,44871
47054,17659
47054,111443
47054,136263
47054,12619
47054,41513
47054,77171
47054,113181
47054,97458
47054,54329
47054,18909
47054,18454
47054,88047
47054,35512
47054,45975
47054,93464
47054,49508
47054,126389
47054,129206
47054,133553
47055,118129
47055,58041
47055,75373
47055,126560
47055,65044
47055,71179
47055,61507
47055,99362
47055,94951
47055,139316
47055,19450
47055,55111
47055,90585
47055,88480
47055,69332
47055,80491
47055,43159
47055,2746
47055,25972
47055,12138
47055,11423
47055,125751
47055,25532
47055,41796
47055,26721
47055,8189
47055,36229
47055,9532
47055,128932
47055,37972
47055,111819
47056,13725
47056,53629
47056,116662
47056,113716
47056,82786
47056,47688
47056,138542
47056,14289
47056,34523
47056,24943
47056,10000
47056,59026
47056,75453
47056,57136
47056,19952
47056,10836
47056,65999
47056,101768
47056,89554
47058,130023
47058,24692
47058,116752
47058,119987
47058,69161
47058,46018
47058,122811
47058,120945
47058,46323
47058,135973
47058,123042
47058,124752
47058,1425
47058,51582
47058,13052
47058,128392
47058,11901
47060,125881
47060,58957
47060,83567
47060,119716
47060,46611
47060,66621
47060,133674
47060,11394
47060,7341
47060,49532
47060,121178
47060,84829
47060,68972
47060,12110
47060,24323
47060,44515
47060,3855
47060,17800
47060,28526
47060,139545
47060,109276
47060,12241
47060,19081
47060,125387
47060,32483
47060,76384
47060,80782
47063,69063
47063,109763
47063,93608
47063,85099
47063,104814
47063,115298
47063,52536
47063,5384
47063,23348
47063,23936
47063,9191
47063,95707
47063,28814
47063,89210
47063,28955
47063,72088
47063,14026
47066,50094
47066,90166
47066,13232
47066,128350
47066,85495
47066,85231
47066,86218
47066,128643
47066,41071
47066,90648
47066,44362
47066,109370
47066,87355
47066,67254
47066,91389
47066,78973
47066,138105
47066,75121
47066,53747
47066,73553
47066,126730
47066,8242
47066,1021
47066,91125
47066,91664
47066,93656
47066,10336
47066,39115
47066,34339
47066,19688
47067,21150
47067,2899
47067,114177
47067,74482
47067,75807
47067,47543
47067,35504
47067,121275
47067,25746
47067,51555
47067,128677
47067,52095
47067,88988
47067,90665
47067,21805
47067,98900
47067,51653
47067,129861
47067,84333
47067,100473
47067,12455
47067,55158
47067,25223
47067,31381
47067,5988
47067,55109
47067,90509
47067,112519
47067,11838
47067,73951
47067,134613
47067,132264
47068,136712
47068,55345
47068,105650
47068,103741
47068,29882
47069,22914
47069,46586
47069,101342
47069,5385
47069,130406
47069,7422
47069,119703
47069,129373
47069,128724
47069,65864
47069,85530
47069,80449
47069,41754
47069,60971
47069,5884
47069,20640
47069,68690
47069,8139
47069,85744
47069,9281
47069,74972
47069,48723
47069,11639
47069,32758
47069,84415
47071,95962
47071,134996
47071,34820
47071,3938
47071,138360
47071,3713
47071,58319
47071,1591
47071,74169
47071,76996
47071,33882
47071,118980
47071,125891
47071,115796
47071,100023
47071,109138
47071,65313
47071,77629
47071,114107
47071,68313
47071,43044
47071,130645
47071,74108
47071,35502
47071,107727
47071,99482
47071,39189
47071,15970
47071,2454
47071,18612
47071,124949
47071,123800
47072,14680
47072,20065
47072,100131
47072,101829
47072,1585
47072,62574
47072,128301
47072,33911
47072,69402
47072,73439
47072,33220
47072,47510
47072,58514
47072,89979
47072,104518
47075,33406
47075,83668
47075,82433
47075,98246
47075,69684
47075,129105
47075,111240
47075,30408
47075,88072
47075,43481
47075,51019
47075,56766
47075,94653
47075,76463
47075,757
47075,59075
47075,120684
47075,107519
47075,99957
47075,115385
47075,31240
47075,155
47075,95731
47075,110078
47075,57725
47075,81132
47075,123198
47075,77131
47075,2318
47075,77069
47076,14169
47076,42177
47076,5910
47076,137468
47076,75844
47076,77509
47076,62181
47076,115602
47076,20551
47076,97587
47076,76199
47076,24391
47076,61325
47076,128390
47076,94591
47076,105988
47076,64332
47076,72892
47076,72553
47076,69938
47076,128140
47076,130582
47076,26705
47076,49396
47076,42842
47076,47031
47076,97071
47079,34869
47079,131840
47079,106340
47079,20016
47079,124659
47079,68874
47079,94485
47080,99851
47080,10920
47080,14107
47080,131978
47080,48967
47080,126904
47080,50646
47080,118792
47080,93278
47080,8041
47080,121306
47080,106995
47080,36899
47080,57303
47080,85520
47080,126326
47080,135743
47080,21458
47080,114989
47080,54313
47080,100744
47080,121736
47080,121714
47080,134491
47080,63162
47080,4221
47080,75374
47080,126952
47080,18627
47080,69173
47080,30026
47080,39210
47080,126643
47083,84957
47083,43575
47083,43849
47083,123239
47083,131645
47083,75251
47083,106918
47083,76171
47083,115908
47083,56825
47083,105017
47083,62142
47083,57948
47083,53866
47083,98092
47083,69420
47083,17478
47083,127400
47083,69256
47083,118410
47083,46527
47083,93869
47083,72681
47083,32015
47083,46161
47083,1231
47083,98214
47083,52394
47083,65085
47083,22063
47084,111719
47084,11297
47084,57690
47084,116889
47084,248
47084,115718
47084,91601
47084,89878
47084,132045
47084,136469
47084,17642
47084,100585
47084,38161
47084,116063
47084,140202
47084,27617
47084,125343
47084,88671
47084,135249
47084,32834
47084,13139
47084,39503
47084,41484
47084,11957
47084,102251
47084,55264
47084,98465
47084,28414
47084,60274
47084,9801
47084,12346
47084,108094
47084,40412
47087,126809
47087,70987
47087,139464
47087,102503
47087,35070
47087,77071
47087,132979
47087,134166
47087,20798
47087,72885
47087,31459
47087,93719
47087,83343
47087,30277
47087,78875
47087,116974
47087,64975
47087,84191
47087,73241
47088,59249
47088,64935
47088,31374
47088,123621
47088,65514
47088,50115
47088,53216
47088,60827
47088,49512
47088,674
47088,105030
47088,2576
47088,136606
47088,90792
47088,62284
47088,65844
47088,126525
47088,56022
47088,118010
47088,75622
47088,108706
47088,122323
47088,91802
47088,14101
47088,13005
47088,101997
47088,119028
47088,62570
47088,102261
47088,17603
47088,30840
47088,15013
47089,48380
47089,30890
47089,38828
47089,98990
47089,101170
47089,36675
47089,99788
47089,20114
47089,36142
47089,41325
47089,2136
47089,77151
47089,68049
47089,57098
47089,77332
47089,46906
47089,78794
47089,79919
47089,15571
47089,125772
47089,120316
47089,97732
47089,74658
47089,14426
47089,135146
47089,137992
47089,126910
47089,107736
47089,59572
47089,77291
47090,13996
47090,75704
47090,100852
47090,72185
47090,69294
47090,79225
47090,26804
47090,65557
47090,100913
47090,25121
47090,18016
47090,17890
47090,120960
47090,86760
47090,72909
47090,9392
47090,125440
47090,34187
47090,101128
47090,14009
47090,82482
47090,40937
47090,38183
47090,37278
47090,50188
47090,109409
47090,57905
47090,35767
47090,116043
47090,75069
47090,4940
47090,78169
47090,66769
47092,110154
47092,82238
47092,99449
47092,36047
47092,132211
47092,50460
47092,109107
47092,7170
47092,23524
47092,125522
47092,115103
47092,127306
47092,73863
47092,54854
47092,72541
47092,28901
47092,1051
47092,37177
47092,111504
47092,24753
47092,505
47092,79498
47092,28515
47092,122877
47092,105110
47092,54904
47094,97997
47094,58544
47094,52276
47094,52691
47094,112796
47094,45277
47094,96914
47094,83080
47094,93886
47094,94579
47094,38107
47094,130089
47094,129260
47094,117124
47094,122762
47094,20838
47094,105212
47094,117930
47094,117626
47094,80231
47094,33525
47094,112666
47094,10233
47094,11325
47094,51322
47094,114302
47094,138000
47094,3157
47094,138592
47094,129338
47095,62561
47095,85601
47095,16711
47095,59780
47095,137426
47095,105271
47095,74514
47095,87789
47095,55012
47095,81936
47095,80293
47095,66666
47095,45938
47095,101317
47095,14066
47095,133127
47095,14726
47095,53498
47095,121701
47095,78190
47095,115258
47095,4386
47095,91981
47095,139716
47095,93870
47095,20857
47095,49652
47095,23684
47097,72491
47097,50021
47097,140203
47097,54693
47097,62568
47097,73702
47097,114384
47097,43842
47097,61636
47097,59449
47097,78441
47097,62876
47097,108969
47097,35478
47097,113012
47097,15971
47097,9059
47097,139748
47097,32343
47097,109998
47097,129738
47097,40821
47097,91289
47097,75719
47097,25320
47097,139415
47097,38529
47097,88788
47097,38133
47097,128340
47097,2439
47098,33167
47098,51111
47098,79020
47098,5902
47098,65825
47098,84641
47098,103522
47098,22031
47098,13581
47098,84457
47098,6870
47098,102610
47098,29740
47098,95703
47098,93761
47098,114295
47098,89643
47098,88366
47098,5841
47098,80898
47098,113889
47098,47442
47098,38843
47098,46409
47098,131436
47098,94383
47101,115064
47101,82138
47101,22435
47101,137190
47101,104772
47101,87856
47101,73397
47101,93987
47101,129287
47101,40863
47101,131187
47101,50156
47101,114875
47101,93449
47101,7535
47101,47772
47101,32
47101,68669
47101,138812
47101,17917
47101,5092
47101,19722
47101,40853
47101,70866
47101,28674
47101,20754
47101,20658
47102,54739
47102,119002
47102,94241
47102,138290
47102,115994
47102,6400
47102,94850
47102,44213
47102,64017
47102,50366
47102,135946
47102,133846
47102,25027
47102,37339
47102,97517
47102,53443
47102,76755
47102,138973
47102,69149
47102,24654
47102,114201
47102,978
47102,121614
47102,19965
47102,82967
47102,54795
47102,79141
47102,139974
47102,118722
47102,97430
47102,105745
47102,10494
47103,5835
47103,132832
47103,5989
47103,95900
47103,63983
47103,57016
47103,91449
47103,136493
47103,137465
47103,34070
47103,121429
47103,99795
47103,106986
47103,36765
47105,52005
47105,135091
47105,87885
47105,96400
47105,52080
47105,33108
47105,129468
47105,43862
47105,111225
47105,67542
47105,113851
47105,77628
47105,40669
47105,16253
47105,3411
47105,123215
47105,97699
47106,98108
47106,66232
47106,84748
47106,75572
47106,123027
47106,32941
47106,40871
47106,83413
47106,132661
47106,76148
47106,89262
47106,7123
47106,117904
47106,88506
47106,4976
47106,58717
47106,4023
47106,97772
47106,83307
47106,34109
47106,16987
47106,72150
47106,49129
47106,26122
47106,95492
47106,109732
47106,120551
47106,107806
47106,131292
47106,46802
47106,52736
47106,28110
47107,104547
47107,22668
47107,98565
47107,38824
47107,56784
47107,139396
47107,107080
47107,128856
47107,14408
47107,10248
47107,4092
47107,95656
47107,17617
47107,113965
47107,67092
47107,86906
47107,52761
47107,93251
47107,42914
47107,41883
47107,74446
47107,132376
47110,87975
47110,56428
47110,28916
47110,94888
47110,17091
47110,101221
47110,106149
47110,107314
47110,63617
47110,103924
47110,28249
47110,121334
47110,51479
47110,131538
47110,25397
47110,115898
47110,11395
47110,30586
47110,56906
47110,5395
47110,81819
47110,32665
47110,101115
47110,5424
47110,125147
47110,98774
47110,66772
47110,39962
47110,106875
47110,8108
47110,10084
47110,21199
47112,38117
47112,52420
47112,106999
47112,96294
47112,139655
47112,99533
47112,18180
47112,100952
47112,72788
47112,2795
47112,15372
47112,74814
47112,88269
47112,6548
47112,100256
47112,59477
47112,138255
47112,96992
47112,3348
47112,57955
47112,71146
47112,4434
47112,64303
47112,95239
47112,63814
47112,27629
47112,25789
47112,40567
47112,34722
47112,96378
47112,111469
47112,28115
47112,88358
47113,118766
47113,135551
47113,61695
47113,45896
47113,107846
47113,23552
47113,118800
47113,42693
47113,24519
47113,86928
47113,16826
47113,134686
47113,22471
47113,65860
47113,13674
47113,90770
47113,100081
47113,132817
47113,70683
47113,21443
47113,74882
47113,39355
47113,81720
47113,32114
47113,139719
47113,67161
47113,68601
47113,560
47113,10418
47113,47556
47113,135726
47113,91620
47113,108213
47115,77109
47115,27711
47115,97615
47115,44197
47115,92698
47115,87796
47115,5090
47115,41585
47115,79534
47115,121586
47115,42875
47115,131345
47115,74276
47115,121287
47115,20533
47115,119322
47115,5103
47115,73912
47115,31945
47115,130968
47115,40463
47115,41368
47115,110963
47115,31442
47115,99894
47115,134786
47115,121665
47115,135195
47115,33163
47117,132162
47117,139053
47117,6532
47117,60591
47117,78919
47117,108184
47117,8993
47117,43870
47117,109545
47117,63256
47117,58201
47117,118993
47120,132979
47120,88187
47120,78875
47120,27416
47120,70987
47120,54723
47120,77071
47120,138974
47120,33758
47120,102503
47120,89529
47120,35070
47120,20798
47120,3427
47120,77061
47120,65651
47120,66026
47120,31459
47120,55247
47120,4834
47120,124503
47120,469
47120,80919
47120,43441
47120,72885
47120,73241
47120,84191
47120,116974
47120,123828
47120,85861
47120,138203
47122,48186
47122,138997
47122,53791
47122,62926
47122,121229
47122,90562
47122,29116
47122,34485
47122,78653
47122,90185
47122,18870
47122,97660
47122,80647
47122,70737
47122,112915
47122,12865
47122,18560
47122,107639
47122,57857
47122,130915
47122,131537
47122,10949
47122,14533
47122,106993
47122,70299
47122,24897
47122,52864
47122,132535
47122,114104
47122,91477
47122,73310
47122,33370
47123,22578
47123,55791
47123,30618
47123,134232
47123,10107
47123,32358
47123,137751
47123,112479
47123,126899
47123,34020
47123,106236
47123,108751
47123,121350
47123,27699
47123,77856
47123,112101
47123,98323
47123,139917
47123,130258
47123,134086
47123,82404
47123,94194
47123,92611
47123,5286
47123,10763
47123,124234
47123,62326
47123,58217
47123,66606
47123,121101
47123,134883
47124,120963
47124,123487
47124,110950
47124,105585
47124,87638
47124,93058
47124,32209
47124,125278
47126,72185
47126,100913
47126,10352
47126,17853
47126,13061
47126,45928
47126,122795
47126,85754
47126,35767
47126,68904
47126,81442
47126,69318
47126,50188
47126,137541
47126,14009
47126,68517
47126,57089
47126,54922
47126,60579
47126,72601
47126,102461
47126,119202
47126,99641
47126,20299
47126,114305
47126,125440
47126,4989
47126,39040
47126,74277
47126,99529
47126,123666
47126,83745
47126,89148
47127,127464
47127,69886
47127,5608
47127,17115
47127,2015
47127,17678
47127,56620
47127,65572
47127,102008
47127,112825
47127,89172
47127,24495
47127,120039
47127,91686
47128,133943
47128,93974
47128,114678
47128,119527
47128,24041
47128,4080
47128,92090
47128,31582
47128,111838
47128,38091
47128,137327
47128,138575
47128,35932
47128,94261
47128,78572
47128,131880
47128,112345
47128,110258
47128,86188
47128,79437
47128,20937
47128,38981
47128,121965
47128,131894
47128,66475
47128,52515
47128,135437
47128,113731
47128,25141
47128,95095
47128,43882
47128,78549
47128,110830
47128,11524
47129,12983
47129,64003
47129,126149
47129,54733
47129,50039
47129,28736
47129,105395
47129,125412
47129,38270
47129,1460
47129,51374
47129,60957
47129,127120
47129,30
47129,31744
47129,111943
47129,30716
47129,71846
47129,76709
47129,123166
47129,27153
47129,78242
47129,121853
47129,42242
47129,121681
47129,121175
47129,74348
47130,90768
47130,106313
47130,8781
47130,95559
47130,75660
47130,101462
47130,86872
47130,78654
47130,90631
47130,133230
47130,134887
47130,137215
47130,86329
47132,83453
47132,48277
47132,107012
47132,103658
47132,121880
47132,92705
47132,37600
47132,114234
47132,18443
47132,89577
47132,97508
47132,27078
47132,138018
47132,85953
47132,94663
47132,26901
47132,62586
47132,118631
47132,83466
47132,17139
47132,1166
47132,31456
47132,60726
47132,57459
47132,121157
47132,4386
47132,60728
47132,137701
47132,20249
47132,27294
47132,114593
47135,35251
47135,116291
47135,598
47135,43213
47135,61820
47135,126713
47135,51030
47135,125647
47135,75372
47135,106192
47135,41054
47135,71291
47135,45280
47135,51266
47135,8357
47135,20900
47135,56177
47135,77218
47135,67625
47135,83469
47135,60548
47135,64449
47135,51196
47135,88177
47135,61874
47135,43775
47135,130254
47135,103486
47135,29676
47135,111635
47135,63882
47135,117865
47138,70616
47138,46290
47138,94225
47138,6263
47138,53184
47138,61208
47138,126923
47138,126682
47138,105512
47138,113990
47138,42130
47138,36642
47138,9195
47138,135366
47138,120898
47138,138364
47138,102159
47138,62828
47138,9556
47138,106381
47138,23536
47138,111655
47138,123907
47138,36766
47138,93053
47138,101644
47138,116244
47138,106118
47139,93925
47139,65771
47139,58664
47139,67871
47139,119377
47139,54497
47139,17560
47139,106972
47139,102840
47139,89639
47139,24462
47139,130569
47139,76359
47139,131475
47139,134396
47139,126593
47139,75012
47139,45489
47139,29996
47139,12706
47139,134911
47139,72078
47139,138280
47139,114486
47139,124693
47139,7996
47139,16458
47142,66095
47142,89006
47142,101782
47142,17795
47142,66890
47142,82886
47142,11331
47142,104381
47142,96552
47142,10908
47142,65189
47142,56046
47142,34740
47142,136312
47142,114701
47142,23984
47142,90634
47142,83713
47142,59314
47143,111804
47143,93998
47143,74003
47143,122830
47143,68074
47143,59846
47143,85883
47143,55884
47143,64469
47143,48599
47145,91389
47145,123429
47145,90298
47145,101260
47145,117218
47145,100742
47145,122322
47145,57996
47146,124447
47146,99746
47146,286
47146,82619
47146,55551
47146,126308
47146,74471
47146,96385
47146,137526
47146,133688
47146,131303
47146,140769
47146,86219
47146,74454
47146,106512
47146,89300
47146,119221
47146,131743
47146,118199
47146,67638
47146,93794
47146,101124
47146,119629
47147,79275
47147,120924
47147,96870
47147,2246
47147,37924
47148,52683
47148,72731
47148,80422
47148,5505
47148,110663
47148,126818
47148,121049
47148,118916
47148,43028
47148,23661
47148,125656
47148,16499
47148,90380
47148,79240
47148,98851
47148,25564
47148,113169
47148,137498
47148,93741
47148,103935
47148,119316
47148,66917
47148,78649
47148,40596
47148,53454
47148,70302
47148,16467
47148,15802
47148,44170
47148,15945
47148,361
47148,107721
47150,103952
47150,99479
47150,58652
47150,6663
47150,119596
47150,77175
47150,49562
47150,31804
47150,34262
47150,123551
47150,106184
47150,9829
47150,134413
47150,21880
47150,138123
47150,63073
47150,110515
47150,118203
47150,55183
47150,83751
47150,104071
47150,102488
47150,31095
47150,58772
47150,87485
47150,25215
47150,15536
47150,126395
47150,3387
47150,10270
47152,13449
47152,84746
47152,125035
47152,8759
47152,44957
47152,88406
47152,65242
47152,1709
47152,122772
47152,114182
47152,52945
47152,23072
47152,133977
47152,31026
47152,100842
47152,109630
47152,92824
47152,31165
47152,47040
47152,67637
47152,77241
47152,79005
47152,64954
47152,91242
47152,117143
47152,81292
47152,7632
47152,23304
47153,132991
47153,127729
47153,81315
47153,55952
47153,10595
47153,37557
47153,53519
47153,140374
47153,109684
47153,123846
47153,403
47153,20519
47153,131393
47153,131534
47153,2302
47153,106196
47153,21835
47153,75348
47153,136367
47153,385
47153,57995
47153,59323
47153,60267
47153,777
47153,22193
47153,64004
47153,39120
47153,1247
47153,115134
47153,26274
47153,108946
47153,51434
47155,60785
47155,19166
47155,114559
47155,97724
47155,127310
47155,116080
47155,133599
47155,440
47155,78276
47155,107732
47155,137360
47155,59976
47155,53290
47155,129900
47155,30992
47155,99130
47155,57592
47155,83473
47155,87698
47155,134836
47155,91343
47155,84552
47155,34241
47155,21708
47155,51731
47155,87006
47155,14669
47155,72177
47155,114733
47155,104257
47155,99970
47156,112237
47156,137863
47156,111326
47156,65019
47156,23413
47156,82435
47156,117352
47156,885
47156,55012
47156,87307
47156,113505
47156,19859
47156,64148
47156,113155
47156,86682
47156,47737
47156,32760
47156,131155
47156,72292
47156,50789
47156,124556
47156,72516
47156,74389
47156,57075
47156,95861
47156,74322
47156,42910
47156,63537
47156,139546
47156,116415
47156,86846
47157,128053
47157,47327
47157,94226
47157,102460
47157,106417
47157,110746
47157,96145
47157,39674
47157,22449
47157,139423
47157,91
47157,78547
47157,58319
47157,84704
47157,67177
47157,3285
47157,101104
47157,122342
47157,118980
47157,17394
47157,99997
47157,73977
47157,27854
47157,132428
47157,11166
47157,19333
47157,74108
47157,84159
47157,98695
47157,32549
47157,33882
47157,104261
47157,68101
47158,27476
47158,599
47158,66104
47158,125045
47158,76007
47158,47408
47158,19775
47158,46562
47158,34609
47158,65175
47158,66042
47158,68588
47158,112980
47158,64067
47158,136276
47158,38911
47158,98411
47158,121213
47158,25439
47158,39817
47158,7189
47158,99429
47158,121004
47158,89023
47158,107780
47158,56074
47158,71000
47158,66497
47158,129565
47158,84425
47158,74584
47158,16490
47158,85540
47159,103161
47159,127067
47159,42676
47159,89173
47159,125800
47159,21349
47159,109166
47159,44831
47159,87500
47159,18886
47159,135550
47159,32027
47159,123252
47159,138998
47159,119651
47159,123554
47159,25015
47159,29249
47159,66320
47159,9272
47162,21475
47162,110073
47162,30195
47162,84443
47162,132932
47162,59629
47162,16004
47162,136283
47162,21666
47162,123319
47162,29250
47162,5410
47162,16728
47162,125358
47162,110921
47162,114448
47162,72908
47162,89426
47162,132566
47162,67043
47162,105769
47162,103235
47162,95858
47162,135193
47162,102196
47162,26530
47162,129606
47162,42717
47162,99626
47162,126151
47162,73045
47162,37999
47162,35848
47163,77759
47163,127077
47163,65964
47163,112265
47163,133524
47163,86932
47163,120805
47163,43151
47163,11265
47163,42378
47163,84225
47163,133857
47163,110851
47163,50034
47163,122453
47163,110450
47163,6710
47163,62666
47163,61188
47163,19378
47163,98144
47163,49669
47163,125975
47163,66230
47163,64264
47163,90743
47163,35488
47163,86776
47163,117247
47163,53517
47163,134855
47163,73112
47165,111942
47165,119968
47165,91510
47165,57060
47165,120936
47165,87177
47165,79046
47165,138383
47165,66796
47165,93259
47165,51008
47165,41621
47165,93810
47165,76564
47165,140512
47165,7813
47165,74001
47165,108243
47165,140805
47165,80810
47165,9432
47165,127833
47165,140384
47168,45449
47168,19265
47168,128251
47168,49713
47168,135414
47168,18631
47168,36331
47168,52487
47168,10110
47168,30684
47168,22588
47168,117267
47168,130289
47168,109559
47168,59590
47168,50680
47168,113183
47168,45950
47168,29028
47168,135156
47168,63870
47168,46497
47168,15662
47168,35008
47168,16428
47168,63164
47168,108733
47168,129857
47168,54994
47168,11582
47168,57846
47168,56904
47171,53168
47171,19071
47171,67012
47171,70297
47171,61864
47171,130093
47171,30835
47171,45249
47171,17449
47171,65850
47171,138062
47171,73097
47171,121407
47171,92421
47171,5155
47171,127420
47171,118421
47171,67094
47171,42390
47171,22025
47171,48383
47172,6300
47172,85833
47172,50890
47172,5710
47172,136159
47172,60458
47172,20362
47172,66702
47172,719
47172,118937
47172,140132
47172,30627
47172,24311
47172,46153
47172,44693
47172,63457
47172,21721
47172,91834
47172,130699
47172,112063
47172,27817
47172,77583
47172,97305
47172,37798
47172,55303
47172,9052
47172,111856
47172,97061
47172,55688
47172,139502
47172,17170
47172,90723
47172,16020
47174,101342
47174,22914
47174,5385
47174,119703
47174,88192
47174,65864
47174,80449
47174,46586
47174,41754
47174,130406
47174,7422
47174,5884
47174,20640
47174,85744
47174,9281
47174,8139
47175,130588
47175,105549
47175,109669
47175,2806
47175,134852
47175,22316
47175,135652
47175,70479
47175,130700
47175,131949
47175,120375
47175,38216
47175,111358
47175,40300
47175,40773
47175,73682
47175,94426
47175,65243
47175,86533
47175,61034
47175,3122
47175,59448
47175,50481
47175,101107
47175,44542
47175,116479
47175,30430
47175,36153
47175,63176
47175,31692
47175,75151
47175,103259
47175,1271
47177,81731
47177,77180
47177,138547
47177,59117
47177,119602
47177,46794
47177,3928
47177,87642
47177,75834
47177,81988
47177,116928
47177,99805
47177,97110
47177,127912
47177,124747
47177,114470
47177,105762
47177,3283
47177,21065
47177,38801
47177,123546
47177,27942
47177,27662
47177,9342
47177,72154
47177,32107
47177,15672
47177,93834
47177,111021
47178,41916
47178,122224
47178,112176
47178,69853
47178,129774
47178,139634
47180,60073
47180,103405
47180,113300
47180,1435
47180,79579
47180,63987
47180,20110
47180,91377
47180,88756
47180,94539
47180,80276
47180,66158
47180,113938
47180,132846
47180,80049
47180,139669
47180,64587
47180,108788
47180,101684
47180,87695
47180,67418
47180,11391
47180,97007
47180,9826
47180,37804
47180,69284
47180,82783
47180,76476
47180,25265
47180,104696
47180,102787
47180,24079
47181,131575
47181,21567
47181,76686
47181,34055
47181,126367
47181,105854
47181,22834
47181,77947
47181,29488
47181,117351
47181,138913
47181,29879
47181,44254
47181,93120
47181,61918
47181,51398
47181,71416
47181,84036
47181,28812
47181,76748
47181,84663
47181,83327
47181,77562
47181,17144
47181,130916
47181,12010
47181,61072
47181,53923
47181,19198
47181,118055
47181,139173
47181,69321
47181,127408
47182,126264
47182,3213
47182,61529
47182,135499
47182,105408
47182,70606
47182,56042
47182,84032
47182,38538
47182,7919
47182,60084
47182,111170
47182,80475
47182,23265
47182,10996
47183,122794
47183,121674
47183,76623
47183,27685
47183,3054
47183,24369
47183,52913
47183,132978
47183,69073
47183,140351
47183,115319
47183,108068
47183,115571
47183,11243
47183,74708
47183,40958
47183,71568
47183,31382
47183,134599
47183,116898
47183,134759
47183,23625
47183,79042
47183,72996
47183,52829
47183,3363
47183,119246
47183,65955
47183,56
47183,118848
47183,114736
47183,112957
47183,124678
47184,73386
47184,89521
47184,130810
47184,24163
47184,100458
47185,28495
47185,61695
47185,57648
47185,116211
47185,68282
47185,77504
47185,24519
47185,85430
47185,116176
47185,122589
47185,140120
47185,100081
47185,13499
47185,80034
47185,124191
47185,93654
47185,75125
47185,127297
47185,132817
47185,50215
47185,86928
47185,106222
47185,70035
47185,100238
47185,134823
47185,4780
47185,81451
47185,65860
47185,11948
47185,81720
47185,111775
47185,25036
47187,105408
47187,71181
47187,7919
47187,30878
47187,41278
47187,23268
47187,3213
47187,1230
47187,15994
47187,126657
47187,4875
47187,64762
47187,60084
47187,61529
47187,126719
47187,53494
47187,135499
47187,80475
47187,77935
47187,7880
47187,10996
47187,71376
47187,6439
47187,23212
47187,138600
47187,78838
47187,38725
47187,35264
47187,74754
47187,86639
47187,125311
47187,106262
47189,76509
47189,50648
47189,76265
47189,85405
47189,2871
47189,140231
47189,96832
47189,133320
47190,90628
47190,111369
47190,13742
47190,86073
47190,33871
47190,130874
47190,32647
47190,74131
47190,90713
47190,56966
47190,19801
47190,80518
47190,20340
47190,100326
47190,58752
47190,12916
47190,21146
47190,18546
47190,4970
47190,85243
47190,122973
47190,6748
47190,98364
47190,100719
47190,112639
47190,27501
47190,49365
47190,25991
47190,33927
47191,39486
47191,97047
47191,11271
47191,45735
47191,40395
47191,73141
47191,46448
47191,13784
47191,15647
47191,45418
47191,52122
47191,96770
47191,110600
47191,53111
47191,64610
47191,117535
47193,60073
47193,72693
47193,94539
47193,88756
47193,25265
47193,102787
47193,87695
47193,97007
47193,24079
47193,66158
47195,106421
47195,90920
47195,3775
47195,106230
47195,64872
47195,7377
47195,87490
47195,79106
47195,63604
47195,124778
47195,113402
47195,107028
47195,2906
47195,77574
47195,56917
47195,41400
47195,33509
47195,57125
47195,38758
47195,80579
47195,86989
47195,134288
47195,14024
47195,107087
47195,33067
47195,75795
47195,128155
47195,7895
47195,35010
47195,28517
47195,38064
47195,98719
47195,8374
47198,123396
47198,3059
47198,17612
47198,75100
47198,1275
47198,122108
47198,88781
47198,41059
47198,4042
47198,116269
47198,112530
47198,31635
47198,45988
47198,129777
47198,3911
47198,66875
47198,43217
47198,121028
47198,125550
47198,38350
47198,133552
47199,130140
47199,129301
47199,54855
47199,9383
47199,128855
47199,52377
47199,84593
47199,9333
47199,34632
47199,69776
47199,119827
47199,60619
47199,75494
47199,110653
47199,92556
47199,90469
47199,895
47199,55842
47199,22753
47199,19164
47199,41634
47199,23594
47199,43633
47199,14736
47199,88738
47199,78511
47199,122062
47199,140445
47200,10416
47200,102605
47200,120190
47200,49497
47200,95080
47200,44980
47200,25161
47200,43477
47200,82235
47200,44295
47200,136192
47200,4748
47200,28576
47200,117218
47200,67127
47200,69091
47200,68508
47200,124711
47200,66337
47200,50467
47200,95533
47200,47528
47200,114742
47200,74863
47200,43723
47200,133924
47200,127101
47200,134096
47200,802
47200,120615
47200,30335
47200,97511
47200,115604
47203,8702
47203,63335
47203,122798
47203,127822
47203,119729
47203,121830
47203,29448
47203,132047
47203,23250
47203,22182
47203,23803
47203,29693
47203,65160
47203,54433
47203,40982
47203,19795
47203,69228
47203,50818
47203,42936
47203,124297
47203,109314
47203,27821
47203,26723
47203,7741
47203,26290
47203,130005
47203,79075
47203,58194
47203,86632
47203,126366
47205,90312
47205,20932
47205,6578
47205,82237
47205,55777
47205,55669
47205,29301
47205,4430
47205,51236
47205,88386
47205,59497
47205,19605
47205,89232
47205,131932
47205,109958
47205,17637
47205,45882
47205,136805
47205,25168
47205,56330
47205,116435
47205,118445
47205,28665
47205,26357
47205,6271
47205,102144
47205,117742
47205,1842
47205,100703
47205,62030
47207,105999
47207,74181
47207,84517
47207,102562
47207,78561
47207,37132
47207,137919
47207,125892
47207,2427
47207,12607
47207,120169
47207,33103
47207,23872
47207,36358
47207,26538
47207,20837
47207,10551
47207,133424
47207,20221
47207,59113
47207,62779
47207,15574
47207,94438
47207,94911
47207,115498
47207,10477
47207,31383
47207,23139
47207,34762
47207,58092
47209,53141
47209,72731
47209,36045
47209,56776
47209,88389
47209,115166
47209,36412
47209,25564
47209,57983
47209,46393
47209,71039
47209,13484
47209,139453
47209,5505
47209,105123
47209,110663
47209,13483
47209,23661
47209,90380
47209,51616
47209,2094
47209,92868
47209,62417
47209,78649
47209,122299
47209,64949
47209,113169
47209,53172
47209,131131
47209,17580
47209,66917
47209,119316
47209,107721
47210,14728
47210,120183
47210,74204
47210,112388
47210,39807
47210,11905
47210,12965
47210,6631
47210,63932
47210,110229
47210,66828
47210,43474
47210,132530
47210,94990
47210,86525
47210,18342
47210,124472
47210,78856
47210,102875
47210,23837
47210,55538
47210,48470
47210,82912
47210,130271
47210,8758
47210,63574
47210,124698
47210,15891
47210,118173
47210,39254
47210,13541
47210,23185
47211,124342
47211,137997
47211,24545
47211,14082
47211,104517
47211,21018
47211,116942
47211,38419
47211,35223
47211,26248
47211,60846
47212,85363
47212,30094
47212,134551
47212,114331
47212,122624
47213,35012
47213,85758
47213,140429
47213,125217
47213,137318
47213,118711
47213,23203
47213,14616
47213,125360
47213,116446
47213,98917
47213,100654
47213,95346
47213,69066
47213,102892
47213,73023
47213,38124
47213,125669
47213,109066
47213,36249
47213,75382
47213,43163
47213,54141
47213,138094
47213,11373
47213,65879
47213,51509
47213,11800
47213,120307
47213,133397
47213,22674
47213,59537
47214,82903
47214,69069
47214,110645
47214,81598
47214,29280
47214,26813
47214,93650
47214,57031
47214,99012
47214,4946
47214,136363
47214,27753
47214,91337
47214,78130
47214,79176
47214,73159
47214,19311
47214,8169
47214,132797
47214,116351
47214,18883
47214,58145
47214,38759
47214,92314
47214,81023
47214,62362
47214,29026
47214,124819
47214,32382
47214,80734
47214,56235
47214,105499
47214,132209
47216,101406
47216,130468
47216,8134
47216,67619
47216,15609
47216,67140
47216,100664
47216,114209
47216,81804
47216,13760
47216,5293
47216,102154
47216,134845
47216,139165
47216,131350
47216,109612
47216,53266
47216,82897
47216,54116
47216,14912
47216,72508
47216,129643
47216,18410
47216,103908
47216,106647
47216,90254
47216,62587
47216,7432
47217,115954
47217,48555
47217,19465
47217,140120
47217,122589
47217,30949
47217,11991
47217,116176
47217,114820
47217,64020
47217,31576
47217,26618
47217,69232
47217,64710
47217,136946
47217,123218
47217,16631
47217,6087
47217,57080
47217,119159
47217,119580
47217,58735
47217,112711
47217,136833
47217,116217
47217,77563
47217,65270
47217,2039
47217,106916
47217,35187
47217,63545
47217,19427
47217,106070
47217,90284
47217,46276
47219,114152
47219,135755
47219,9067
47219,28329
47219,102123
47219,68784
47219,52778
47219,29913
47219,65451
47219,107878
47219,130643
47219,15543
47219,47927
47219,36803
47219,115595
47219,123400
47219,76942
47219,117262
47219,35173
47219,133071
47219,7751
47219,59251
47219,20958
47219,67167
47219,58342
47219,18039
47219,69757
47219,99201
47219,69950
47219,94278
47219,118771
47221,61390
47221,60632
47221,112107
47221,113513
47221,22774
47221,57623
47221,76113
47221,37986
47221,125578
47221,582
47221,34488
47221,44108
47221,104032
47221,99681
47221,136495
47221,74813
47221,49155
47221,35121
47221,44869
47221,114178
47221,107726
47221,122537
47221,140399
47221,116145
47221,520
47221,2278
47225,73394
47225,23775
47225,87660
47225,15498
47225,42446
47225,49388
47225,70632
47225,73864
47225,91645
47225,136898
47225,48862
47225,104365
47225,27955
47225,11868
47225,103380
47225,83152
47227,41843
47227,113826
47227,90688
47227,9301
47227,39242
47227,33793
47227,120496
47227,8632
47227,118646
47227,57161
47227,105467
47227,31772
47227,26929
47227,107420
47227,11129
47227,22523
47227,10847
47227,17928
47227,120678
47227,119444
47227,24742
47227,4162
47227,100343
47227,22503
47227,23198
47227,71767
47227,58712
47227,14903
47227,115306
47227,112188
47227,20832
47227,132926
47227,28224
47228,5866
47228,67813
47228,29953
47228,17253
47228,96099
47228,100586
47228,115048
47228,11284
47228,27855
47228,48230
47228,55871
47228,40380
47228,90879
47228,5847
47228,74827
47228,76087
47228,47130
47228,139172
47228,113586
47228,25684
47228,121732
47228,70196
47228,3046
47228,46883
47228,12912
47228,22700
47228,67887
47228,372
47228,2733
47228,56662
47228,78541
47228,26507
47229,87507
47229,38733
47229,107367
47229,81489
47229,10595
47229,81315
47229,61198
47229,53519
47229,34009
47229,109684
47229,123846
47229,98393
47229,11294
47229,26849
47229,55952
47229,7627
47229,136367
47229,20519
47229,4799
47229,140374
47229,74057
47229,139166
47229,123355
47229,59323
47229,57995
47229,60267
47229,362
47229,1247
47229,23380
47229,51434
47230,123896
47230,28471
47230,9858
47230,91883
47230,72403
47230,108347
47230,52435
47230,6246
47230,20604
47230,70793
47230,102853
47230,135483
47230,70069
47230,64951
47230,36167
47230,46928
47231,36468
47231,41444
47231,10731
47231,46101
47231,91464
47231,97529
47231,510
47231,88609
47231,42953
47231,1115
47231,105032
47231,69322
47231,13644
47231,123698
47231,137431
47231,104497
47231,27937
47231,25507
47231,93239
47231,28109
47231,138142
47232,123157
47232,80826
47232,94634
47232,38196
47232,19278
47232,78414
47232,38840
47232,101884
47232,23435
47232,62363
47232,8498
47232,7927
47232,28467
47232,27517
47232,20241
47232,11717
47232,4570
47232,133055
47232,3501
47232,118442
47232,138229
47232,93342
47232,112383
47232,113804
47232,17874
47232,11850
47232,64817
47232,118355
47232,33733
47232,44960
47232,134758
47232,22602
47233,95914
47233,138908
47233,36057
47233,94839
47233,51980
47233,17234
47233,115525
47233,50009
47233,46951
47233,75809
47233,50880
47233,107263
47233,60746
47233,23819
47233,97244
47233,65207
47233,111756
47233,85978
47233,15030
47233,16736
47233,108407
47233,139656
47233,105270
47233,1397
47233,9440
47233,138172
47233,13208
47233,97963
47233,111110
47233,59389
47234,45129
47234,32917
47234,81907
47234,30723
47234,63600
47234,81877
47234,67682
47234,73570
47234,102969
47234,138609
47234,63506
47234,4493
47234,122407
47234,106243
47234,28664
47234,8483
47234,45543
47234,99505
47234,128825
47234,79712
47234,59891
47234,5148
47234,79246
47234,98293
47234,59631
47234,80374
47234,112246
47234,48563
47234,73867
47234,113029
47234,120784
47234,36360
47234,133951
47234,12054
47235,68754
47235,35115
47235,109004
47235,1423
47235,1373
47235,113527
47235,7689
47235,57497
47235,19624
47235,106113
47235,23544
47235,42448
47235,113110
47235,64946
47235,126780
47235,46159
47235,132822
47235,90
47235,137846
47235,80298
47235,99848
47235,93662
47235,15353
47235,20363
47235,125917
47235,2146
47235,76775
47235,74858
47235,52930
47235,1222
47235,2389
47235,37716
47237,75761
47237,122003
47237,116425
47237,89407
47237,95342
47237,104867
47237,53392
47237,77815
47237,111039
47237,31997
47237,135909
47237,8309
47237,50599
47237,57824
47238,107652
47238,135028
47238,116505
47238,53883
47238,80545
47238,95604
47238,132210
47238,118670
47238,101520
47238,33828
47238,119794
47238,103174
47238,46027
47238,73145
47238,31038
47238,87652
47238,19836
47238,131917
47238,61011
47238,63417
47238,73077
47238,52703
47238,20022
47238,57169
47238,53916
47238,16325
47238,3235
47238,124043
47238,106307
47238,123898
47238,28132
47238,56697
47239,140305
47239,132179
47239,79135
47239,83513
47239,47943
47239,21769
47239,18853
47239,133614
47239,137632
47239,39413
47240,94803
47240,43034
47240,50688
47240,213
47240,21857
47240,28783
47240,131836
47240,113372
47240,6136
47240,140382
47241,60144
47241,20430
47241,63105
47241,8864
47241,133689
47241,93974
47241,20587
47241,6713
47241,69184
47241,5322
47241,25159
47241,57170
47241,46501
47241,106335
47241,119527
47241,4080
47241,24041
47241,49084
47241,105779
47241,27540
47241,34151
47241,106366
47241,75205
47241,67233
47241,4503
47241,55127
47241,113983
47241,138325
47241,35679
47241,75408
47241,63188
47241,41337
47241,79398
47242,113921
47242,114919
47242,52018
47242,108104
47242,51821
47242,122691
47242,31655
47242,12654
47242,2869
47242,115401
47242,49554
47242,100581
47242,101155
47242,95770
47242,2495
47242,29063
47242,135372
47242,94128
47242,86794
47242,65696
47242,138986
47242,95817
47242,106899
47247,73696
47247,89389
47247,2194
47247,30707
47247,58937
47247,67451
47247,55198
47247,105713
47247,47625
47247,121114
47247,16284
47247,133369
47247,50797
47247,21122
47247,10611
47247,103462
47247,37057
47247,97087
47247,78605
47247,66278
47247,82035
47247,23076
47247,118836
47247,117652
47247,116919
47247,119175
47247,101759
47247,60256
47248,77109
47248,27711
47248,68689
47248,11414
47248,42875
47248,125447
47248,38846
47248,133729
47248,15884
47248,121586
47248,117347
47248,135195
47249,33741
47249,119868
47249,111345
47249,120931
47249,126169
47249,91908
47249,86348
47249,137173
47249,124446
47249,19616
47249,31748
47249,10748
47249,87461
47249,35321
47249,23182
47249,94716
47249,94447
47249,103276
47249,118550
47249,35258
47249,44320
47249,52671
47249,28888
47249,129212
47249,14090
47249,112680
47249,74072
47249,48601
47249,73763
47249,31801
47249,2290
47249,80654
47249,55756
47252,90533
47252,61980
47252,87321
47252,131491
47252,42225
47252,119879
47252,97889
47252,132827
47252,6434
47252,2089
47252,68273
47252,24983
47252,67415
47252,129416
47252,76684
47252,59435
47252,37296
47252,134212
47252,105897
47252,37732
47252,80286
47252,59014
47252,92330
47252,139777
47252,27477
47252,116897
47252,91304
47252,33019
47252,104973
47252,97146
47252,844
47252,33219
47253,4800
47253,52750
47253,35567
47253,24355
47253,81063
47253,43521
47253,14857
47253,19421
47253,56184
47253,6152
47253,55772
47253,120503
47253,45206
47253,72068
47253,84926
47253,32065
47253,25769
47253,95774
47253,35930
47253,29860
47253,83634
47253,136885
47253,38150
47253,97906
47253,32502
47253,129841
47253,111628
47253,44815
47253,24400
47253,98260
47253,1893
47253,96170
47253,40376
47256,4141
47256,97851
47256,20379
47256,112900
47256,108448
47256,67402
47256,23881
47256,62083
47256,102333
47256,94655
47256,79811
47256,54406
47256,140138
47256,17926
47256,53972
47256,88067
47256,86992
47256,85251
47256,117037
47256,82928
47256,95643
47256,118086
47256,125567
47256,114176
47256,140078
47256,91694
47256,9876
47256,126200
47256,42912
47256,108794
47257,46726
47257,64827
47257,79183
47257,6184
47257,94584
47257,37923
47257,78727
47257,55905
47257,16024
47257,33561
47257,19233
47257,21108
47257,90942
47257,105232
47257,97500
47257,40341
47257,86177
47257,106618
47257,63202
47257,136631
47258,63145
47258,117439
47258,106845
47258,13443
47258,38484
47258,1140
47258,134966
47258,138763
47259,21226
47259,90861
47259,18933
47259,101671
47259,112752
47259,97940
47259,11762
47259,68375
47259,91683
47259,102036
47259,95589
47259,2088
47259,17447
47259,87300
47259,105552
47259,96728
47259,63332
47259,117346
47259,131380
47259,23394
47259,26994
47259,37759
47259,31265
47259,85431
47259,52980
47259,63875
47259,71247
47259,10148
47259,107691
47259,23609
47260,104146
47260,33899
47260,2918
47260,58991
47260,12538
47260,130677
47260,54465
47260,82243
47260,3814
47260,59293
47260,116969
47260,61766
47260,30575
47260,61232
47260,47761
47260,46436
47260,52304
47260,52692
47260,41459
47260,25419
47260,24455
47260,63917
47260,104035
47260,23560
47260,66669
47260,76857
47261,64104
47261,7269
47261,37289
47261,110750
47261,60413
47261,127940
47261,48535
47261,54283
47261,125425
47261,106715
47261,82858
47261,76390
47261,137367
47261,52977
47261,132244
47261,125479
47261,88854
47261,92440
47261,24157
47261,85808
47261,8748
47261,51130
47261,135974
47261,29680
47261,26712
47261,35469
47261,49945
47261,50454
47261,125055
47261,69558
47261,66425
47264,138185
47264,28398
47264,68230
47264,76075
47264,84496
47264,88624
47264,5922
47264,22771
47264,101480
47264,62251
47264,79339
47264,64130
47264,70076
47264,127132
47264,96078
47264,55467
47264,135270
47264,19374
47264,117788
47264,93227
47264,29480
47264,63896
47264,93150
47264,128858
47264,35204
47264,27368
47264,6100
47264,32390
47264,31286
47264,18634
47264,43528
47264,73139
47265,34700
47265,84556
47265,66729
47265,88719
47265,25444
47265,113139
47265,92219
47265,934
47265,84320
47265,48994
47265,33804
47265,29711
47265,67804
47265,103149
47265,2924
47265,55396
47265,136128
47266,27326
47266,117676
47266,121537
47266,9636
47266,98600
47266,114784
47266,23155
47266,70995
47267,131505
47267,28470
47267,85596
47267,88175
47267,1364
47267,30959
47267,98983
47267,127054
47267,53352
47267,76047
47267,91363
47267,92459
47267,74546
47267,117180
47267,121300
47267,120642
47268,113371
47268,30326
47268,4853
47268,36954
47268,25100
47268,64204
47268,81028
47268,89008
47268,21081
47268,132497
47268,26800
47268,55424
47268,134304
47268,78945
47268,69236
47269,79705
47269,114950
47269,94722
47269,72056
47269,15409
47269,139686
47269,55592
47269,51823
47269,53323
47269,88126
47269,44872
47269,79680
47269,61194
47269,128058
47269,91306
47269,1568
47270,87154
47270,106421
47270,3775
47270,48004
47270,90920
47270,106230
47270,70887
47270,124778
47270,107028
47270,113402
47270,135238
47270,38913
47270,7377
47270,2906
47270,41400
47270,63604
47270,120248
47270,57125
47270,57934
47270,38758
47270,123709
47270,56917
47270,40048
47270,107087
47270,80579
47270,96112
47270,77574
47270,34852
47270,78642
47270,98719
47270,14024
47270,8374
47270,52263
47270,7895
47271,63105
47271,20430
47271,60144
47271,133943
47271,59324
47271,131493
47271,8864
47271,46501
47271,14480
47271,25159
47271,93974
47271,35679
47271,79475
47271,114678
47271,69184
47271,5322
47271,57054
47271,67964
47271,67477
47271,4503
47271,34151
47271,20587
47271,24041
47271,131352
47271,123012
47271,27632
47271,77074
47271,75205
47271,15390
47271,41988
47271,131242
47271,135437
47271,117582
47271,20274
47274,14454
47274,55016
47274,98242
47274,86339
47274,129455
47274,30222
47274,97696
47274,44358
47274,113577
47274,28660
47274,138643
47274,135261
47274,27651
47274,104401
47274,62441
47274,64558
47274,84486
47274,114000
47274,139949
47274,130665
47274,88327
47277,1230
47277,40517
47277,139197
47277,3213
47277,37346
47277,71181
47277,70078
47277,70606
47277,71376
47277,30878
47277,61529
47277,126657
47277,4875
47277,125311
47277,25416
47277,15994
47277,135499
47277,139366
47277,23212
47277,86639
47277,121267
47277,77935
47277,74754
47277,53494
47277,7880
47277,35264
47277,69261
47277,78838
47277,38725
47277,138600
47277,106262
47277,129968
47278,113597
47278,5415
47278,74680
47278,46135
47278,69480
47278,3763
47278,128576
47278,15805
47278,36354
47278,87898
47278,51921
47278,59340
47278,119726
47278,74526
47278,122072
47278,122063
47278,13260
47278,121204
47278,77205
47278,79949
47278,53331
47278,48258
47278,74255
47278,52243
47278,110695
47278,128646
47278,697
47278,67677
47278,19694
47278,95790
47278,108743
47278,70341
47279,41014
47279,118727
47279,72472
47279,73907
47279,36022
47279,30016
47279,69404
47279,31761
47279,46944
47279,57023
47279,79192
47279,913
47279,91231
47279,134179
47279,122134
47279,34254
47279,120282
47279,117125
47279,84364
47279,139292
47279,126804
47279,116296
47279,68155
47279,89858
47279,102996
47279,7091
47279,12058
47279,87251
47279,123039
47279,29394
47279,110795
47279,56005
47279,119888
47280,128546
47280,87720
47280,50931
47280,64001
47280,37614
47280,31301
47280,30165
47280,56818
47280,42982
47280,5874
47280,113688
47280,64161
47280,121743
47280,21118
47280,112358
47280,71666
47280,50518
47280,77110
47280,98552
47280,85782
47280,83650
47280,97262
47280,119378
47280,5648
47280,474
47280,35918
47280,3191
47280,11756
47280,33474
47280,126519
47280,46297
47281,34635
47281,76818
47281,65606
47281,7360
47281,95156
47281,40629
47281,75491
47281,5780
47281,17817
47281,109185
47281,4309
47281,99805
47281,90401
47281,43757
47281,60013
47281,54731
47281,136665
47281,44798
47281,86947
47281,51517
47281,83749
47281,97305
47281,14950
47281,93538
47281,22082
47281,95711
47281,21345
47281,42282
47281,17762
47281,52681
47281,80769
47281,114141
47281,126159
47282,39795
47282,123596
47282,78741
47282,59395
47282,131320
47282,137576
47282,50116
47282,78944
47282,22139
47282,135668
47282,34178
47282,28480
47282,70143
47282,123250
47282,42099
47282,73619
47282,127717
47282,140034
47282,49923
47282,32873
47282,12228
47282,18929
47282,99833
47282,47595
47282,101986
47282,85611
47284,124327
47284,26564
47284,26103
47284,48693
47284,9144
47284,6005
47284,63027
47284,19461
47284,94817
47284,140459
47284,113067
47284,75732
47284,139377
47284,109441
47284,48874
47284,89669
47284,45957
47285,70545
47285,101095
47285,39935
47285,95837
47285,28840
47285,64605
47285,86526
47285,13816
47285,54941
47285,55794
47285,51892
47289,92698
47289,44197
47289,41585
47289,18859
47289,121287
47289,18569
47289,138971
47289,119322
47289,130968
47289,121586
47289,19567
47289,67688
47289,104149
47289,135195
47289,68783
47289,134786
47289,40463
47289,31442
47289,33163
47289,117347
47289,31945
47289,35043
47289,37788
47289,102112
47291,136210
47291,59466
47291,1147
47291,90803
47291,84296
47291,10987
47291,39517
47291,129263
47291,117771
47291,97785
47291,83789
47291,25884
47291,70405
47291,114924
47291,90052
47291,755
47291,51492
47291,41215
47291,11203
47291,7573
47291,62403
47291,55859
47291,43662
47291,62134
47291,79561
47291,80999
47291,59206
47291,104770
47292,75248
47292,129773
47292,24205
47292,73422
47292,59014
47292,2089
47292,95558
47292,37558
47292,116156
47292,86541
47292,132766
47292,60771
47292,21717
47292,68273
47292,68067
47292,91276
47292,42225
47292,116059
47292,106115
47292,16993
47292,133375
47292,70845
47292,61980
47292,53119
47292,57613
47292,81883
47292,113064
47293,83836
47293,104663
47293,1988
47293,33393
47293,6547
47293,103846
47293,8898
47293,44141
47293,122559
47293,93217
47293,38537
47293,95874
47293,97465
47293,102644
47293,26465
47293,10087
47293,127136
47293,70523
47293,92776
47293,87476
47293,133061
47293,135952
47293,59371
47296,35219
47296,40274
47296,43151
47296,118327
47296,40291
47296,101155
47296,118573
47296,83125
47296,82781
47296,64564
47296,46691
47296,70803
47296,94128
47296,12654
47296,114367
47296,65696
47296,125320
47296,22408
47296,59808
47296,39378
47296,86794
47296,1344
47296,81019
47296,113785
47296,106746
47296,106899
47296,73039
47296,19831
47296,93849
47296,97528
47296,55054
47296,66230
47296,102218
47296,30211
47299,118670
47299,107652
47299,135028
47299,116505
47299,131917
47299,80545
47299,132210
47299,51178
47299,75972
47299,53883
47299,106307
47299,124043
47299,34221
47299,46027
47299,103174
47299,73145
47299,101520
47299,37540
47299,19836
47299,20022
47299,123898
47299,75890
47299,73077
47299,37330
47299,53916
47299,16325
47299,28132
47299,118206
47299,56697
47299,63417
47299,128272
47299,137646
47300,64785
47300,119458
47300,80430
47300,9343
47300,26840
47300,77325
47300,123120
47300,42484
47300,43479
47300,103377
47300,52836
47300,49442
47300,74885
47300,131594
47300,74712
47300,126372
47300,21115
47300,85128
47300,120958
47300,119182
47300,27672
47300,37821
47300,128697
47300,13624
47300,16698
47300,10247
47300,130811
47300,100516
47301,124166
47301,24021
47301,68002
47301,101503
47301,66506
47301,85065
47301,65100
47301,67376
47301,125053
47301,116455
47301,119127
47301,79953
47301,112568
47301,111435
47301,18085
47301,91084
47301,98359
47301,89951
47301,131901
47301,79068
47301,93384
47301,92403
47301,1535
47301,98457
47301,98557
47301,109594
47301,111508
47301,91687
47301,111940
47301,117751
47301,62168
47301,39748
47302,92402
47302,30179
47302,110435
47302,107194
47302,98094
47302,59462
47302,27798
47302,12250
47302,92450
47303,71932
47303,63011
47303,91605
47303,105978
47303,116932
47303,30236
47303,1609
47303,21920
47303,100624
47303,36825
47303,36419
47303,102872
47303,132810
47303,94294
47303,121474
47303,47730
47303,6806
47303,93045
47303,54248
47303,110650
47303,233
47303,96260
47303,74468
47303,11925
47303,92509
47303,4284
47303,73192
47303,114029
47303,130096
47303,100469
47307,136469
47307,91601
47307,108191
47307,9801
47307,248
47307,11297
47307,97704
47307,11957
47307,98465
47307,57690
47307,89878
47307,116063
47307,26016
47307,37450
47307,102251
47307,17642
47307,28414
47307,58819
47307,88671
47307,50554
47307,39503
47307,13139
47307,32834
47307,135249
47307,125343
47307,78841
47307,12346
47307,40412
47307,132045
47308,9951
47308,64405
47308,71999
47308,85075
47308,119402
47308,100292
47309,138150
47309,112578
47309,24809
47309,22421
47309,101157
47309,129810
47309,111813
47309,89092
47309,93796
47309,90272
47309,115546
47309,94108
47309,66552
47309,110971
47309,22096
47309,115495
47309,139095
47309,79459
47309,94908
47309,100200
47309,22575
47309,115372
47309,133272
47309,140100
47309,36039
47309,65203
47309,124568
47309,98765
47309,84094
47309,135653
47309,32438
47309,135784
47310,15464
47310,125175
47310,48884
47310,128324
47310,3842
47310,6638
47310,7499
47310,26387
47310,38062
47310,45372
47310,70219
47310,137248
47310,20215
47310,85280
47310,131658
47310,7113
47312,48861
47312,100569
47312,54310
47312,136758
47312,32626
47312,20156
47312,88503
47312,85739
47312,19140
47312,79008
47312,128062
47312,88641
47312,95527
47312,31346
47312,120160
47312,102153
47312,111176
47312,28612
47312,7881
47312,129506
47312,128224
47312,110910
47312,95626
47312,86426
47312,103701
47312,47085
47312,103469
47312,114255
47312,45554
47312,86063
47312,70272
47313,109795
47313,69461
47313,33193
47313,90182
47313,11178
47313,91437
47313,121206
47313,9491
47313,29680
47313,26515
47313,29415
47313,20508
47313,26712
47313,125425
47313,102226
47313,72118
47313,91676
47313,2374
47313,102408
47313,69558
47313,83793
47313,22886
47313,92440
47313,138777
47313,5605
47313,62270
47313,62517
47313,35469
47313,72942
47313,125055
47313,106670
47319,5355
47319,130141
47319,30762
47319,17493
47319,127959
47319,71488
47319,19438
47319,41423
47319,122663
47319,3189
47319,59097
47319,88905
47319,124279
47319,27357
47319,92257
47319,100206
47319,135274
47319,140724
47319,83388
47322,80934
47322,54876
47322,114234
47322,87789
47322,64065
47322,75365
47322,140795
47322,4386
47322,66091
47322,111272
47322,45313
47322,20129
47322,135707
47322,17725
47322,22736
47322,129825
47322,112796
47322,118631
47322,68701
47322,94082
47322,133127
47322,45047
47322,47737
47322,38107
47322,114462
47322,85449
47322,61170
47322,14331
47322,6477
47322,67388
47322,60010
47322,135958
47326,106230
47326,48004
47326,3775
47326,38758
47326,106421
47326,62031
47326,90920
47326,87154
47326,7377
47326,57934
47326,87490
47326,107028
47326,120248
47326,63604
47326,124778
47326,79106
47326,33509
47326,57125
47326,73342
47326,93594
47326,453
47326,140016
47326,84341
47326,77574
47326,38913
47326,96112
47326,134288
47326,40048
47326,14024
47326,41400
47326,35010
47326,80579
47326,8374
47326,101982
47328,66464
47328,76226
47328,69392
47328,6559
47328,9138
47328,65987
47328,124813
47328,39543
47328,46045
47328,85842
47328,208
47328,89603
47328,52669
47328,41225
47328,119577
47328,115731
47328,135380
47328,46678
47328,131346
47328,2037
47328,113005
47328,139718
47328,70282
47328,24560
47328,8903
47329,121392
47329,130750
47329,57309
47329,46666
47329,10170
47329,103254
47329,14772
47329,25804
47329,28052
47329,68980
47329,74297
47329,2265
47329,29225
47329,3386
47329,7245
47330,45966
47330,91714
47330,38910
47330,109576
47330,65799
47330,4571
47330,16687
47330,29643
47330,76856
47330,15267
47330,18651
47330,87618
47330,42855
47330,90819
47330,97907
47330,10214
47330,74165
47330,38926
47330,38497
47333,13444
47333,13615
47333,17134
47333,133826
47333,113431
47333,82451
47333,95900
47333,13407
47333,91449
47333,103693
47333,114522
47333,88977
47333,79962
47333,22651
47333,66155
47333,6616
47333,59032
47333,95322
47333,62954
47333,27704
47333,5989
47333,37438
47333,26326
47333,113323
47333,118629
47333,127283
47333,60350
47333,76347
47333,137606
47333,106986
47333,77993
47333,48115
47334,42087
47334,60832
47334,138559
47334,112261
47334,40083
47334,19538
47334,97625
47334,125042
47334,43777
47334,139809
47334,128866
47334,122804
47334,537
47334,126951
47334,21398
47334,61330
47334,120352
47334,22019
47334,96039
47334,84430
47334,107871
47334,68553
47334,55286
47334,76433
47334,11683
47334,77247
47334,26127
47335,21050
47335,45556
47335,29856
47335,39499
47335,100687
47335,57587
47335,66839
47335,136242
47335,97314
47335,83077
47335,27215
47335,134556
47335,8422
47335,135869
47335,718
47335,25112
47335,64360
47335,107164
47335,53140
47335,40874
47335,137285
47335,111279
47335,108961
47335,57219
47335,17997
47335,139216
47335,62915
47335,1133
47335,42844
47335,47731
47335,73348
47335,18330
47335,59053
47335,43674
47336,30618
47336,43440
47336,84579
47336,21808
47336,10763
47336,101162
47336,9589
47336,62326
47336,139917
47336,5286
47336,121675
47336,137751
47336,63812
47336,52209
47336,55791
47336,112479
47336,121350
47336,106236
47336,58217
47336,66606
47336,113229
47336,124234
47336,45851
47336,23073
47336,121101
47336,108751
47336,34020
47337,95292
47337,123641
47337,110302
47337,130029
47337,75125
47337,118800
47337,124839
47337,15634
47337,103635
47337,115168
47337,86606
47337,63045
47337,120152
47337,139250
47337,71373
47337,65704
47337,134910
47337,123051
47337,54705
47337,28427
47337,117990
47337,8992
47337,135393
47337,59858
47337,79099
47337,32452
47337,136163
47337,21222
47337,112685
47337,96005
47338,2546
47338,106801
47338,106606
47338,9798
47338,124699
47338,61598
47338,30757
47338,56497
47338,109353
47338,130210
47338,94677
47338,10439
47338,55917
47338,139727
47338,108840
47338,93179
47338,73770
47338,81513
47338,104685
47338,99741
47338,80682
47338,30017
47338,57276
47338,89600
47338,74488
47338,86576
47338,132811
47338,139666
47338,138354
47338,16418
47338,11603
47338,138937
47339,128777
47339,89984
47339,13940
47339,69054
47339,6591
47339,76639
47339,99017
47339,65750
47339,138981
47339,3384
47339,12482
47339,94304
47339,47808
47339,61201
47339,109889
47339,92430
47339,45599
47339,1690
47339,19940
47339,685
47339,50652
47339,36852
47339,44813
47339,91040
47339,123649
47339,63175
47339,137394
47339,131984
47339,25177
47339,14819
47339,53730
47340,34635
47340,38571
47340,125069
47340,64777
47340,136159
47340,79150
47340,44306
47340,95307
47340,53695
47340,53341
47340,29604
47340,40649
47340,121764
47340,7360
47340,140130
47340,19435
47340,94956
47340,14389
47340,130729
47340,65567
47340,55039
47340,16706
47340,33912
47340,113349
47340,1277
47340,93944
47340,65606
47340,49368
47340,88218
47340,95166
47340,893
47340,91206
47340,135286
47340,18380
47342,116851
47342,51073
47342,61751
47342,41443
47342,67340
47342,8027
47342,111733
47342,15243
47342,36835
47342,66217
47342,103962
47342,27984
47342,48616
47342,34549
47342,71374
47342,12666
47342,28100
47342,85918
47342,13494
47343,133212
47343,42928
47343,104112
47343,45462
47343,51261
47343,52375
47343,84306
47343,59607
47343,44849
47343,44372
47343,9003
47343,25845
47343,56868
47343,87474
47343,88614
47343,107594
47343,82754
47343,104096
47343,129476
47343,126423
47343,27695
47343,68734
47343,23515
47343,132316
47343,88798
47343,44045
47343,38495
47343,28746
47343,135477
47343,121588
47343,46369
47345,120255
47345,71174
47345,139309
47345,11664
47345,34113
47345,139524
47345,136021
47345,71183
47345,41081
47345,24650
47345,104679
47345,87383
47345,92334
47345,128044
47345,84012
47345,75371
47345,39160
47345,27192
47345,98428
47345,43964
47345,59165
47345,105746
47345,79979
47345,39141
47345,35044
47345,100631
47345,55092
47345,94239
47345,127782
47346,35196
47346,66229
47346,115357
47346,130442
47346,102483
47346,9007
47346,110772
47346,9577
47346,126230
47346,509
47346,48256
47346,96250
47346,2978
47346,113450
47346,23688
47346,51373
47346,27384
47346,55363
47346,20700
47346,47910
47346,16046
47346,50100
47346,31690
47346,56269
47346,89679
47346,68681
47346,99447
47346,87467
47346,16611
47346,129002
47346,139356
47346,57333
47347,7780
47347,38657
47347,106929
47347,108239
47347,51529
47347,65076
47347,30808
47347,3714
47348,12449
47348,82196
47348,38260
47348,31963
47348,118178
47348,54883
47348,80275
47348,91974
47348,51955
47348,15413
47348,34947
47348,90319
47348,54064
47348,84139
47348,81498
47348,61748
47348,46971
47348,2509
47348,119957
47348,29652
47348,24806
47348,95942
47348,107616
47348,63800
47348,10166
47348,34065
47348,98541
47348,43838
47348,111211
47348,130587
47348,46743
47348,44719
47348,813
47351,44822
47351,113352
47351,26614
47351,88529
47351,103829
47351,130524
47351,40352
47351,87735
47351,132092
47351,87758
47351,16129
47351,112135
47351,113272
47351,140586
47351,101249
47351,109123
47351,129542
47351,135190
47351,66315
47354,102347
47354,22998
47354,31123
47354,80377
47354,32917
47354,67983
47354,100006
47354,93357
47354,122903
47354,126567
47354,1110
47354,35601
47354,36360
47354,26203
47354,63600
47354,81877
47354,99489
47354,106243
47354,124853
47354,42995
47354,114196
47354,84889
47354,26748
47354,5441
47354,2323
47354,139301
47354,60121
47354,101513
47354,57594
47354,32919
47354,57619
47354,76514
47354,39393
47354,79014
47354,39933
47358,69649
47358,135146
47358,59572
47358,87756
47358,15571
47358,57098
47358,134393
47358,44416
47358,56214
47358,126910
47358,102276
47358,74640
47358,132203
47359,92529
47359,3067
47359,99965
47359,10337
47359,96446
47359,125080
47359,46385
47359,34244
47359,40394
47359,109436
47359,52948
47359,23308
47359,80342
47359,50458
47359,30775
47359,12749
47359,9488
47359,47373
47359,128982
47359,124240
47359,26487
47359,63425
47359,123388
47359,28420
47359,42164
47359,79931
47359,117260
47359,41654
47359,12391
47359,99466
47359,108717
47359,99756
47361,115763
47361,77109
47361,38846
47361,68689
47361,128313
47361,125447
47361,30417
47361,13155
47361,87796
47361,131345
47361,125611
47361,34348
47361,121586
47361,121287
47361,67688
47361,41585
47361,99894
47361,63945
47361,130968
47361,121665
47361,110963
47361,134786
47361,35043
47361,40463
47361,31945
47361,18569
47361,33163
47361,117347
47361,114777
47361,37788
47361,102112
47361,68783
47361,135195
47362,120851
47362,34214
47362,102054
47362,8586
47362,31643
47362,3084
47362,17633
47362,8161
47362,59175
47362,53691
47362,38910
47362,64657
47362,38291
47362,135779
47362,110205
47362,68491
47362,32240
47362,113291
47362,36822
47362,71178
47362,56914
47362,83834
47362,129968
47362,100685
47362,120497
47362,45365
47362,129228
47362,126121
47363,101366
47363,19936
47363,37427
47363,20382
47363,89297
47363,111185
47363,97622
47363,84283
47363,124431
47363,39839
47363,54461
47363,94421
47363,35215
47363,127450
47363,54776
47364,114621
47364,138216
47364,7997
47364,19004
47364,105820
47364,119825
47364,102902
47364,96878
47364,37712
47364,19699
47364,63873
47364,65713
47364,60567
47364,107791
47365,140047
47365,67329
47365,129407
47365,109472
47365,49415
47365,138759
47365,44465
47365,133433
47365,36055
47365,132039
47365,41813
47365,85155
47365,118215
47365,65184
47365,58988
47365,49247
47365,50326
47365,38876
47365,4786
47365,109260
47365,120709
47365,29800
47365,62226
47366,7780
47366,81895
47366,73518
47366,135461
47366,124754
47366,69644
47366,130740
47366,121305
47366,59359
47366,42387
47366,86365
47366,132391
47366,131477
47366,56838
47366,50807
47366,132918
47366,135634
47366,9041
47366,89672
47366,8163
47366,121580
47366,117912
47366,3714
47366,106929
47366,69483
47366,108599
47366,34688
47366,64997
47366,30808
47366,65076
47366,45995
47366,138616
47367,87783
47367,114655
47367,9397
47367,110257
47367,70685
47367,27377
47367,18334
47367,70709
47367,85775
47367,22355
47367,118712
47367,46241
47367,137941
47367,109086
47367,5435
47368,106058
47368,42407
47368,131377
47368,42685
47368,39453
47368,84799
47368,35365
47368,74270
47368,43635
47368,85229
47368,35440
47368,98012
47368,69459
47368,109714
47368,52260
47368,93738
47368,8478
47368,80536
47368,92561
47368,112125
47368,125165
47368,37139
47368,132637
47368,139267
47368,5614
47368,77276
47368,39960
47368,44429
47368,30951
47368,105658
47368,133805
47368,105487
47371,115468
47371,114262
47371,10134
47371,98500
47371,39938
47371,39827
47371,132176
47371,11235
47371,59124
47371,126393
47371,118300
47371,11030
47371,110069
47371,10901
47371,72250
47371,77908
47371,26448
47371,36312
47371,36703
47371,109120
47371,16155
47371,110868
47371,102264
47371,6711
47371,116473
47371,3707
47371,78742
47371,41102
47371,1945
47371,94373
47371,60170
47371,70321
47371,42098
47371,63255
47373,27686
47373,24513
47373,48233
47373,133509
47373,31135
47373,37790
47373,120238
47373,138722
47373,116852
47373,7898
47373,110258
47373,8917
47373,96974
47373,121696
47373,127094
47373,139000
47373,113912
47373,38981
47373,103982
47373,13934
47373,8508
47373,46320
47373,30986
47373,14411
47373,55059
47373,96553
47373,65910
47373,131894
47373,74251
47373,15608
47373,73379
47373,41438
47373,26856
47374,73628
47374,55813
47374,107995
47374,72939
47374,88925
47374,36574
47374,64960
47374,82859
47374,29533
47375,116080
47375,96926
47375,12283
47375,2771
47375,32752
47375,125454
47375,58974
47375,102752
47375,34241
47375,19166
47375,127310
47375,57592
47375,95440
47375,30851
47375,59017
47375,20122
47375,80385
47375,45395
47375,104257
47375,104871
47375,122622
47375,31573
47375,68982
47375,30992
47375,68786
47375,120446
47375,111300
47375,14669
47375,100924
47375,114733
47375,58030
47376,22786
47376,12043
47376,59620
47376,106691
47376,95011
47376,69049
47376,6600
47376,31183
47376,111975
47376,22083
47376,67760
47376,107293
47376,75852
47376,46081
47376,80877
47376,24861
47376,29836
47376,46201
47376,79159
47376,25986
47376,6936
47376,99585
47376,118029
47376,25816
47376,41382
47376,35395
47376,44996
47376,21401
47376,9064
47376,61948
47376,64891
47376,37948
47376,127255
47377,65500
47377,44033
47377,37483
47377,68132
47377,81794
47377,68722
47377,5977
47377,50176
47377,41510
47377,60333
47377,28957
47377,96156
47377,82325
47377,120802
47377,122387
47377,107416
47377,101853
47377,20509
47377,2226
47377,23246
47377,116872
47377,12448
47377,73806
47377,15081
47377,112665
47377,6535
47377,122535
47377,8262
47377,91650
47377,82379
47377,74082
47379,81262
47379,53543
47379,106697
47379,119747
47379,15082
47379,33209
47379,83468
47379,88715
47379,108426
47379,101431
47379,115414
47379,38387
47379,122829
47379,25735
47379,67860
47379,24578
47379,92956
47379,39874
47379,76198
47379,46999
47379,105055
47379,10434
47379,13675
47379,59605
47379,126300
47379,107323
47379,109745
47379,37894
47380,13558
47380,70952
47380,123292
47380,3941
47380,47038
47380,112919
47380,14606
47380,24882
47380,65373
47380,66906
47380,50388
47380,26836
47380,75576
47381,140006
47381,106764
47381,8085
47381,58163
47381,57196
47381,70999
47381,97986
47381,120787
47381,41366
47381,59782
47381,123264
47381,69371
47381,137855
47381,28865
47381,39004
47381,103307
47384,87154
47384,90920
47384,106230
47384,65235
47384,79106
47384,7377
47384,96112
47384,48004
47384,70887
47384,87490
47384,113402
47384,135238
47384,57934
47384,124778
47384,127988
47384,33509
47384,120248
47384,63604
47384,61950
47384,107028
47384,38758
47384,57125
47384,134288
47384,93594
47384,56917
47384,38913
47384,123584
47384,35010
47384,80579
47384,14024
47384,101982
47384,128155
47384,110546
47384,86277
47386,59780
47386,100686
47386,88807
47386,137863
47386,126798
47386,78190
47386,80739
47386,31570
47386,121565
47386,106681
47386,71464
47386,986
47386,5687
47386,26562
47386,30157
47386,26916
47386,139876
47386,97757
47386,97671
47386,47170
47386,139716
47386,6384
47386,118393
47386,23135
47386,93646
47386,56333
47386,112666
47386,137989
47386,80231
47386,83235
47386,100454
47387,9336
47387,96250
47387,113450
47387,55363
47387,27384
47387,115357
47387,106563
47387,66229
47387,34685
47387,95683
47387,829
47387,15191
47387,47910
47387,9007
47387,20700
47387,16046
47387,68291
47387,87467
47387,11115
47387,50734
47387,43920
47387,25404
47387,118071
47388,52865
47388,10691
47388,14938
47388,36785
47388,94209
47388,95129
47388,47665
47388,39129
47388,63505
47388,69543
47388,135053
47388,63355
47388,126546
47388,125828
47388,29116
47388,108968
47388,5674
47388,6860
47388,124471
47388,6585
47388,91310
47388,130268
47388,100323
47388,13855
47388,132535
47388,95383
47388,86832
47388,39471
47388,51304
47388,2406
47388,60019
47388,23092
47389,89006
47389,23984
47389,66890
47389,17795
47389,5404
47389,34740
47389,2196
47389,56046
47389,79585
47389,130413
47389,83594
47389,91671
47389,90221
47389,128878
47389,122245
47389,116414
47389,138184
47389,64879
47389,115742
47389,28503
47389,120499
47389,78834
47389,88721
47389,123622
47389,53713
47389,1476
47389,75422
47389,124634
47389,59314
47389,85819
47389,104943
47393,76034
47393,126657
47393,53494
47393,37346
47393,8962
47393,32887
47393,36427
47393,126719
47393,32112
47393,24685
47393,32060
47393,98736
47393,21155
47393,79740
47393,17633
47393,31643
47393,3858
47393,90730
47393,35817
47393,98239
47393,56060
47393,110940
47393,118314
47393,1497
47393,61529
47393,41712
47393,111464
47393,14536
47393,120497
47393,135537
47393,72492
47393,5002
47393,106819
47394,314
47394,50603
47394,115240
47394,130261
47394,12371
47394,13470
47394,33880
47394,125738
47394,90271
47394,64692
47394,124005
47394,131819
47394,55614
47394,137317
47394,50652
47394,87919
47394,91606
47394,92430
47394,40843
47394,40134
47394,13940
47394,102187
47394,44983
47394,124305
47394,38654
47394,91040
47394,136046
47394,121638
47394,118293
47394,139641
47394,108806
47397,118674
47397,81884
47397,66102
47397,127310
47397,42981
47397,85514
47397,41081
47397,71183
47397,49521
47397,25583
47397,124831
47397,131510
47397,27389
47397,114204
47397,18142
47397,57852
47397,58745
47397,2501
47397,54555
47397,57058
47397,71087
47397,52324
47397,44912
47397,37706
47397,82627
47397,49741
47397,99485
47397,104690
47397,38212
47397,22764
47397,135966
47397,51563
47397,105746
47397,24546
47398,127748
47398,102028
47398,82868
47398,71810
47398,40703
47398,51595
47398,49462
47398,94542
47398,85973
47398,4423
47398,63736
47398,128910
47398,71404
47398,8130
47398,38805
47398,11972
47398,54499
47398,128879
47398,67593
47398,101125
47398,63243
47398,2685
47398,39331
47398,3098
47398,84314
47398,100986
47398,122139
47398,136143
47398,105339
47398,104123
47398,28011
47398,34737
47399,6214
47399,77482
47399,35338
47399,18970
47399,9401
47399,136536
47399,53867
47399,33035
47399,127949
47399,72813
47399,4518
47399,94354
47399,5697
47399,116346
47399,131053
47399,27641
47399,39440
47399,27312
47399,69434
47399,139830
47399,60758
47399,120901
47399,19074
47399,130634
47399,72857
47399,47087
47399,114366
47399,77963
47399,79231
47399,106874
47399,10922
47399,19381
47399,133389
47401,131053
47401,19074
47401,18970
47401,114366
47401,133389
47401,33035
47401,69434
47401,47087
47401,53867
47401,27312
47401,120901
47401,139830
47403,51408
47403,12933
47403,101892
47403,25623
47403,128254
47403,68113
47403,20973
47403,72202
47403,55156
47403,33703
47403,7720
47403,84978
47403,1785
47403,36361
47403,42217
47403,105511
47403,117773
47403,60896
47403,106542
47403,133997
47403,2712
47403,28913
47403,101185
47403,19560
47403,133130
47403,39518
47403,57917
47403,59209
47403,96376
47403,40223
47404,58955
47404,32099
47404,41114
47404,70545
47404,101095
47404,134709
47404,91191
47404,64605
47404,39935
47404,108178
47404,113312
47404,79860
47404,62925
47404,130736
47404,103503
47404,108311
47404,13816
47404,43332
47404,112050
47404,78062
47404,109796
47404,64396
47404,54122
47404,55794
47404,86526
47404,3243
47404,28840
47404,43085
47404,72658
47404,2360
47408,139510
47408,102109
47408,99200
47408,22129
47408,22122
47408,100747
47408,97355
47408,125330
47408,71030
47408,112861
47408,75102
47408,74394
47408,6322
47408,6314
47408,116039
47408,54348
47408,103245
47408,130917
47408,112100
47408,60984
47408,2826
47408,105323
47408,38499
47408,124143
47408,32860
47408,75429
47408,78917
47408,131539
47408,122580
47408,858
47408,135279
47409,132210
47409,116505
47409,118670
47409,73077
47409,131917
47409,53883
47409,51178
47409,75972
47409,119794
47409,123801
47409,106307
47409,103174
47409,124043
47409,34221
47409,57169
47409,3724
47409,80545
47409,101520
47409,73145
47409,87652
47409,123898
47409,28132
47409,135028
47409,75890
47409,61011
47409,53916
47409,137487
47409,129263
47409,37330
47409,15107
47409,80396
47409,110836
47410,67865
47410,77062
47410,112166
47410,20230
47410,117268
47410,14916
47410,38724
47414,100585
47414,133679
47414,90081
47414,60219
47414,38161
47414,83279
47414,58288
47414,67656
47414,87633
47414,15655
47414,36161
47414,86410
47414,42853
47414,38631
47414,111768
47414,74578
47414,5156
47414,97127
47414,13519
47414,12346
47414,77974
47414,75268
47414,97704
47414,120844
47414,99339
47414,1968
47414,95379
47414,73337
47414,8158
47414,133867
47414,106387
47414,105344
47414,121564
47414,17367
47414,52851
47414,112404
47415,112467
47415,132100
47415,86084
47415,114920
47415,61328
47415,36910
47415,89996
47415,79166
47415,24708
47415,110400
47415,52824
47415,119350
47418,93975
47418,102486
47418,10832
47418,48560
47418,96634
47418,88176
47418,16790
47418,29412
47418,34335
47418,15078
47418,127854
47418,25776
47418,87965
47418,134704
47418,15478
47418,125595
47418,60403
47419,55395
47419,58214
47419,23671
47419,16542
47419,6082
47419,77355
47419,78399
47419,104351
47419,31815
47419,6102
47419,16066
47419,39618
47419,76218
47419,42505
47419,120315
47419,75583
47419,77375
47419,40269
47419,57800
47419,86478
47419,10130
47419,53006
47420,96836
47420,32760
47420,14126
47420,86846
47420,64433
47420,113433
47420,80949
47420,42712
47420,1533
47420,6440
47420,48066
47420,135208
47420,109727
47420,27999
47420,107963
47420,51912
47422,73696
47422,47625
47422,89389
47422,2194
47422,30707
47422,67451
47422,105713
47422,121114
47422,50797
47422,16284
47422,133369
47422,21122
47422,10611
47422,101254
47422,103462
47422,66278
47422,37057
47422,97087
47422,78605
47422,82035
47422,23076
47422,117652
47422,103742
47422,51777
47422,54007
47422,116919
47422,119175
47422,101759
47422,52011
47423,53341
47423,95166
47423,88096
47423,95307
47423,88218
47423,38571
47423,48153
47423,59526
47423,89073
47423,65606
47423,29604
47423,113349
47423,56880
47423,16706
47423,111106
47423,10404
47423,41488
47423,107872
47423,893
47423,92297
47423,1934
47423,46333
47423,121764
47423,81437
47423,68914
47423,30184
47423,49555
47423,21315
47423,85728
47423,114766
47423,74474
47423,42282
47423,111000
47423,63762
47425,126657
47425,61529
47425,3213
47425,105408
47425,139197
47425,15994
47425,1230
47425,76034
47425,126719
47425,41278
47425,4875
47425,70606
47425,60084
47425,121267
47425,135499
47425,53494
47425,71376
47425,10996
47425,80475
47425,41712
47425,70839
47425,7880
47425,64762
47425,35264
47425,6439
47425,78838
47425,114304
47425,106262
47425,77935
47425,10746
47425,74754
47425,69261
47426,19485
47426,74846
47426,134529
47426,88951
47426,113278
47426,19401
47426,135913
47426,129662
47426,1486
47426,134667
47426,139559
47426,19369
47426,41316
47426,131972
47426,47668
47427,110920
47427,80235
47427,124836
47427,29713
47427,135847
47427,86226
47427,82806
47427,128428
47427,26931
47427,14765
47427,126591
47427,47925
47427,45924
47427,107237
47427,27989
47427,129518
47427,56566
47427,75791
47427,95127
47427,71294
47427,32420
47427,86234
47427,2474
47427,75277
47427,93057
47427,90403
47427,81748
47427,27656
47427,69782
47427,88382
47427,121913
47428,81113
47428,99851
47428,122349
47428,8041
47428,131978
47428,50646
47428,1120
47428,138201
47428,126904
47428,121714
47428,126952
47428,59451
47428,13939
47428,72477
47428,137926
47428,64544
47428,126326
47428,7268
47428,121736
47428,14107
47428,27624
47428,63162
47428,29622
47428,134491
47428,104576
47428,106995
47428,69173
47428,114989
47428,100744
47428,63481
47428,68893
47428,77117
47428,72969
47429,133456
47429,21555
47429,123203
47429,111428
47429,25600
47429,92656
47429,128152
47429,68688
47429,90442
47429,39388
47429,115547
47429,8091
47429,69296
47429,120383
47429,139177
47429,57757
47429,134285
47429,3117
47429,128926
47429,26760
47429,69202
47429,139390
47429,37137
47429,67076
47429,90977
47429,58490
47429,140347
47429,99840
47429,39771
47429,29916
47431,22578
47431,115310
47431,89476
47431,21808
47431,89341
47431,30618
47431,27699
47431,139917
47431,63812
47431,55791
47431,121350
47431,10763
47431,58217
47431,113229
47431,60223
47431,78993
47431,82604
47431,137751
47431,52209
47431,5286
47431,112479
47431,106236
47431,9589
47431,66606
47431,101162
47431,62326
47431,57445
47431,108751
47431,34020
47431,23073
47431,45851
47433,109901
47433,98064
47433,106064
47433,11918
47433,90522
47433,99794
47433,100307
47433,17428
47433,36113
47433,7190
47433,102318
47433,125039
47433,39956
47433,80375
47433,105363
47433,25125
47433,4126
47433,94440
47433,90541
47433,19721
47433,18233
47433,118685
47433,7327
47433,66523
47433,19791
47433,42767
47433,131881
47433,22997
47433,136170
47434,106205
47434,59253
47434,62331
47434,104704
47434,22792
47434,32517
47434,83393
47434,132465
47434,34989
47434,11242
47434,58087
47434,58147
47434,138336
47434,131383
47434,86372
47434,71789
47434,590
47434,112549
47434,76904
47434,15713
47434,96964
47434,24520
47434,97545
47434,13392
47436,87975
47436,72233
47436,121334
47436,112646
47436,75050
47436,86630
47436,8108
47436,28249
47436,107314
47436,118704
47436,42350
47436,131538
47436,56428
47436,115898
47436,67217
47436,25397
47436,81819
47436,90638
47436,101115
47436,63554
47436,51500
47436,136371
47436,51479
47436,98774
47436,105644
47436,72021
47436,56086
47436,54688
47436,71748
47436,39620
47436,10084
47437,122777
47437,21277
47437,95420
47437,26764
47437,91563
47437,85213
47437,107701
47437,18207
47437,60123
47437,85360
47438,101880
47438,103888
47438,46370
47438,23373
47438,89054
47441,83134
47441,124652
47441,118755
47441,63928
47441,12425
47441,86622
47442,95962
47442,15490
47442,89200
47442,9510
47442,97859
47442,122720
47442,67177
47442,33882
47442,112890
47442,98695
47444,36066
47444,138060
47444,113891
47444,115380
47444,129563
47444,48970
47444,95906
47444,116865
47444,126784
47444,97991
47444,81479
47444,15636
47444,76543
47444,126512
47444,103094
47444,115489
47444,130
47444,41342
47444,139909
47444,88301
47444,22302
47444,9248
47444,27474
47444,123402
47444,131253
47444,88751
47444,61526
47444,124859
47444,115930
47444,22427
47444,12236
47444,23687
47446,126657
47446,139197
47446,37346
47446,120851
47446,25476
47446,68487
47446,82927
47446,42609
47446,62762
47446,7880
47446,15994
47446,65219
47446,32060
47446,122621
47446,1497
47446,36871
47446,79740
47446,77360
47446,98862
47446,16649
47446,41278
47446,71220
47446,59546
47446,92851
47446,90730
47446,7051
47446,21419
47446,25070
47446,128615
47446,27911
47446,101588
47446,1595
47448,53213
47448,50094
47448,90166
47448,78973
47448,90648
47448,85495
47448,50899
47448,87355
47448,128350
47448,41071
47448,48847
47448,138105
47448,13232
47448,73553
47448,38280
47448,123429
47448,67254
47448,44362
47448,10336
47448,128643
47448,91125
47448,91664
47448,13340
47448,39115
47448,8603
47448,19688
47448,15633
47448,34339
47448,101938
47449,91508
47449,97018
47449,779
47449,57516
47449,140432
47449,101916
47449,80016
47449,124467
47449,7967
47449,124689
47449,122551
47449,132621
47449,5779
47449,12663
47449,92153
47449,80642
47449,99392
47449,133959
47449,36737
47449,463
47449,60905
47449,140043
47449,74054
47449,68987
47449,94007
47449,11613
47449,96310
47449,60151
47449,124336
47449,83036
47449,26446
47450,124166
47450,58136
47450,24021
47450,119197
47450,68002
47450,31359
47450,17105
47450,59081
47450,125053
47450,136025
47450,67376
47450,84526
47450,131901
47450,95369
47450,101503
47450,419
47450,111508
47450,67569
47450,91687
47450,55073
47450,108433
47450,111435
47450,74298
47450,18635
47450,111831
47450,79068
47450,136880
47450,117751
47450,77465
47450,39748
47450,80251
47450,46505
47451,80034
47451,28495
47451,33405
47451,17739
47451,126013
47451,116176
47451,85430
47451,24519
47451,124652
47451,50215
47451,83134
47451,110990
47451,77504
47451,100238
47451,26118
47451,69232
47451,65860
47451,31576
47451,13499
47451,63928
47451,19427
47451,11881
47451,130878
47451,100674
47451,8343
47451,62167
47451,57312
47451,119766
47451,9082
47451,80265
47451,105720
47451,118919
47453,32752
47453,21344
47453,95085
47453,135423
47453,51287
47453,30992
47453,118674
47453,30851
47453,139309
47453,117509
47453,130559
47453,20969
47453,52199
47453,18255
47453,38898
47453,83043
47453,117793
47453,26006
47453,14669
47453,67319
47453,27192
47453,87006
47453,122060
47453,31573
47453,30261
47453,41066
47453,102633
47453,17880
47453,64517
47453,107404
47453,8409
47454,120612
47454,63747
47454,59936
47454,91228
47454,84066
47454,73176
47454,5738
47454,14564
47454,10894
47454,39772
47454,81541
47454,96833
47454,41275
47454,55016
47454,32124
47454,25057
47454,111575
47454,79441
47454,131322
47454,9900
47454,7935
47454,87909
47454,25927
47454,50888
47454,65525
47454,71683
47454,85083
47454,103368
47454,45689
47457,100122
47457,71220
47457,27911
47457,64249
47457,42609
47457,44419
47457,57790
47457,16649
47457,131357
47457,135537
47457,129228
47457,47786
47457,113069
47458,18237
47458,135671
47458,69376
47458,117952
47458,47640
47458,20972
47458,60516
47458,104
47458,76778
47458,90262
47458,73811
47458,125173
47458,26047
47458,14236
47458,114158
47458,46751
47458,127299
47458,81631
47458,33737
47458,79032
47458,5365
47458,100132
47458,12585
47458,14392
47458,55903
47458,26365
47458,66945
47458,31834
47461,106751
47461,29595
47461,12221
47461,139845
47461,8120
47461,56017
47463,112116
47463,62546
47463,58207
47463,26443
47463,71758
47463,109857
47463,94418
47463,20272
47463,140730
47463,27644
47463,85183
47463,135149
47463,65044
47463,125321
47463,11423
47463,25817
47463,71179
47463,80491
47463,62597
47463,124603
47463,8189
47463,115642
47463,135865
47463,89762
47463,12264
47463,13026
47463,4244
47463,25532
47463,139306
47463,53072
47463,124880
47463,86621
47463,135139
47463,61228
47464,21362
47464,120509
47464,76561
47464,55728
47464,61720
47464,119784
47464,3394
47464,715
47464,2959
47464,58464
47464,110218
47464,6718
47464,111649
47464,24242
47464,42181
47464,72955
47464,5792
47464,44736
47464,96029
47464,28805
47464,3279
47464,72121
47464,135439
47464,53533
47464,95563
47464,54077
47464,32410
47464,46526
47464,39019
47464,30931
47464,113576
47464,9752
47464,99722
47464,61135
47466,16896
47466,52414
47466,48644
47466,129819
47466,50391
47466,26694
47466,72219
47466,10467
47466,120672
47466,41639
47466,36700
47466,59027
47466,84300
47466,88380
47468,118670
47468,131917
47468,73077
47468,116505
47468,132210
47468,51178
47468,75972
47468,57169
47468,3724
47468,138745
47468,87652
47468,34221
47468,53883
47468,101520
47468,33828
47468,9831
47468,119794
47468,61011
47468,73145
47468,7620
47468,16325
47468,46027
47468,31038
47468,56697
47468,106307
47468,124043
47468,53916
47468,37330
47468,137646
47468,118206
47468,28132
47468,123898
47470,138150
47470,112578
47470,103008
47470,9390
47470,29458
47470,22421
47470,71163
47470,80454
47470,24809
47470,88256
47470,94051
47470,44936
47470,90044
47470,111813
47470,82208
47470,109685
47470,97894
47470,38501
47470,22096
47470,128267
47470,90272
47470,139095
47470,89092
47470,66552
47470,94908
47470,100200
47470,33777
47470,122922
47470,15350
47470,103625
47470,35697
47470,135653
47471,48004
47471,106230
47471,87154
47471,79106
47471,70887
47471,7377
47471,107028
47471,3775
47471,38758
47471,77574
47471,49928
47471,75147
47471,72631
47471,41400
47471,120248
47471,45961
47471,78725
47471,33509
47471,57125
47471,127988
47471,40048
47471,4634
47471,25979
47471,35010
47471,28517
47471,59042
47471,78642
47471,123584
47471,98719
47471,122248
47471,52263
47471,8374
47471,38064
47472,6591
47472,92430
47472,314
47472,1690
47472,91040
47472,61201
47472,65750
47472,40134
47472,131984
47472,53730
47476,9817
47476,90077
47476,71096
47476,117170
47476,1157
47476,11810
47476,45294
47476,29111
47476,675
47476,96587
47476,91190
47476,59745
47476,100953
47476,37935
47476,103017
47476,42504
47476,111972
47476,62688
47476,105525
47476,75392
47476,121976
47476,74800
47476,31855
47476,106117
47476,111999
47476,58350
47476,104101
47476,128365
47476,75754
47476,6636
47476,129075
47476,78620
47478,72988
47478,91408
47478,26755
47478,117915
47478,32464
47478,77326
47478,3126
47478,54806
47478,46206
47478,79900
47478,35821
47478,120316
47478,71234
47478,108901
47478,14994
47478,85401
47478,116682
47478,18814
47478,54613
47478,108435
47478,12024
47478,102921
47478,47619
47478,99043
47478,13932
47478,111196
47478,94444
47479,78952
47479,116661
47479,135868
47479,18377
47479,136739
47479,15363
47479,91984
47479,12189
47479,58839
47479,119030
47479,27028
47479,132250
47479,11591
47479,107282
47479,135415
47479,20931
47479,93297
47479,70032
47479,74071
47479,123180
47479,127851
47479,121993
47479,46192
47479,54628
47479,29700
47479,107500
47479,85130
47479,45963
47479,4560
47479,107528
47479,20729
47479,67638
47483,14780
47483,101002
47483,47954
47483,81287
47483,46571
47483,116019
47483,60745
47483,6743
47483,19196
47483,45918
47483,132818
47483,11326
47483,20132
47483,57565
47483,15804
47483,42782
47483,134732
47483,69469
47483,16788
47483,49598
47486,135868
47486,136739
47486,54628
47486,100226
47486,94531
47486,58503
47486,132250
47486,94761
47486,86245
47486,43696
47486,127851
47486,18377
47486,58271
47486,89300
47486,85130
47486,86219
47486,109198
47486,71644
47486,137526
47486,133688
47486,140769
47486,74454
47486,131303
47486,131743
47486,62435
47486,82619
47486,130943
47486,99381
47486,118199
47486,135613
47486,101124
47486,20710
47486,93794
47487,52921
47487,127697
47487,798
47487,133555
47487,39623
47487,18006
47487,57861
47487,16463
47487,17231
47487,95382
47487,108547
47487,54463
47487,136738
47488,114370
47488,22180
47488,78182
47488,5116
47488,12560
47488,35308
47488,64414
47488,79303
47488,70720
47488,120356
47488,90873
47488,848
47488,50810
47488,25498
47488,91402
47488,7958
47488,113920
47488,18611
47488,119392
47488,82338
47488,72344
47488,83340
47488,79311
47488,39016
47488,70676
47488,45450
47488,28884
47488,23776
47488,49817
47488,2671
47488,39020
47488,3376
47489,33228
47489,129530
47489,124324
47489,113509
47489,111172
47489,4538
47489,49300
47489,54844
47489,43659
47489,70363
47489,55715
47489,79418
47489,97546
47489,118470
47489,131231
47489,89517
47489,106717
47489,45921
47489,23371
47489,10124
47489,49113
47489,19106
47489,112994
47489,11219
47490,40271
47490,117523
47490,111382
47490,35820
47490,36599
47490,11
47490,601
47490,119034
47490,57269
47490,103223
47490,105569
47490,23807
47490,47810
47490,48574
47490,104803
47490,132805
47490,327
47490,110267
47490,138576
47490,61137
47490,59941
47490,77018
47490,33813
47490,88589
47490,34677
47490,119705
47490,20981
47497,12328
47497,113832
47497,43235
47497,27574
47497,110474
47497,53974
47497,93402
47497,139761
47497,24350
47497,53317
47497,114943
47497,133725
47497,85988
47497,26746
47497,4312
47497,11866
47497,4591
47497,81797
47497,33198
47497,32901
47497,106925
47497,136310
47497,108855
47497,123148
47497,82467
47497,39209
47497,32254
47497,137929
47497,66874
47497,45824
47501,7064
47501,18526
47501,52812
47501,124000
47501,117448
47501,76929
47501,77254
47501,17249
47501,80336
47501,234
47501,60270
47501,85147
47501,58113
47501,429
47501,49855
47501,19413
47501,86248
47501,5060
47501,40598
47501,90083
47501,39466
47501,10642
47501,86654
47501,65930
47501,40663
47501,16246
47501,89105
47501,89667
47501,18306
47501,122002
47502,56776
47502,53141
47502,52283
47502,12870
47502,91639
47502,108152
47502,125261
47502,119316
47502,80336
47502,117772
47502,40647
47502,94584
47502,92411
47502,52204
47502,30880
47502,7064
47502,64949
47502,66917
47502,90380
47502,125656
47502,21198
47502,68364
47502,53172
47502,13398
47502,77254
47502,21231
47502,29212
47502,37923
47502,138555
47502,19413
47502,49855
47502,140396
47502,10642
47503,14034
47503,71559
47503,4759
47503,72467
47503,92711
47503,105899
47503,91855
47503,121601
47503,58164
47503,134674
47503,20787
47503,115579
47506,98543
47506,66407
47506,86676
47506,128846
47506,121316
47506,122267
47506,77899
47506,17374
47506,14284
47506,1198
47506,90988
47506,15936
47506,35032
47506,26224
47506,103897
47506,10777
47506,126742
47506,90821
47506,49901
47506,100214
47506,106194
47506,123082
47506,37655
47506,71071
47506,118905
47506,56197
47506,80218
47506,132800
47506,83241
47506,954
47507,14254
47507,70462
47507,24611
47507,103868
47507,110976
47507,104709
47507,118343
47507,54585
47507,47811
47507,73036
47509,31029
47509,113227
47509,42771
47509,40908
47509,56551
47510,38164
47510,110300
47510,1696
47510,79318
47510,82329
47510,131958
47510,139966
47510,45211
47510,73822
47510,113416
47510,122409
47510,59354
47510,19469
47510,75781
47510,123723
47510,52139
47510,92315
47510,69811
47510,68027
47510,118968
47510,66476
47510,5104
47510,93272
47510,80833
47510,137301
47510,85852
47510,18181
47510,62152
47510,122343
47510,28983
47510,68567
47511,111936
47511,53791
47511,13819
47511,86668
47511,51715
47511,117877
47511,10949
47511,67001
47511,73353
47511,79898
47511,127204
47511,49880
47511,14202
47511,59241
47511,37159
47511,36333
47511,15604
47511,26698
47511,10424
47511,31549
47511,103768
47511,125314
47511,125463
47511,100119
47511,126788
47511,54149
47511,70454
47511,16091
47511,73019
47511,28373
47513,88475
47513,117927
47513,79325
47513,124072
47513,74091
47513,61495
47513,85534
47513,138789
47513,53742
47513,10499
47513,32081
47513,126973
47513,70460
47513,84444
47513,82956
47513,44112
47513,118563
47513,67370
47513,51105
47513,133203
47513,101951
47513,132067
47513,21323
47513,25495
47513,108895
47513,99092
47515,49533
47515,138301
47515,136778
47515,86008
47515,83484
47515,383
47515,18437
47515,51303
47515,33649
47515,136045
47515,67678
47515,99625
47515,109705
47515,96071
47515,13009
47515,110438
47515,60159
47515,111806
47515,14228
47515,73756
47515,224
47515,67100
47515,89791
47515,134766
47515,34147
47515,115281
47515,133007
47515,87397
47515,45134
47515,37612
47515,88075
47516,134845
47516,130468
47516,125655
47516,3776
47516,81804
47516,24092
47516,10906
47516,77444
47516,99844
47516,67150
47516,45650
47516,63582
47516,18410
47516,120636
47516,92995
47516,111823
47516,39137
47516,37394
47516,79137
47516,31437
47516,54403
47516,62946
47516,46411
47516,36466
47516,117624
47516,73078
47516,32491
47516,56603
47516,19974
47516,41497
47516,66800
47516,4302
47516,36992
47517,93613
47517,46406
47517,92463
47517,127819
47517,42833
47517,94946
47518,63016
47518,44385
47518,35308
47518,79303
47518,22180
47518,120356
47518,114370
47518,78182
47518,64414
47518,45450
47518,50810
47518,39016
47518,82338
47518,12560
47518,15145
47518,18611
47518,2103
47518,49817
47518,45021
47518,25498
47518,72344
47518,91402
47518,5116
47518,79311
47518,28884
47518,38398
47518,40230
47518,54860
47518,7958
47518,133377
47518,22790
47518,39020
47521,61777
47521,99419
47521,20444
47521,38687
47521,133991
47521,103361
47521,38247
47521,73538
47521,12014
47521,6929
47521,124286
47521,84858
47521,58281
47521,58965
47521,122988
47521,98360
47521,28832
47521,82130
47521,74318
47521,11688
47521,105573
47521,120220
47521,61433
47521,106749
47521,115537
47521,25662
47521,64507
47521,39322
47524,40974
47524,57997
47524,43241
47524,32625
47524,117976
47524,32243
47524,127482
47524,21731
47524,29286
47524,12248
47524,37429
47524,79775
47524,8212
47524,19731
47524,119952
47524,103937
47524,32565
47524,70568
47524,23697
47524,111860
47524,86289
47524,126571
47524,3566
47524,59779
47524,44693
47524,16020
47524,109431
47524,12875
47524,72684
47524,115029
47524,71277
47524,9253
47526,79424
47526,64736
47526,129693
47526,96352
47526,1121
47526,134688
47526,74689
47526,104073
47526,57441
47526,14533
47526,54315
47526,37000
47526,1638
47526,74308
47526,31304
47526,47522
47526,1083
47526,69667
47526,3219
47526,26271
47526,92155
47526,96075
47526,107055
47526,60019
47526,55308
47526,93860
47526,122932
47526,56413
47527,40378
47527,77657
47527,116813
47527,23779
47527,83990
47527,136668
47527,49906
47527,128685
47527,73136
47527,107130
47527,40044
47527,128535
47528,1497
47528,77360
47528,68487
47528,109576
47528,7880
47528,34222
47528,139530
47528,57790
47530,107159
47530,129796
47530,104582
47530,128762
47530,72317
47530,92238
47530,134277
47530,104830
47530,105848
47530,8275
47530,8877
47530,122921
47530,32952
47530,60651
47530,138239
47530,125574
47530,111523
47530,29363
47530,31638
47530,5561
47530,140289
47530,95871
47530,115700
47530,37542
47530,103740
47530,6565
47530,38969
47530,18687
47530,99428
47530,46955
47532,5282
47532,56358
47532,98441
47532,1731
47532,81228
47532,97513
47532,125549
47532,39723
47532,4983
47532,14023
47532,50098
47532,16962
47532,27610
47532,120261
47532,119466
47532,110941
47532,105927
47532,47046
47532,130375
47532,134782
47532,89617
47532,88199
47532,103406
47532,106958
47532,66129
47532,57281
47532,41857
47532,128620
47532,68356
47532,104415
47532,68142
47532,29203
47532,80605
47533,64736
47533,53926
47533,57857
47533,22453
47533,93358
47533,57441
47533,79387
47533,8914
47533,57132
47533,108968
47533,1083
47533,48339
47533,3219
47533,26271
47533,99171
47533,134688
47533,92155
47533,1638
47533,123942
47533,114246
47533,132784
47533,67004
47533,25456
47533,35222
47533,2922
47533,33553
47533,111797
47533,122932
47535,109600
47535,32505
47535,139886
47535,114642
47535,18217
47535,33036
47535,4994
47535,47861
47535,43372
47535,29660
47535,74582
47535,62016
47535,65874
47535,29566
47535,75609
47535,133653
47535,14314
47535,55056
47535,82623
47535,15456
47535,123824
47535,120729
47535,57154
47535,113862
47535,79349
47535,124964
47535,28755
47538,22189
47538,85073
47538,81851
47538,51828
47538,125667
47538,117768
47538,48086
47538,12375
47538,55045
47538,109884
47538,130020
47538,90574
47538,131449
47538,51901
47538,50853
47538,79833
47538,40024
47538,114605
47538,131051
47538,125575
47538,18124
47538,100403
47538,132228
47538,44840
47538,44142
47538,58532
47538,41567
47538,20506
47538,33261
47538,68476
47540,41976
47540,16223
47540,46255
47540,52461
47540,81854
47540,100023
47540,122268
47540,7156
47540,121972
47540,3797
47540,121692
47540,22300
47540,124032
47540,5314
47540,35048
47540,65758
47540,31233
47540,90621
47540,113701
47540,78979
47540,68313
47540,32222
47540,114283
47540,138168
47540,86231
47540,114170
47540,29426
47540,28685
47540,2754
47540,48439
47540,75071
47540,83625
47540,47974
47541,74181
47541,62779
47541,131065
47541,102583
47541,123220
47541,61619
47541,5468
47541,53901
47541,112589
47541,26226
47541,34762
47541,4066
47542,55012
47542,74514
47542,80293
47542,66666
47542,85601
47542,86682
47542,59780
47542,127116
47542,91871
47542,87307
47542,72213
47542,115214
47542,40787
47542,48919
47542,136306
47542,54662
47542,47105
47542,20857
47542,83925
47542,101317
47542,38335
47542,112939
47542,61170
47542,19201
47542,77594
47542,120100
47542,83133
47542,93870
47542,91981
47542,575
47542,49652
47545,13232
47545,53213
47545,85495
47545,50094
47545,87355
47545,78973
47545,90648
47545,128350
47545,60221
47545,109370
47545,132193
47545,48847
47545,73553
47545,93656
47545,44362
47545,16148
47545,123429
47545,38280
47545,25731
47545,91125
47545,39115
47545,138105
47545,91664
47545,15633
47545,8603
47545,132021
47545,44366
47545,10336
47545,67254
47545,76288
47545,19688
47545,128643
47546,60832
47546,73081
47546,128866
47546,100163
47546,107871
47546,55286
47546,112261
47546,29517
47546,19538
47546,97625
47546,43777
47546,139809
47546,122804
47546,537
47546,126951
47546,21398
47546,61330
47546,22019
47546,120352
47546,84430
47546,15768
47546,41679
47546,68553
47546,77247
47546,11683
47547,113604
47547,22645
47547,42050
47547,105892
47547,659
47547,96526
47551,28943
47551,48512
47551,25223
47551,21150
47551,35504
47551,35881
47551,140304
47551,75807
47551,115562
47551,121275
47551,90665
47551,21805
47551,34966
47551,128677
47551,51653
47551,51974
47551,55158
47551,43605
47551,112301
47551,131324
47551,107982
47551,12507
47551,125859
47551,90509
47551,51585
47551,68658
47551,48216
47551,52463
47551,3988
47551,12976
47554,30422
47554,96513
47554,59395
47554,87788
47554,85611
47554,109731
47554,123250
47554,7077
47554,39677
47555,18882
47555,111284
47555,27567
47555,137266
47555,102415
47555,110
47555,22602
47555,108883
47555,21153
47555,78305
47555,87097
47555,94147
47555,28240
47555,47612
47555,107424
47555,50466
47555,31505
47555,111901
47555,35674
47555,126569
47555,134758
47555,1132
47555,17701
47555,8626
47555,137161
47555,62419
47556,18177
47556,136175
47556,86335
47556,9264
47556,69881
47556,138228
47556,100633
47556,127694
47556,27589
47556,83442
47556,128357
47556,28207
47556,7114
47556,33657
47556,100024
47556,117026
47556,42306
47556,112805
47556,114024
47556,7088
47556,31147
47556,105005
47556,87816
47556,72838
47557,35936
47557,60472
47557,120657
47557,9187
47557,132777
47557,13073
47557,80453
47557,107543
47557,38161
47557,45673
47557,16404
47557,48321
47557,31068
47557,24011
47557,111768
47557,109309
47557,73337
47557,133867
47557,58288
47557,46655
47557,45026
47557,38631
47557,36161
47557,119884
47557,74857
47557,56120
47557,55574
47557,112404
47557,60528
47557,100437
47557,110957
47557,118896
47557,65469
47558,72471
47558,13644
47558,40445
47558,42618
47558,30271
47558,28865
47558,126534
47558,100825
47558,8408
47558,24278
47558,57196
47558,88626
47558,124392
47558,66349
47558,39004
47558,93461
47558,108827
47558,22290
47558,76607
47558,104563
47559,109103
47559,43405
47559,68984
47559,51760
47559,87826
47559,64596
47559,47059
47559,53438
47559,115503
47559,112398
47559,40235
47559,77775
47559,114930
47559,40211
47559,133774
47559,91134
47559,119123
47559,96456
47559,12977
47559,49280
47559,107399
47559,45634
47559,15871
47559,35872
47559,29263
47559,97484
47559,43016
47559,25529
47559,77083
47559,126612
47559,54140
47559,88321
47559,137407
47560,15655
47560,100585
47560,11957
47560,13139
47560,90081
47560,50554
47560,15630
47561,125133
47561,4373
47561,100360
47561,82417
47561,118453
47561,1204
47561,71825
47561,68329
47561,132056
47561,72814
47561,44788
47561,76815
47561,100215
47561,41622
47561,92659
47561,46788
47561,11617
47561,93905
47561,49883
47562,124166
47562,89951
47562,137514
47562,101503
47562,65100
47562,67376
47562,69489
47562,85065
47562,99430
47562,98106
47562,53547
47562,21688
47562,137042
47562,91084
47562,92403
47562,1535
47562,18085
47562,98457
47562,108433
47562,95369
47562,103353
47562,111831
47562,126732
47562,74298
47562,4256
47562,117012
47562,91687
47562,18635
47562,79068
47562,56064
47562,131344
47562,80251
47564,138874
47564,132545
47564,45906
47564,73947
47564,66186
47564,133231
47564,78194
47564,116831
47569,18598
47569,72286
47569,48947
47569,117809
47569,61700
47569,84048
47569,99128
47569,79507
47569,98096
47569,135352
47569,82603
47569,40252
47569,74459
47569,52348
47569,22498
47569,97707
47569,80722
47569,122093
47569,112154
47569,13430
47569,68935
47569,55702
47569,22190
47569,78802
47569,122701
47569,70953
47569,94381
47569,113917
47569,54384
47569,38264
47569,139224
47569,66350
47569,55584
47570,31732
47570,85841
47570,96101
47570,66719
47570,30432
47570,93885
47570,87601
47570,22450
47570,39740
47570,24146
47570,86791
47570,111527
47570,110908
47570,114312
47570,113926
47570,61553
47570,89963
47570,100731
47570,18641
47570,132201
47570,10666
47570,24738
47570,128758
47570,7817
47570,132691
47570,137183
47570,137528
47571,112195
47571,19427
47571,21679
47571,68366
47571,119766
47571,61069
47571,123935
47572,85472
47572,14175
47572,130069
47572,111037
47572,122439
47572,140107
47572,57217
47572,135855
47573,61980
47573,132827
47573,131491
47573,42225
47573,119879
47573,106115
47573,2975
47573,6434
47573,97889
47573,21717
47573,95558
47573,129773
47573,116625
47573,3835
47573,35059
47573,2812
47573,24983
47573,1605
47573,139016
47573,37558
47573,113064
47573,139777
47573,132766
47573,116156
47573,33019
47573,133375
47573,105897
47573,23972
47573,60771
47573,86536
47573,53177
47573,81883
47573,57613
47574,14743
47574,65128
47574,39939
47574,20089
47574,67694
47574,47505
47574,46523
47574,139911
47574,88418
47574,49092
47575,14193
47575,4329
47575,60782
47575,47228
47575,55714
47575,127990
47575,40624
47575,61068
47576,60785
47576,48665
47576,19166
47576,57531
47576,43830
47576,18873
47576,116080
47576,32752
47576,53290
47576,83473
47576,80385
47576,91343
47576,19005
47576,2771
47576,45395
47576,100924
47576,67489
47576,137360
47576,30992
47576,129900
47576,107732
47576,51287
47576,101402
47576,33439
47576,134836
47576,14669
47576,104257
47576,114733
47576,27521
47576,58030
47576,99970
47577,132611
47577,87494
47577,41102
47577,109120
47577,79989
47577,95261
47579,39639
47579,54048
47579,30443
47579,2859
47579,32202
47579,6452
47579,9619
47579,17508
47579,94950
47579,47233
47579,34936
47579,6341
47579,122027
47579,10346
47579,30414
47579,24757
47579,50994
47579,39235
47579,22031
47579,58775
47579,65825
47579,40226
47579,33839
47579,89566
47579,25039
47579,24149
47579,117542
47579,58843
47579,84641
47579,46409
47579,88870
47580,136159
47580,29286
47580,50890
47580,60458
47580,7360
47580,7258
47580,3566
47580,94956
47580,86289
47580,107316
47580,24345
47580,18380
47580,109431
47580,93944
47580,20133
47580,17213
47580,8951
47580,126571
47580,59638
47580,63457
47580,77583
47580,37798
47580,132293
47580,12347
47580,4666
47580,134654
47580,33466
47580,140130
47580,130018
47583,16675
47583,128819
47583,53933
47583,83674
47583,56612
47583,132636
47583,35468
47583,62001
47583,16298
47583,131745
47583,75720
47583,118198
47583,90831
47583,31561
47583,117634
47583,86742
47584,50195
47584,100611
47584,124077
47584,45212
47584,107855
47584,11718
47584,4206
47584,73052
47584,137048
47584,28855
47584,83809
47584,120745
47584,2782
47584,94827
47584,70266
47586,93595
47586,22582
47586,6413
47586,126035
47586,84378
47586,6370
47586,81332
47586,64547
47586,18018
47586,79329
47586,8019
47586,17774
47586,123370
47586,123712
47586,63097
47586,68408
47586,95797
47586,92079
47586,100171
47586,7464
47586,111821
47586,28210
47586,112412
47586,95059
47586,69967
47586,11755
47586,65057
47588,58915
47588,58934
47588,111178
47588,66503
47588,37720
47588,44469
47588,119069
47588,4127
47588,55733
47588,100395
47588,100018
47588,43094
47588,29486
47588,26606
47588,108801
47588,42172
47588,124136
47588,27391
47588,94075
47588,119663
47588,15746
47588,84438
47588,122799
47588,62899
47588,134280
47588,95203
47588,77970
47588,63845
47588,36546
47588,113467
47588,53669
47588,3705
47588,25757
47590,29783
47590,57702
47590,102476
47590,15618
47590,9284
47590,128201
47590,38148
47590,86976
47590,107608
47590,113196
47590,48975
47590,80754
47590,52353
47590,117456
47590,23975
47590,16423
47590,65120
47590,55270
47590,67258
47590,48721
47590,96176
47590,123031
47590,2659
47590,24120
47590,40064
47590,29991
47590,103009
47590,114536
47591,6624
47591,44992
47591,83144
47591,119454
47591,26930
47591,31075
47591,47272
47591,96532
47591,134335
47591,103718
47591,14999
47591,106992
47591,118257
47591,107340
47591,106674
47591,132483
47591,99631
47591,137799
47591,110591
47592,99479
47592,86529
47592,22279
47592,34262
47592,49562
47592,77175
47592,103952
47592,8469
47592,103439
47592,123551
47592,6663
47592,77539
47592,87049
47592,117222
47592,119596
47592,118203
47592,55183
47592,104071
47592,31804
47592,102488
47592,110515
47592,66445
47592,126395
47592,15536
47592,105891
47592,120581
47592,58772
47592,10270
47593,48280
47593,73675
47593,25965
47593,81388
47593,59320
47593,115319
47593,131463
47593,31977
47593,91116
47593,74437
47593,13109
47593,107069
47593,69073
47593,87494
47593,11522
47593,3054
47593,83537
47593,36553
47593,61220
47593,62212
47593,61744
47593,52829
47593,78793
47593,79956
47593,31547
47593,63094
47593,29789
47593,16232
47593,66762
47593,14947
47593,114639
47593,37677
47593,133942
47593,79614
47594,28884
47594,120968
47594,113920
47594,70676
47594,63016
47594,106075
47594,17500
47594,45450
47594,44385
47594,137244
47594,27885
47594,51420
47594,22790
47594,54860
47594,131898
47594,16455
47594,51546
47594,61379
47594,91107
47594,50810
47594,98175
47594,44713
47594,138809
47594,7958
47594,52678
47594,134754
47594,91402
47594,3376
47594,2103
47594,133377
47594,40230
47595,135551
47595,107846
47595,134686
47595,22471
47595,20136
47595,135487
47595,88219
47595,74882
47595,21443
47595,139719
47595,13019
47595,127861
47595,47556
47595,10418
47595,88778
47595,5961
47595,108213
47595,560
47596,128825
47596,32917
47596,81907
47596,63600
47596,30723
47596,81877
47596,67682
47596,73570
47596,102969
47596,36360
47596,138609
47596,4493
47596,122407
47596,106243
47596,8483
47596,28664
47596,45543
47596,5148
47596,59891
47596,79246
47596,98293
47596,80374
47596,59631
47596,112246
47596,48563
47596,118429
47596,64173
47596,73867
47596,133951
47596,113029
47596,120784
47596,12054
47596,62395
47596,99505
47597,127964
47597,100399
47597,62255
47597,60095
47597,11959
47597,98061
47597,87127
47597,50503
47597,118726
47597,61289
47597,29231
47597,73012
47597,129954
47597,86902
47597,33351
47597,113987
47597,111857
47597,6647
47597,92968
47597,20556
47597,115422
47597,90261
47597,92011
47597,41586
47597,127613
47597,4406
47597,83662
47597,103758
47597,43673
47597,42786
47597,39906
47597,138210
47597,57319
47598,133943
47598,78647
47598,66750
47598,32798
47598,48233
47598,133509
47598,88768
47598,127094
47598,53274
47598,106121
47598,135904
47602,79782
47602,109085
47602,18575
47602,66928
47602,139880
47602,19235
47602,54876
47602,17793
47602,72958
47602,123521
47602,101134
47602,121224
47602,93990
47602,123667
47602,6384
47602,30803
47602,125894
47602,94389
47602,47170
47602,72045
47602,86144
47602,77526
47602,66347
47603,4309
47603,44062
47603,95156
47603,14925
47603,46020
47603,67853
47603,80290
47603,91225
47603,119694
47603,118975
47603,46688
47603,88676
47603,136944
47603,136665
47603,114057
47603,90668
47603,2979
47603,63632
47603,62105
47603,56441
47603,52322
47603,40760
47603,21815
47603,20947
47603,12307
47603,140659
47603,97537
47603,73671
47603,114141
47605,82607
47605,32766
47605,35325
47605,130528
47605,29747
47605,67815
47605,38689
47605,42002
47605,2500
47605,31730
47605,104962
47605,137595
47605,61811
47605,138372
47605,8407
47605,82403
47605,4860
47605,59465
47606,15790
47606,91821
47606,128777
47606,44413
47606,46843
47606,120939
47606,26838
47606,89984
47606,42453
47606,4194
47606,12482
47606,685
47606,109907
47606,19111
47606,131819
47606,118285
47606,55930
47606,62274
47606,130706
47606,138981
47606,5028
47606,125738
47606,94304
47606,124005
47606,99017
47606,137530
47608,1230
47608,21155
47608,3213
47608,61529
47608,15994
47608,90730
47608,98736
47608,126657
47608,105408
47608,8962
47608,25476
47608,17633
47608,4875
47608,23268
47608,23212
47608,135499
47608,53494
47608,1497
47608,79740
47608,41278
47608,30950
47608,32887
47608,139366
47608,46809
47608,59546
47608,122621
47608,69261
47608,44923
47608,32112
47608,7880
47608,60084
47608,7051
47608,126665
47609,140238
47609,96806
47609,93619
47609,22711
47609,74047
47609,115965
47609,105739
47609,101447
47609,95836
47609,78431
47609,117947
47609,74341
47609,90991
47609,57429
47609,112285
47609,52663
47609,101872
47609,124196
47609,29690
47609,101573
47609,7693
47609,100203
47609,103945
47609,69277
47609,71422
47609,117714
47609,85125
47609,47033
47609,80995
47609,86838
47609,94337
47619,20629
47619,94614
47619,28227
47619,64674
47619,75468
47619,117761
47619,120112
47619,52762
47619,105776
47619,131004
47619,139819
47619,84613
47619,75861
47619,128584
47619,54582
47619,70171
47619,82824
47619,86382
47619,52614
47619,105223
47619,105424
47619,121050
47619,42
47619,78728
47619,79088
47619,74303
47619,135785
47619,114086
47619,67468
47619,26031
47620,66686
47620,109149
47620,58743
47620,27891
47620,31989
47620,54205
47620,3043
47620,104033
47620,81867
47620,31603
47620,134110
47620,31685
47620,135435
47620,22103
47621,47047
47621,104525
47621,137124
47621,31010
47621,135185
47621,67621
47621,52695
47621,27236
47621,52140
47621,121441
47621,51937
47621,92715
47621,47605
47621,19851
47621,138923
47621,2523
47621,12672
47621,44029
47621,44720
47621,37529
47621,93774
47621,99284
47621,60504
47621,103477
47621,34025
47621,32323
47621,20483
47621,116720
47621,30368
47621,83800
47621,132853
47621,41902
47621,101130
47622,112574
47622,124224
47622,22131
47622,50199
47622,140337
47622,91172
47622,38497
47622,137893
47622,123558
47622,113108
47622,58124
47622,101146
47622,58833
47622,140239
47622,85865
47622,50438
47622,72799
47622,113291
47622,130428
47622,38800
47622,46279
47622,42964
47622,139388
47622,39825
47622,14675
47622,90457
47622,92038
47622,58475
47622,49487
47622,123810
47622,14050
47623,82921
47623,39374
47623,76534
47623,16149
47623,30304
47623,106919
47623,109972
47625,84669
47625,95812
47625,26390
47625,6406
47625,88824
47625,125154
47625,15
47625,36624
47625,21076
47625,7648
47625,126815
47625,42358
47625,82989
47625,7873
47625,49209
47625,16188
47625,84649
47625,11815
47625,65839
47625,102643
47625,68011
47625,102714
47625,61863
47625,8519
47625,75466
47625,32030
47625,127775
47625,21184
47625,97014
47625,12657
47626,124166
47626,31359
47626,24021
47626,58136
47626,101503
47626,119197
47626,65100
47626,84526
47626,80869
47626,98457
47626,18085
47626,89951
47626,93384
47626,111940
47626,1260
47626,136025
47626,136880
47626,79068
47626,92403
47626,56064
47626,88553
47626,130532
47626,91084
47626,98557
47626,14342
47627,85089
47627,63550
47627,55544
47627,115805
47627,34160
47627,91021
47627,120379
47627,18418
47627,66440
47627,126217
47627,2980
47627,63819
47627,46114
47627,76580
47627,17635
47627,92634
47627,22007
47627,20433
47627,77723
47627,112059
47627,131135
47627,14033
47627,50691
47627,3969
47627,130456
47627,935
47627,75990
47627,57778
47627,106523
47627,3301
47627,126869
47627,76304
47627,35221
47627,1454
47627,74551
47627,83318
47628,21167
47628,48913
47628,104310
47628,56776
47628,46317
47628,47864
47628,88389
47628,100549
47628,65639
47628,91667
47628,92411
47628,115166
47628,108197
47628,139453
47628,123391
47628,33591
47628,97121
47628,43888
47628,92724
47630,50608
47630,41325
47630,133013
47630,30890
47630,76903
47630,138839
47630,60875
47630,94330
47630,135146
47630,20114
47630,69649
47630,36142
47630,77332
47630,99656
47630,101170
47630,66204
47630,46906
47630,48167
47630,102276
47630,45253
47630,74640
47630,79919
47630,58189
47630,44416
47630,126910
47630,77291
47630,132203
47631,139298
47631,21226
47631,130253
47631,65699
47631,26159
47631,90861
47631,87300
47631,10148
47631,105552
47631,12516
47631,96728
47631,19790
47631,11762
47631,85431
47631,95589
47631,101671
47631,17447
47631,2088
47631,18933
47631,125094
47631,23609
47631,46226
47631,106029
47631,112752
47631,78151
47631,20024
47631,129487
47631,31265
47631,52980
47631,75177
47631,107691
47632,44502
47632,122749
47632,13499
47632,39355
47632,136865
47632,117129
47632,117944
47632,52622
47632,20136
47632,135487
47632,19565
47632,136946
47632,57080
47632,86858
47632,11948
47632,67949
47632,116211
47632,23095
47632,61069
47632,139719
47632,126414
47632,88084
47632,63545
47632,28038
47632,22830
47632,13019
47632,122582
47632,137330
47632,14752
47632,39700
47632,5961
47634,9467
47634,93174
47634,46794
47634,9342
47634,32107
47634,18978
47634,111021
47634,99805
47634,3928
47634,116928
47634,59117
47634,81731
47634,27942
47634,123546
47634,133502
47634,119602
47634,97110
47634,114470
47634,124747
47634,105762
47634,103291
47634,3283
47634,87642
47634,86947
47634,75834
47634,63612
47634,38801
47634,21065
47634,67626
47634,27662
47634,86429
47634,15672
47634,138547
47636,48186
47636,125608
47636,73333
47636,94209
47636,34485
47636,674
47636,64165
47636,137282
47636,7161
47636,98130
47636,79509
47636,64139
47636,110664
47636,94964
47636,69543
47636,41378
47636,116876
47636,84959
47636,128983
47636,112569
47636,43120
47636,83248
47636,138458
47636,18870
47636,94781
47636,33553
47636,6585
47636,107639
47636,100749
47636,101066
47636,51304
47636,132535
47639,92029
47639,36072
47639,50966
47639,19870
47639,125581
47639,11510
47639,119407
47639,79692
47639,4688
47639,118795
47639,31583
47639,50149
47639,67727
47639,6704
47641,138452
47641,80709
47641,96780
47641,67477
47641,95095
47641,4503
47641,55127
47641,59721
47641,63188
47641,75408
47642,134567
47642,19738
47642,28891
47642,69297
47642,57357
47642,118923
47642,71776
47642,25905
47642,2026
47642,75321
47642,58701
47642,137086
47642,74581
47642,103414
47642,6157
47642,21468
47642,28688
47642,19904
47642,16315
47642,102254
47642,115959
47642,73781
47642,129355
47642,93625
47642,117670
47642,139447
47642,24989
47642,12469
47642,51686
47642,66561
47642,77546
47643,72970
47643,109722
47643,107662
47643,53837
47643,119029
47643,20415
47643,23772
47643,135716
47643,128410
47643,22605
47643,136757
47643,72798
47643,61982
47643,32248
47643,130822
47643,137179
47643,120002
47643,10105
47643,72120
47643,111264
47643,62526
47643,37684
47643,3239
47643,95802
47643,8404
47643,135294
47643,6028
47643,63264
47643,138146
47643,133325
47643,42846
47644,134518
47644,22173
47644,4502
47644,63
47644,39608
47644,87435
47644,138300
47644,108339
47644,13476
47644,49159
47644,78458
47644,135344
47644,122442
47644,140288
47644,13902
47644,3438
47644,48909
47644,138871
47644,104733
47644,238
47644,38588
47644,14466
47644,71032
47644,56048
47644,34227
47644,48893
47644,12025
47644,87940
47644,51442
47644,18475
47644,112499
47644,75740
47646,66381
47646,128473
47646,125345
47646,123929
47646,10368
47646,30580
47646,112796
47646,115293
47646,138351
47646,131119
47646,90990
47646,10233
47647,120494
47647,22916
47647,21100
47647,36080
47647,12724
47647,62379
47647,34317
47647,34719
47647,87571
47647,56170
47647,96339
47647,82590
47647,15011
47647,39217
47647,99286
47647,117672
47647,37579
47647,126406
47647,53399
47647,32143
47647,38422
47647,54266
47647,116602
47647,44985
47648,56578
47648,14001
47648,44532
47648,23631
47648,116809
47648,2953
47648,59463
47648,97808
47648,67023
47648,93087
47648,110676
47648,55882
47648,102923
47648,59930
47648,13923
47648,8793
47648,70696
47648,115209
47648,98869
47648,48226
47648,28509
47648,88214
47648,17156
47648,127085
47648,129295
47648,72131
47648,45750
47648,107339
47648,16673
47648,125973
47648,92866
47648,8116
47649,70720
47649,114370
47649,90873
47649,45450
47649,79303
47649,22180
47649,82338
47649,848
47649,64414
47649,35308
47649,120356
47649,50810
47649,25498
47649,85722
47649,7958
47649,5116
47649,18611
47649,28884
47649,91402
47649,113920
47649,2103
47649,98175
47649,83340
47649,119392
47649,3376
47649,72344
47649,79311
47649,68837
47649,40230
47649,54860
47649,22790
47651,99202
47651,16859
47651,21887
47651,36693
47651,84759
47653,116752
47653,24692
47653,29967
47653,120853
47653,107365
47653,50874
47653,136211
47653,46018
47653,76667
47653,8468
47653,86903
47653,52162
47653,12708
47653,122811
47653,130023
47653,120945
47653,69161
47653,119987
47653,123042
47653,1425
47653,48049
47653,135973
47653,83068
47653,73164
47653,16787
47653,86134
47653,103603
47653,13052
47653,128392
47653,88343
47653,40838
47653,37967
47656,27507
47656,28899
47656,3842
47656,80944
47656,9991
47656,28040
47656,41473
47656,95235
47656,70219
47656,133094
47656,7132
47656,24892
47656,104900
47656,95345
47656,41287
47656,89688
47656,13761
47656,100922
47656,108260
47656,532
47656,61409
47656,53281
47658,119388
47658,136686
47658,117787
47658,50912
47658,30867
47658,62593
47658,21469
47658,133227
47658,33341
47658,105300
47658,11719
47658,77275
47658,26548
47658,15174
47658,110402
47658,118908
47658,13297
47658,68723
47658,118064
47658,126103
47658,98668
47658,12082
47658,130231
47658,33764
47658,104648
47658,27040
47658,38345
47658,67367
47658,73134
47658,84322
47658,17345
47658,123377
47658,41001
47659,65884
47659,88241
47659,50500
47659,90172
47659,2894
47659,109929
47659,87806
47659,87240
47659,75542
47659,6374
47659,138036
47659,47441
47659,63538
47659,67320
47659,127994
47659,11902
47659,125113
47659,52008
47659,12337
47659,127333
47659,120946
47659,27587
47659,73529
47659,78913
47659,38939
47659,120159
47659,80632
47659,33929
47659,17309
47659,88243
47659,16663
47659,74449
47661,9131
47661,120193
47661,58718
47661,84104
47661,114891
47661,92996
47661,36134
47661,38649
47661,71467
47661,15564
47662,53308
47662,109341
47662,124971
47662,42279
47662,10373
47662,3496
47662,53986
47662,47298
47662,77718
47662,107957
47662,113843
47662,75604
47662,962
47662,75405
47662,102535
47662,123915
47662,73772
47662,9830
47662,67452
47662,26664
47662,84529
47662,26314
47662,35320
47662,26915
47662,91266
47662,103488
47662,80061
47662,41060
47662,101389
47662,43022
47662,95040
47662,55740
47662,6471
47663,90377
47663,90836
47663,22013
47663,37543
47663,62726
47663,43657
47663,95182
47663,59322
47663,42011
47663,48375
47663,27142
47663,23721
47663,79235
47663,31486
47663,38837
47663,37304
47663,25236
47663,66803
47663,68833
47663,79537
47663,77411
47663,48924
47663,63276
47663,31166
47663,85321
47663,55050
47663,102874
47663,113761
47663,64602
47663,8797
47663,115848
47663,39329
47664,34436
47664,41467
47664,64433
47664,28159
47664,132363
47664,123004
47664,32760
47664,122708
47664,1533
47664,37145
47664,14126
47664,135208
47664,42712
47664,27999
47664,32867
47664,109727
47664,25527
47664,48066
47664,79934
47664,22673
47664,107963
47664,6440
47664,4629
47664,51912
47664,86846
47665,60174
47665,98185
47665,63106
47665,26737
47665,70578
47665,17726
47665,39301
47665,138179
47665,77440
47665,108493
47665,12692
47665,92364
47665,44741
47665,116636
47665,12998
47665,37937
47666,132968
47666,20277
47666,48401
47666,79626
47666,49587
47666,123865
47666,2800
47666,76343
47666,119487
47666,64839
47666,37148
47666,108467
47666,1487
47666,66461
47666,104959
47666,33543
47666,129244
47666,76306
47666,10680
47666,6095
47666,43136
47666,128344
47666,4644
47666,56687
47666,114532
47666,125228
47666,26685
47666,42456
47666,59903
47666,54168
47666,110147
47666,53326
47668,74242
47668,14868
47668,40738
47668,22273
47668,37786
47668,90077
47668,108340
47668,86608
47668,61815
47668,71096
47668,64408
47668,75137
47668,75320
47668,42504
47668,121072
47668,28140
47668,74800
47668,51347
47668,92274
47668,95096
47668,48364
47668,11810
47668,121976
47668,68355
47668,62688
47668,47839
47668,117636
47668,87705
47668,128365
47668,43315
47668,129075
47668,6636
47669,118343
47669,54585
47669,61498
47669,11861
47669,106792
47669,67795
47669,79133
47669,79823
47669,70462
47669,14254
47669,110976
47669,103868
47669,47811
47669,81173
47669,104709
47669,107027
47669,93985
47669,24611
47669,138457
47669,128382
47672,124166
47672,137514
47672,79068
47672,68002
47672,31359
47672,95369
47672,116455
47672,85065
47672,67376
47672,112568
47672,125053
47672,89951
47672,136880
47672,91687
47672,67569
47672,65100
47672,18635
47672,74298
47672,56064
47672,126732
47672,4256
47672,109650
47672,115213
47672,46505
47672,69489
47672,111831
47672,111940
47672,8289
47672,137042
47672,138603
47672,81509
47672,70273
47674,38419
47674,137997
47674,124342
47674,116942
47674,37818
47674,131892
47674,104517
47674,77089
47674,21018
47674,70177
47674,14082
47674,35223
47674,90845
47674,114932
47674,78500
47674,59781
47674,59657
47674,40279
47674,49656
47674,134154
47674,94455
47674,68420
47674,24545
47674,60846
47674,125083
47674,77914
47674,77795
47674,38904
47674,90809
47674,60468
47674,122112
47674,117294
47674,46274
47676,41283
47676,115897
47676,75313
47676,101336
47676,113570
47676,43484
47676,62230
47676,112891
47676,60252
47676,7862
47676,56422
47676,20703
47676,91523
47676,116480
47676,19684
47676,121423
47676,8164
47680,76727
47680,69132
47680,13703
47680,100509
47680,131680
47680,5315
47680,64114
47680,139570
47680,101180
47680,26949
47681,133991
47681,6929
47681,82130
47681,74318
47681,28832
47681,61433
47681,99419
47681,105573
47681,61777
47681,64507
47681,124286
47681,41261
47681,73538
47681,12014
47681,11688
47681,58965
47681,58281
47681,38687
47681,103361
47681,20444
47681,63023
47681,38247
47681,115537
47681,84858
47681,25662
47685,139298
47685,21226
47685,65699
47685,11762
47685,101671
47685,68375
47685,75691
47685,91683
47685,124063
47685,110951
47685,82564
47685,55818
47685,97940
47685,87300
47685,95589
47685,90861
47685,131380
47685,26159
47685,20024
47685,117346
47685,2088
47685,23394
47685,17447
47685,26994
47685,23609
47685,71247
47685,37759
47685,63875
47685,127592
47685,107691
47685,10148
47687,44017
47687,120572
47687,83363
47687,110005
47687,333
47687,124612
47687,79340
47687,139112
47687,124276
47687,69426
47687,117224
47687,16730
47687,15458
47687,14259
47687,56453
47687,89448
47687,56458
47687,60339
47687,118913
47687,77528
47687,69999
47687,30535
47687,109453
47687,76219
47687,99972
47687,70444
47687,108819
47687,59195
47687,89069
47687,46250
47687,54609
47688,11511
47688,18716
47688,19434
47688,134181
47688,93439
47688,99570
47688,33908
47688,87186
47688,10737
47688,134876
47688,63192
47688,35876
47688,130002
47689,106421
47689,90920
47689,87154
47689,106230
47689,7377
47689,124778
47689,107028
47689,2906
47689,38758
47689,38913
47689,87490
47689,72631
47689,41400
47689,120248
47689,63604
47689,123584
47689,80579
47689,86989
47689,134538
47689,134288
47689,14024
47689,4634
47689,75795
47689,35010
47689,7895
47689,84341
47689,25979
47689,28517
47689,98719
47689,101982
47689,19150
47689,14478
47689,72826
47691,21500
47691,126755
47691,29947
47691,101412
47691,91415
47691,44281
47691,30297
47691,57916
47691,93269
47691,112969
47691,96212
47691,96269
47691,113220
47691,105186
47691,122741
47691,93657
47691,63601
47691,57838
47691,134644
47691,140241
47691,43628
47691,41313
47691,110717
47691,38065
47691,114018
47691,129910
47694,20015
47694,95198
47694,121822
47694,122143
47694,29047
47694,37090
47694,63873
47694,127896
47694,38296
47694,114621
47694,71288
47694,90215
47694,85443
47694,102197
47694,106401
47694,68694
47694,14733
47694,50881
47694,65713
47694,47524
47694,59020
47694,107791
47695,85161
47695,124540
47695,100805
47695,68005
47695,80425
47695,74369
47696,49443
47696,135172
47696,67030
47696,117516
47696,136157
47696,131175
47696,11900
47696,65413
47696,119232
47696,139374
47696,100760
47696,10509
47696,137723
47696,68539
47696,104219
47696,64422
47696,80478
47696,25628
47696,97918
47696,34424
47696,81259
47696,90176
47696,6986
47696,103200
47696,87181
47696,28681
47696,5354
47696,6927
47696,139320
47697,73970
47697,10035
47697,60827
47697,63493
47697,12961
47697,38675
47697,130294
47697,34404
47697,75622
47697,75976
47697,25536
47697,125192
47697,112649
47697,68484
47697,70378
47697,70576
47697,24020
47697,113863
47697,39303
47697,48988
47697,7506
47697,117465
47697,55065
47697,97847
47697,25882
47697,137608
47697,139333
47697,105092
47697,92000
47697,3136
47697,92735
47698,119588
47698,3933
47698,59797
47698,48377
47698,83953
47698,21839
47698,1162
47698,117441
47698,107353
47698,9046
47698,118395
47700,138839
47700,69649
47700,98990
47700,99788
47700,91384
47700,34110
47700,28322
47700,38828
47700,68049
47700,101170
47700,36675
47700,3126
47700,128521
47700,46206
47700,58232
47700,45253
47700,125136
47700,102276
47700,115616
47700,97732
47700,77332
47700,15571
47700,27109
47700,108124
47700,18814
47700,99043
47700,13932
47706,88503
47706,95527
47706,32037
47706,140726
47706,110337
47706,21591
47706,25272
47706,128619
47706,43900
47706,93002
47706,48248
47706,111900
47706,106305
47706,73871
47706,68580
47706,69693
47706,24890
47706,99536
47706,138563
47706,129010
47706,94514
47706,22864
47706,105083
47706,6150
47706,86054
47706,46331
47707,40834
47707,87379
47707,68407
47707,63793
47707,9921
47707,96413
47707,72338
47707,47378
47707,40719
47707,2957
47707,105908
47707,137653
47707,119354
47707,46338
47707,6946
47707,40938
47707,117407
47707,30063
47707,103342
47707,47396
47707,43610
47707,12857
47707,124589
47707,77067
47707,25765
47707,84297
47707,91284
47712,24021
47712,125053
47712,101503
47712,85065
47712,119197
47712,66506
47712,84526
47712,89951
47712,79953
47712,18085
47712,111508
47712,91084
47712,111435
47712,79068
47712,131901
47712,1535
47712,93384
47712,65100
47712,88553
47712,1260
47712,92403
47712,56064
47712,111940
47712,62168
47712,117751
47712,77465
47712,39748
47712,131344
47713,29434
47713,94594
47713,40914
47713,50566
47713,110662
47713,43976
47713,16553
47713,123873
47713,11082
47713,54681
47713,99382
47713,16831
47713,44055
47713,90726
47713,62369
47713,75553
47713,541
47713,95607
47713,54370
47713,30783
47713,120262
47714,72427
47714,43720
47714,67192
47714,131107
47714,57166
47714,94144
47714,87314
47714,126884
47714,22739
47714,45897
47714,97857
47714,1340
47714,56438
47714,136691
47714,32406
47714,66876
47714,21716
47714,122232
47714,46400
47714,107363
47714,80915
47714,17771
47714,124543
47714,87996
47714,21960
47714,41891
47714,114531
47714,114353
47714,98300
47714,43045
47714,70876
47714,90034
47714,88638
47717,81449
47717,76214
47717,21129
47717,29726
47717,140503
47717,70401
47717,137305
47717,36952
47717,36320
47717,1248
47717,96662
47717,103682
47717,87878
47717,19956
47717,75778
47717,102992
47717,21693
47717,42200
47717,46134
47717,104649
47717,75658
47717,88496
47717,40185
47717,11710
47717,51790
47717,14468
47717,10145
47717,48419
47717,33023
47717,115421
47717,45447
47717,112607
47717,25908
47718,29286
47718,136159
47718,60458
47718,7360
47718,24345
47718,3566
47718,94956
47718,50890
47718,86289
47718,140130
47718,18380
47718,93944
47718,109431
47718,20133
47718,74130
47718,17213
47718,8951
47718,7258
47718,63457
47718,94596
47718,126571
47718,59638
47718,95486
47718,37798
47718,77583
47718,80767
47718,12783
47718,134654
47718,39975
47718,82957
47718,139502
47718,130018
47720,60500
47720,31509
47720,36889
47720,112518
47720,43929
47720,118542
47720,110820
47720,9044
47720,128616
47720,36290
47720,21614
47720,23755
47722,5116
47722,64414
47722,79303
47722,91402
47722,113499
47722,68837
47722,45450
47722,49817
47722,72344
47722,79311
47722,39016
47722,38398
47723,35493
47723,90687
47723,25756
47723,13403
47723,21393
47723,66093
47723,109217
47723,105658
47723,77276
47723,103892
47723,109789
47723,83262
47723,58145
47723,64967
47724,82970
47724,88142
47724,47880
47724,126348
47724,44466
47724,61627
47724,17168
47724,28528
47724,92445
47724,130589
47724,107751
47724,55435
47724,46777
47724,52067
47724,41182
47724,92797
47724,26389
47724,135601
47724,108635
47724,122937
47725,31977
47725,115468
47725,11235
47725,83461
47725,55430
47725,126712
47725,91185
47725,23427
47725,54094
47725,126393
47725,40958
47725,58293
47725,79408
47725,130513
47725,52913
47725,110868
47725,35188
47725,63035
47725,36891
47725,45643
47725,86060
47725,57027
47725,73665
47725,101560
47725,58395
47725,75452
47725,62212
47725,61744
47725,87899
47725,37240
47725,16069
47725,13072
47725,29565
47726,13742
47726,90713
47726,4970
47726,33871
47726,86073
47726,90628
47726,130874
47726,80518
47726,56966
47726,74131
47726,31363
47726,6748
47726,27501
47726,100719
47726,100326
47726,111369
47726,20340
47726,58752
47726,21146
47726,98364
47726,122973
47726,32647
47726,19801
47726,18546
47726,25991
47726,33927
47726,112639
47726,49365
47730,56270
47730,54310
47730,109465
47730,100921
47730,95331
47730,89763
47730,110337
47730,83767
47730,89282
47730,1996
47730,21048
47730,15024
47730,6846
47730,86105
47730,94573
47730,128170
47730,21591
47730,82766
47730,59231
47730,94514
47730,133291
47730,103469
47730,104919
47730,61402
47730,138307
47730,130919
47730,39250
47730,130276
47730,84389
47730,125232
47732,17690
47732,132976
47732,90822
47732,123169
47732,40600
47732,98892
47732,87478
47732,95015
47732,15273
47732,120909
47732,3215
47732,94952
47732,136580
47732,29504
47732,114481
47732,4013
47732,138159
47732,71763
47732,64338
47732,30102
47732,4595
47732,94870
47732,132388
47732,29930
47732,14660
47732,78519
47732,5299
47733,86064
47733,44715
47733,87471
47733,89070
47733,3379
47733,73825
47733,83851
47733,46650
47733,133692
47733,6097
47733,12904
47733,78855
47733,4510
47733,25226
47733,85209
47733,1901
47733,3087
47733,48871
47733,38830
47734,30949
47734,68282
47734,140120
47734,4780
47734,4573
47734,118755
47734,135487
47734,110990
47734,52135
47734,22510
47734,105456
47734,132817
47734,11948
47734,31576
47734,63129
47734,75637
47734,44273
47734,74279
47734,11881
47734,119207
47734,95577
47734,39700
47734,72402
47734,122517
47734,56579
47734,115431
47734,49388
47734,81375
47734,27955
47734,11868
47734,116460
47734,128544
47736,46846
47736,82487
47736,19953
47736,25583
47736,24650
47736,39160
47736,28618
47736,42292
47736,46806
47736,32213
47736,88329
47736,84012
47736,27192
47736,39851
47736,57852
47736,58547
47736,48593
47736,100631
47736,38003
47736,75371
47736,118856
47736,82627
47736,51573
47736,67987
47736,50724
47736,71338
47736,89613
47736,51421
47736,39141
47736,59165
47736,127782
47736,55092
47740,59111
47740,130781
47740,58078
47740,43445
47740,36861
47740,3321
47740,4219
47740,113650
47740,123205
47740,71907
47740,136775
47740,139080
47740,98091
47740,107271
47740,3423
47740,31953
47740,78476
47740,50477
47740,120826
47740,7926
47740,33291
47740,39764
47740,63346
47740,28770
47740,68171
47740,140775
47740,54984
47740,8762
47740,38356
47740,139894
47740,30023
47740,55571
47740,123619
47740,37508
47742,15692
47742,80543
47742,91490
47742,30935
47742,103019
47742,107766
47742,99110
47742,52498
47742,56748
47742,5743
47742,30245
47742,120583
47742,57242
47742,6867
47742,11589
47742,62387
47742,82749
47742,124420
47742,47222
47742,19946
47742,72325
47742,13915
47742,12550
47742,93288
47742,129277
47742,54959
47744,79380
47744,50150
47744,42345
47744,73842
47744,102686
47744,120751
47744,85810
47744,96691
47744,4673
47744,1527
47744,99930
47744,9907
47744,114792
47744,137962
47744,124019
47748,50728
47748,32276
47748,109960
47748,5061
47748,139892
47748,43893
47748,106538
47748,108223
47748,79720
47748,51219
47748,33382
47748,20178
47748,9849
47748,136799
47748,78064
47748,33734
47748,23187
47748,111549
47748,65826
47748,24095
47748,131591
47748,20879
47748,60309
47748,5030
47748,94363
47748,117292
47748,31450
47748,120549
47748,46938
47748,114019
47748,139693
47748,137953
47748,89096
47749,133764
47749,78569
47749,6975
47749,121401
47749,57068
47749,97103
47749,62993
47749,39114
47749,11735
47749,37156
47749,103354
47749,92541
47749,84403
47749,27846
47749,58483
47749,106319
47749,64868
47749,137979
47749,88678
47749,107162
47749,33
47749,47561
47749,109133
47749,63280
47749,56779
47749,86617
47749,87190
47749,96019
47749,136282
47749,109315
47749,139148
47749,119295
47749,10651
47750,73452
47750,57584
47750,33977
47750,126665
47750,38291
47750,85300
47750,120497
47750,92663
47750,24559
47750,38750
47752,140555
47752,61171
47752,131620
47752,48336
47752,106528
47752,67382
47752,57419
47752,103641
47752,105531
47752,102771
47752,27427
47753,39516
47753,128956
47753,12043
47753,75852
47753,8112
47753,46201
47753,84065
47753,24861
47753,79159
47753,51431
47753,133962
47753,66589
47753,121451
47753,50091
47753,99585
47753,121819
47753,6936
47753,4716
47753,38636
47753,100402
47753,111638
47753,64891
47753,22072
47753,38396
47753,69191
47753,66420
47753,83048
47753,34600
47753,133672
47753,139212
47753,115019
47753,127255
47753,22826
47754,17708
47754,98091
47754,24794
47754,58631
47754,34319
47754,64599
47754,39122
47754,119252
47754,34524
47754,95187
47754,98726
47754,139894
47754,97565
47754,7926
47754,30023
47754,3423
47754,55571
47754,11150
47754,29329
47754,32653
47754,50450
47754,88134
47754,92251
47754,98018
47754,90162
47754,86189
47756,22180
47756,35308
47756,90873
47756,114370
47756,70720
47756,82338
47756,85722
47756,78182
47756,5116
47756,64414
47756,12560
47756,50810
47756,848
47756,49817
47756,120356
47756,72344
47756,18611
47756,119392
47756,2103
47756,79303
47756,68837
47756,25498
47756,83340
47756,113499
47756,129620
47756,137562
47756,79311
47756,23016
47756,39016
47756,91402
47756,3376
47756,45450
47756,40230
47757,94328
47757,131950
47757,2219
47757,10291
47757,79636
47757,28077
47757,106540
47757,127750
47757,93602
47757,46012
47757,10526
47757,28717
47757,17254
47757,91625
47757,110698
47757,95024
47757,117677
47757,13861
47757,34618
47757,30581
47757,58907
47757,129892
47757,50120
47757,48076
47757,136223
47757,71400
47757,106575
47757,60023
47757,106390
47757,128257
47757,124929
47758,80091
47758,99119
47758,46111
47758,7342
47758,57838
47758,102314
47758,51953
47758,138237
47758,105405
47758,23436
47758,115598
47758,140241
47758,126096
47758,110717
47758,93037
47758,93700
47758,38944
47758,33976
47758,98898
47758,138568
47758,107651
47758,118088
47758,4897
47758,38065
47758,39987
47758,110060
47758,85654
47758,38921
47758,129910
47758,47519
47758,45688
47759,118084
47759,58630
47759,138466
47759,57774
47759,50742
47759,53590
47759,81821
47759,95549
47759,15940
47759,84477
47759,84167
47759,16934
47759,16807
47759,16599
47759,93055
47759,2704
47759,94663
47759,124535
47759,17884
47759,94478
47759,32576
47759,82032
47759,80283
47759,8005
47759,46653
47759,69911
47759,105498
47759,62869
47759,121408
47760,66255
47760,62467
47760,5033
47760,119181
47760,42287
47760,118521
47760,17531
47760,122656
47760,62565
47760,112140
47760,48868
47760,55185
47760,9261
47760,52617
47760,41611
47760,53814
47760,66460
47760,36199
47760,138198
47760,134503
47760,60298
47760,26492
47760,14370
47761,12055
47761,9199
47761,107743
47761,96069
47761,91299
47761,118887
47761,124823
47761,30136
47761,76206
47761,82299
47761,21342
47761,43572
47762,67020
47762,26742
47762,102589
47762,26091
47762,51738
47762,93314
47762,5055
47762,25501
47762,120036
47762,20062
47762,79684
47762,42870
47767,133433
47767,118215
47767,23967
47767,26787
47767,67075
47767,113930
47767,92533
47767,36055
47767,13056
47767,72468
47767,98773
47767,50694
47767,1178
47767,91160
47767,38447
47767,111081
47767,57896
47767,22851
47767,46233
47767,33276
47767,99572
47767,53836
47767,18399
47767,58988
47767,71775
47767,99931
47767,32985
47767,133425
47767,98224
47767,2907
47767,96434
47767,29800
47768,106991
47768,132199
47768,94360
47768,10348
47768,49382
47768,81458
47768,69546
47768,64628
47769,17455
47769,111383
47769,41470
47769,17894
47769,17806
47769,117280
47769,81460
47769,41578
47769,3706
47769,5949
47769,9420
47769,99720
47769,132329
47769,50030
47769,10571
47769,126246
47769,61580
47769,39436
47769,52653
47769,127277
47769,127575
47769,60679
47769,87621
47769,68185
47769,4433
47769,40087
47769,135382
47769,13905
47769,103225
47769,117710
47769,125967
47769,88811
47769,58746
47771,59324
47771,68495
47771,95258
47771,128090
47771,88347
47771,97574
47771,138575
47771,22780
47771,29927
47771,55019
47771,52451
47771,72424
47771,112502
47771,118936
47771,112345
47771,131828
47771,1753
47771,78572
47771,66475
47771,15399
47771,3367
47771,44796
47771,6906
47771,103339
47772,97937
47772,27788
47772,119653
47772,118188
47772,9696
47772,96426
47772,4106
47772,4435
47772,49601
47772,105336
47773,24421
47773,128308
47773,16666
47773,83641
47773,115908
47773,5665
47773,116755
47773,72872
47773,132697
47773,58978
47773,43849
47773,137710
47773,69420
47773,98092
47773,127376
47773,105465
47773,1681
47773,84921
47773,41580
47773,2763
47773,1119
47773,65085
47774,128009
47774,138073
47774,14894
47774,73298
47774,96545
47774,130290
47774,30132
47774,54783
47774,94981
47774,117823
47774,24402
47774,117013
47774,75824
47774,137300
47774,124339
47774,70333
47774,1557
47774,846
47774,53102
47774,122227
47774,72962
47774,106853
47774,67405
47774,113942
47774,91433
47774,64018
47774,116127
47774,100630
47774,55386
47774,5296
47774,55000
47774,38513
47774,132422
47775,70557
47775,96926
47775,81884
47775,120955
47775,127310
47775,66102
47775,79395
47775,27389
47775,131510
47775,85438
47775,111047
47775,124566
47775,109781
47775,51731
47775,104871
47775,140068
47775,69200
47775,48593
47775,39851
47775,58547
47775,57852
47775,102633
47775,47614
47775,35044
47775,50163
47775,44912
47775,22764
47775,64553
47775,51573
47775,5600
47775,55092
47775,94239
47775,98428
47776,19202
47776,14844
47776,42967
47776,117772
47776,40647
47776,19233
47776,84311
47776,86892
47776,16024
47776,110225
47776,97121
47776,2094
47776,93462
47776,37923
47776,78727
47776,8536
47776,124538
47776,89365
47776,118469
47776,133815
47776,103665
47776,55224
47776,63202
47776,2312
47776,46981
47776,46726
47776,42723
47776,40901
47776,29212
47776,15103
47776,135176
47776,129376
47776,105232
47777,119165
47777,12097
47777,139675
47777,14336
47777,71380
47777,113051
47777,133794
47777,66013
47777,15715
47777,110592
47777,118456
47777,36844
47777,59587
47777,111546
47777,22162
47777,110728
47777,124277
47777,119094
47777,52908
47777,31400
47777,8894
47777,61253
47777,33074
47777,59730
47777,8159
47777,135188
47777,25095
47777,113143
47777,18730
47777,93036
47777,98107
47777,16827
47777,72733
47779,57551
47779,114181
47779,67345
47779,62444
47779,119966
47779,118281
47779,140189
47779,56803
47779,15988
47779,125794
47779,42115
47779,96853
47779,118753
47779,12878
47779,18560
47779,87738
47779,40768
47779,12678
47779,112569
47779,53423
47779,119785
47779,44489
47779,80196
47779,29564
47779,135981
47779,33765
47779,67552
47779,102352
47779,89522
47779,663
47779,114104
47780,10202
47780,66776
47780,31285
47780,67779
47780,46881
47780,73501
47780,6037
47780,16927
47780,135253
47780,32797
47780,40212
47780,32869
47780,50935
47781,85980
47781,132863
47781,45493
47781,65353
47781,78343
47781,67823
47781,15841
47781,121261
47781,76788
47781,111798
47781,133723
47781,108650
47781,78832
47781,17644
47781,66309
47781,40913
47781,124897
47781,111887
47781,55161
47781,117104
47781,136702
47781,43061
47781,21975
47781,108879
47781,15245
47781,77557
47783,72166
47783,19364
47783,15631
47783,1433
47783,140116
47783,20361
47783,25260
47783,3009
47783,19728
47783,28037
47783,56421
47783,67271
47783,138980
47783,140323
47783,38475
47783,59256
47783,86129
47783,97787
47783,62628
47783,18360
47783,93584
47783,6885
47783,8567
47783,28174
47783,114323
47783,37388
47783,49228
47785,27029
47785,89387
47785,18497
47785,13836
47785,31212
47785,61751
47785,67340
47785,111733
47785,116851
47785,114680
47785,40015
47785,13623
47785,71374
47785,25016
47785,48616
47785,71529
47785,97451
47785,73339
47785,96202
47785,87766
47785,29728
47785,41443
47785,19210
47785,140156
47785,12666
47785,114796
47785,27984
47785,78706
47785,104163
47785,30239
47785,48446
47785,34549
47786,27416
47786,54723
47786,117792
47786,138974
47786,77071
47786,33758
47786,57863
47786,140013
47786,55247
47786,35070
47786,18705
47786,124503
47786,469
47786,86328
47786,134166
47786,28636
47786,66026
47786,47278
47786,65651
47786,31459
47786,43576
47786,36163
47786,107778
47786,73241
47786,78875
47786,83343
47786,91853
47786,123828
47786,132979
47786,85861
47786,50653
47786,62646
47788,86668
47788,51715
47788,59241
47788,111936
47788,117877
47788,13819
47788,31549
47788,104624
47788,6488
47788,127204
47788,67001
47788,10949
47788,49880
47788,10424
47788,15604
47788,53591
47788,122331
47788,53791
47788,133197
47788,125463
47788,14202
47788,11581
47788,114556
47788,15941
47788,37159
47788,54149
47788,98417
47788,48098
47788,113496
47788,100119
47788,128394
47789,77845
47789,112085
47789,4047
47789,85141
47789,137994
47789,72292
47789,73982
47789,45313
47789,11473
47789,58077
47789,89016
47789,5733
47789,117469
47789,134989
47789,35973
47789,132196
47789,39717
47789,28183
47789,140145
47789,14331
47789,113933
47789,139723
47789,114847
47789,99347
47789,12001
47789,76209
47789,72516
47789,72679
47789,67388
47792,125261
47792,93741
47792,126818
47792,71039
47792,36045
47792,86892
47792,135695
47792,53172
47792,71152
47792,93462
47792,58049
47792,108197
47792,48556
47792,111905
47792,8536
47792,133815
47792,118469
47792,7516
47792,83158
47792,75969
47792,47728
47792,136494
47792,105232
47792,27221
47792,79183
47792,130578
47792,126652
47792,107721
47792,89667
47792,119669
47792,16417
47792,49682
47792,19366
47793,31732
47793,96101
47793,22450
47793,112752
47793,91683
47793,68375
47793,86791
47793,85841
47793,89963
47793,123598
47793,58581
47793,26994
47793,50328
47793,104431
47793,22229
47793,55818
47793,128758
47793,91818
47793,26159
47794,49763
47794,95213
47794,110091
47794,124074
47794,9996
47794,107005
47794,67483
47794,22404
47795,8456
47795,34873
47795,115048
47795,12912
47795,96099
47795,17253
47795,40380
47795,90879
47795,25831
47795,11284
47795,107175
47795,100586
47795,13120
47795,99806
47795,40442
47795,124947
47795,27855
47795,2733
47795,76087
47795,46883
47795,3046
47795,70196
47795,108963
47795,17967
47795,25684
47795,29953
47795,71662
47795,5847
47795,55871
47795,88899
47795,22700
47797,140304
47797,21150
47797,51555
47797,48512
47797,55158
47797,2899
47797,47543
47797,75807
47797,35504
47797,121275
47797,25746
47797,34966
47797,90665
47797,21805
47797,100473
47797,52095
47797,88988
47797,51653
47797,128677
47797,12455
47797,114177
47797,74482
47797,5988
47797,131402
47797,82051
47797,31381
47797,132838
47797,45412
47797,125859
47797,11838
47797,18566
47797,90509
47799,46201
47799,80877
47799,25986
47799,106691
47799,22083
47799,6600
47799,90826
47799,74867
47799,107293
47799,83198
47799,46081
47799,25816
47799,99585
47799,12043
47799,22786
47799,9064
47799,61948
47799,69049
47799,95011
47799,124994
47799,79159
47799,68305
47799,90382
47799,44675
47799,118029
47799,67760
47799,128956
47799,129863
47799,29836
47799,111975
47799,64891
47799,37948
47799,111638
47802,120238
47802,45693
47802,59962
47802,139952
47802,92090
47802,14960
47802,117430
47802,16029
47802,20937
47802,33130
47802,110258
47802,8917
47802,135071
47802,31135
47802,99025
47802,37790
47802,96974
47802,59508
47802,139978
47802,122649
47802,15073
47802,86188
47802,25887
47802,44421
47802,72873
47802,88908
47802,103982
47802,13934
47802,7898
47802,55059
47802,30353
47802,15608
47802,130725
47804,46997
47804,125844
47804,64948
47804,79294
47804,76790
47804,73477
47806,106096
47806,86149
47806,18177
47806,136175
47806,86335
47806,138228
47806,56079
47806,22167
47806,100633
47806,62307
47806,42306
47806,9264
47806,95335
47806,130068
47806,8780
47806,128357
47806,83442
47806,63909
47806,114024
47806,33657
47806,102965
47806,71845
47806,62820
47806,1097
47806,90472
47806,14551
47806,7114
47806,105005
47806,127694
47806,112194
47806,31840
47809,60476
47809,92919
47809,88366
47809,34791
47809,57473
47809,10396
47809,131951
47809,125976
47809,70867
47809,9109
47809,89643
47809,67291
47809,47442
47809,99136
47810,50929
47810,100914
47810,136538
47810,34266
47810,137348
47810,10880
47810,131017
47810,120664
47810,131525
47810,138177
47810,90540
47810,7423
47810,9205
47810,75256
47811,95078
47811,72819
47811,58248
47811,84753
47811,36783
47811,118978
47811,83861
47811,12495
47811,42755
47811,34011
47811,105344
47811,55518
47811,132629
47811,42761
47811,48928
47811,57268
47811,75281
47811,77499
47811,17367
47811,129276
47811,113702
47811,8158
47811,17799
47811,117455
47811,121564
47811,135262
47811,95332
47811,53617
47811,47344
47811,81990
47811,78961
47811,98131
47811,50754
47812,138112
47812,51979
47812,128085
47812,12341
47812,67867
47812,15251
47812,29811
47812,60895
47812,24452
47812,118489
47812,89466
47812,107785
47812,52784
47812,77306
47812,116251
47812,78599
47812,17619
47812,135153
47812,107576
47812,82738
47812,10797
47812,54833
47812,25796
47812,24194
47812,94729
47812,13973
47812,18221
47812,22633
47812,3180
47812,124105
47812,117998
47812,79397
47812,80211
47816,16558
47816,106805
47816,34784
47816,15359
47816,126363
47816,38605
47816,60133
47816,128255
47816,55723
47816,129628
47816,8454
47816,62588
47816,29098
47816,114459
47816,123740
47816,108681
47816,16586
47816,126681
47816,116858
47816,108511
47816,83188
47816,16036
47816,114140
47816,125510
47816,107229
47816,79807
47816,48057
47816,125569
47816,92261
47816,17814
47816,56455
47817,19157
47817,3235
47817,40475
47817,96748
47817,138745
47817,11359
47817,52703
47817,56573
47817,7620
47817,94988
47817,28496
47817,81739
47818,101010
47818,34029
47818,60928
47818,139756
47818,19323
47818,40715
47818,134638
47818,71393
47819,87089
47819,82226
47819,54280
47819,103387
47819,61713
47819,49916
47819,102499
47819,89040
47819,15850
47819,53200
47819,84584
47819,46399
47819,131101
47819,20285
47819,106644
47819,46348
47819,81338
47819,74780
47819,61911
47819,86229
47819,71686
47819,109491
47819,109605
47819,6483
47819,10252
47819,91005
47819,103312
47819,134266
47819,71123
47819,5893
47819,64133
47820,127326
47820,83458
47820,19447
47820,102493
47820,18781
47820,458
47820,86715
47820,5269
47820,128923
47820,62855
47820,92939
47820,56325
47820,46540
47820,25589
47820,8969
47820,136932
47820,64849
47820,138252
47820,61276
47820,15653
47820,86638
47820,109041
47820,113951
47820,117637
47820,123008
47820,120283
47820,112726
47820,13270
47820,11544
47821,140295
47821,138201
47821,121736
47821,1120
47821,50646
47821,126952
47821,48967
47821,68893
47821,85520
47821,21458
47821,131978
47821,70423
47821,9783
47821,121714
47821,29622
47821,14107
47821,39210
47821,43685
47821,8337
47821,8041
47821,16836
47821,121306
47821,127932
47821,126326
47821,64544
47821,12119
47821,59451
47821,126643
47821,135743
47821,56791
47821,26208
47821,114890
47822,1887
47822,40662
47822,118997
47822,50494
47822,33825
47822,120397
47822,98023
47822,138589
47822,119640
47822,8918
47822,61658
47822,46627
47822,79812
47822,2693
47822,26736
47822,81704
47822,34529
47822,84218
47822,94020
47822,107549
47822,26416
47822,103159
47822,85276
47822,49204
47822,14895
47822,64270
47822,87061
47822,77698
47822,127629
47822,76446
47824,138176
47824,128085
47824,48955
47824,87215
47824,106845
47824,107785
47824,28939
47824,38227
47824,117439
47824,56050
47824,95031
47824,116906
47824,130417
47824,12388
47824,29333
47824,95600
47824,108459
47824,138061
47824,100632
47824,134383
47824,76450
47824,128871
47824,97132
47824,112292
47824,110264
47824,123675
47824,94729
47824,69352
47824,82231
47824,22633
47824,12911
47824,117998
47824,75954
47824,77306
47827,86311
47827,91873
47827,13831
47827,121221
47827,21104
47827,64193
47827,80321
47827,124810
47827,111114
47827,120940
47827,91507
47827,130154
47827,47281
47827,16344
47827,104860
47827,64190
47827,30325
47827,34604
47827,17453
47827,49890
47827,30995
47827,46060
47827,107406
47827,48117
47827,64529
47827,56696
47827,6088
47827,71560
47827,85832
47827,49622
47827,105613
47827,114825
47827,21996
47827,7972
47828,109837
47828,116525
47828,107827
47828,83609
47828,1572
47828,90196
47828,133982
47828,76447
47828,52206
47828,101730
47828,121547
47828,128034
47828,56263
47828,53725
47828,123504
47828,67685
47828,32253
47828,27958
47828,101739
47828,18663
47828,85609
47828,68277
47828,66985
47828,97739
47829,56062
47829,10932
47829,7487
47829,57502
47829,111865
47829,12955
47829,33518
47830,91404
47830,24346
47830,107352
47830,27385
47830,27761
47830,135376
47830,42547
47830,77316
47830,74268
47830,124265
47830,123963
47830,89886
47830,48355
47830,63211
47830,86236
47830,34649
47830,5342
47830,65957
47830,82054
47830,46836
47830,117468
47830,303
47830,5904
47830,55147
47830,21682
47830,138596
47830,124195
47830,2823
47830,9712
47830,110548
47830,79758
47831,59456
47831,112675
47831,76684
47831,135346
47831,89906
47831,129965
47831,26522
47831,67415
47831,34052
47831,109319
47831,62206
47831,8186
47831,6285
47831,54837
47831,24582
47831,95361
47831,43138
47831,55845
47832,105845
47832,28821
47832,3934
47832,19546
47832,138467
47832,21421
47832,39389
47832,88603
47832,69844
47832,75855
47832,103239
47832,124816
47832,45694
47832,41759
47832,20291
47832,76582
47832,84786
47832,1936
47832,48168
47832,139936
47832,28951
47832,137621
47832,36305
47832,124477
47832,78183
47832,32963
47832,70505
47832,84769
47832,4977
47832,70368
47832,17025
47833,86237
47833,101410
47833,111393
47833,35705
47833,140742
47833,18580
47833,36581
47833,94904
47833,73433
47833,94886
47833,108792
47833,51274
47833,94192
47833,49712
47833,13320
47833,101079
47833,10992
47833,24056
47833,46102
47833,55320
47833,18439
47835,122161
47835,5347
47835,32883
47835,122727
47835,135713
47835,68505
47835,13600
47835,136051
47835,75208
47835,92087
47835,30503
47835,58043
47835,46929
47835,92117
47835,87809
47835,18980
47835,68936
47835,125978
47835,38629
47835,98944
47835,20993
47835,93711
47835,47526
47835,25548
47835,7087
47835,121670
47835,88659
47835,66294
47835,23983
47835,36145
47835,30116
47835,75785
47837,61745
47837,88740
47837,129378
47837,14955
47837,44600
47837,90283
47837,65425
47837,126154
47837,133133
47837,63443
47837,41992
47837,94675
47837,100223
47837,96702
47837,79010
47837,136922
47837,25731
47837,16148
47837,52569
47837,128614
47837,82153
47837,69671
47837,41277
47837,49497
47837,117933
47837,130894
47837,106177
47837,35474
47837,90298
47837,62704
47837,124207
47837,55943
47838,90803
47838,54187
47838,107755
47838,28877
47838,108023
47838,109346
47838,84296
47838,104770
47838,7065
47838,55859
47838,44083
47838,136210
47838,23777
47838,117771
47838,101198
47838,23648
47838,55380
47838,10987
47838,128943
47838,86717
47838,124602
47838,70405
47838,51492
47838,97785
47838,65456
47838,1147
47838,80999
47838,62134
47838,43662
47838,117835
47838,7573
47838,25884
47846,36171
47846,66507
47846,15351
47846,63708
47846,4646
47846,37968
47846,71989
47846,43348
47846,104455
47846,18755
47846,43982
47846,123227
47846,73745
47846,57845
47846,123906
47846,74104
47846,105984
47846,62731
47846,6128
47846,109698
47846,32969
47846,58899
47846,25318
47846,67330
47846,69368
47846,82901
47846,116855
47846,16335
47846,132964
47846,37752
47846,1426
47846,112658
47846,111707
47846,139747
47846,11113
47847,37131
47847,54186
47847,38457
47847,84090
47847,87576
47847,61803
47847,31417
47847,23871
47847,99733
47847,34925
47847,140344
47847,43697
47847,117607
47847,116090
47847,24642
47847,140057
47847,119857
47847,16891
47847,81695
47847,11109
47847,63000
47847,94402
47847,140586
47847,90452
47847,107684
47847,52259
47847,119418
47847,28826
47847,24450
47847,11146
47847,118483
47848,60283
47848,42271
47848,48952
47848,123493
47848,122581
47848,70959
47848,122681
47848,127970
47848,34198
47848,29591
47848,60605
47848,85805
47848,92170
47848,11643
47848,93177
47848,111824
47848,23361
47848,99904
47848,77284
47848,119106
47848,89701
47848,135070
47848,79502
47848,35644
47848,92833
47848,130752
47848,63091
47848,84761
47849,39859
47849,79392
47849,89299
47849,70370
47849,139645
47849,133987
47849,123308
47849,107563
47849,38299
47849,13662
47849,137675
47849,31852
47849,105359
47849,123636
47849,85112
47849,57477
47849,15454
47849,109933
47849,76932
47849,99085
47849,89439
47849,3809
47849,3680
47849,118943
47849,133539
47849,31207
47849,589
47849,35580
47849,11612
47849,36661
47849,17087
47849,54744
47849,9393
47849,27172
47850,50419
47850,121990
47850,125702
47850,51491
47850,102272
47850,17909
47850,39230
47850,112402
47850,11126
47850,78083
47850,3553
47850,42071
47850,98276
47850,69270
47850,1075
47850,16301
47850,15793
47850,54551
47850,20081
47850,79691
47850,28949
47850,42682
47850,102560
47850,91588
47850,19734
47850,32609
47850,30927
47850,15762
47850,130359
47850,17688
47850,70809
47850,98472
47851,21344
47851,92965
47851,95085
47851,139309
47851,117509
47851,52203
47851,38898
47851,118674
47851,83043
47851,98860
47851,67319
47851,101604
47851,20969
47851,84469
47851,120242
47851,104679
47851,71183
47851,26006
47851,17880
47851,46806
47851,46846
47851,102633
47851,30261
47851,18255
47851,87006
47851,122060
47851,64517
47851,24546
47851,107404
47851,117793
47851,100631
47851,8409
47852,137826
47852,125069
47852,39993
47852,22824
47852,83045
47852,130729
47852,65984
47852,75491
47852,11622
47852,139893
47852,85567
47852,46162
47852,109185
47852,97099
47852,83806
47852,89991
47852,11826
47852,118104
47852,127808
47852,81172
47852,3625
47852,58696
47852,71258
47852,116696
47852,64344
47852,17817
47852,56063
47852,89119
47852,49152
47852,83430
47852,134162
47852,37581
47853,64020
47853,9788
47853,90770
47853,16631
47853,34196
47853,44273
47854,81953
47854,2330
47854,10888
47854,114345
47854,108497
47854,56163
47854,72666
47854,120892
47854,73929
47854,137804
47854,62227
47854,67837
47854,15244
47854,102491
47854,89862
47854,15595
47854,53182
47854,77403
47854,71457
47854,135276
47854,8889
47854,94958
47854,42709
47854,8811
47854,14890
47854,63197
47854,100052
47854,37377
47854,78262
47854,8809
47854,84361
47854,99030
47855,37543
47855,37124
47855,48522
47855,107909
47855,79235
47855,95182
47855,21470
47855,90377
47855,68833
47855,43657
47855,79537
47855,25236
47855,110189
47855,48375
47855,118976
47855,62726
47855,102874
47855,31486
47855,66803
47855,27142
47855,62237
47855,22013
47855,113761
47855,38837
47855,25985
47855,1561
47855,85321
47855,64602
47855,83364
47855,85575
47855,39329
47855,78694
47856,38923
47856,11175
47856,81509
47856,34904
47856,55964
47856,40840
47856,93390
47856,59531
47856,127577
47856,35348
47856,23289
47856,128728
47856,41954
47856,50217
47856,50850
47856,130772
47856,121553
47856,121433
47856,713
47856,65368
47856,67875
47856,33046
47856,106452
47856,12179
47856,71159
47856,138606
47856,105971
47856,4157
47856,9462
47856,90560
47856,116550
47856,125231
47857,117990
47857,115954
47857,86606
47857,96091
47857,75125
47857,126013
47857,94188
47857,127297
47857,88226
47857,119207
47857,139976
47857,29559
47857,125423
47857,54705
47857,33687
47857,67080
47857,93405
47857,130029
47857,69232
47857,139706
47857,41946
47857,74086
47857,77563
47857,108184
47857,87660
47857,28427
47857,47607
47857,63045
47857,91645
47857,135393
47857,8993
47857,79099
47857,116460
47857,117744
47857,73394
47858,68379
47858,76145
47858,96536
47858,46783
47858,123006
47858,130591
47859,60832
47859,73081
47859,100163
47859,40083
47859,71504
47859,42047
47859,97625
47859,43777
47859,139809
47859,2968
47859,122804
47859,537
47859,19538
47859,21398
47859,22019
47859,125042
47859,116032
47859,84430
47859,107871
47859,76433
47859,68553
47859,55286
47859,112261
47859,73262
47859,15768
47859,77247
47859,114250
47860,94065
47860,91751
47860,129014
47860,107832
47860,115877
47860,118885
47860,87854
47860,33693
47860,9341
47860,100608
47860,61903
47860,56217
47860,75602
47860,53018
47860,84240
47860,55293
47860,122375
47860,3365
47860,135101
47860,71143
47860,4215
47860,127621
47860,34452
47860,87316
47860,58260
47860,111584
47862,45448
47862,60085
47862,122921
47862,103301
47862,17088
47862,66332
47862,35899
47862,128300
47862,23462
47862,82027
47862,73428
47862,127345
47862,410
47862,11537
47862,117229
47862,98894
47862,115103
47862,119438
47862,17090
47862,86729
47862,139750
47862,25726
47862,27696
47862,44290
47862,50222
47862,107295
47862,35509
47862,27941
47862,91074
47862,29363
47863,27581
47863,14851
47863,137523
47863,39320
47863,93438
47863,131724
47863,97306
47863,49112
47864,65235
47864,57001
47864,118424
47864,16738
47864,126549
47864,137852
47864,105449
47864,47102
47864,119349
47864,49210
47864,61950
47864,75716
47864,112575
47864,16263
47864,110546
47864,65779
47864,62955
47864,51418
47864,86277
47864,61179
47864,123092
47864,66223
47864,139310
47864,73027
47865,77877
47865,137200
47865,95949
47865,15827
47865,102344
47865,138110
47865,50453
47865,7636
47865,79170
47865,4916
47865,41311
47865,109769
47865,26642
47865,129141
47865,85740
47865,66660
47865,66617
47865,25324
47865,111326
47865,3380
47865,110861
47865,68255
47865,58633
47865,4934
47865,44448
47865,92777
47865,127261
47865,95247
47865,57138
47865,139546
47865,108085
47865,115268
47865,48245
47867,97093
47867,79540
47867,41039
47867,32177
47867,63083
47867,113294
47867,64256
47867,91016
47867,115470
47867,84774
47867,88413
47867,67602
47867,67273
47867,21621
47867,92013
47867,110111
47867,57004
47867,42973
47867,48146
47867,92451
47867,108725
47867,80229
47867,36672
47867,124812
47869,94803
47869,120005
47869,28783
47869,99705
47869,113372
47869,1643
47869,139878
47869,122482
47869,118485
47869,43034
47869,69716
47869,2071
47869,213
47869,32357
47869,50688
47869,9614
47869,22804
47869,6136
47869,123991
47870,77109
47870,68689
47870,27711
47870,97615
47870,92698
47870,128313
47870,13155
47870,30417
47870,89836
47870,36710
47870,131345
47870,137592
47870,65983
47870,125611
47870,99894
47870,41585
47870,15884
47870,18859
47870,134786
47870,19567
47870,40463
47870,31945
47870,117347
47870,135195
47870,68783
47871,87917
47871,39036
47871,137730
47871,7778
47871,74129
47871,123712
47871,31914
47871,6043
47871,44224
47871,25640
47871,89450
47871,22582
47871,116867
47871,45808
47871,23088
47871,139090
47871,98399
47871,137881
47871,58072
47871,87270
47871,2275
47871,35579
47871,14882
47871,4545
47871,76152
47871,98217
47873,92100
47873,97799
47873,104526
47873,115525
47873,9813
47873,93035
47873,138908
47873,36057
47873,9027
47873,130646
47873,138900
47873,111830
47873,14005
47873,100503
47873,65332
47873,9128
47873,79737
47873,22312
47873,97244
47873,27982
47873,40209
47873,97963
47873,85978
47873,15030
47873,26052
47873,100401
47873,40027
47873,107263
47873,115234
47873,134406
47873,118666
47874,64017
47874,133846
47874,94241
47874,119002
47874,44213
47874,110915
47874,80067
47874,139974
47874,7127
47874,50366
47874,135946
47874,54795
47874,54739
47874,68038
47874,53443
47874,37339
47874,122468
47874,59204
47874,115994
47874,25027
47874,19965
47874,105745
47874,114201
47874,978
47874,121614
47874,15064
47874,83079
47874,63519
47874,42207
47874,32279
47874,97430
47874,69638
47877,140224
47877,51444
47877,138787
47877,89789
47877,117929
47877,70894
47877,62983
47877,44135
47877,84349
47878,44269
47878,131220
47878,140203
47878,68470
47878,33210
47878,30713
47878,2951
47878,57096
47878,111381
47878,32343
47878,74632
47878,60225
47878,113606
47878,91289
47878,36001
47878,83661
47878,53440
47878,25320
47878,1135
47878,25808
47878,56930
47878,85259
47878,61628
47878,72751
47878,43132
47878,5123
47878,18170
47880,81199
47880,118749
47880,52203
47880,23347
47880,132305
47880,59058
47880,104546
47880,84469
47880,51259
47880,96337
47880,85491
47880,117509
47880,102740
47880,129539
47880,43185
47880,79395
47880,85438
47880,66560
47880,114017
47880,20850
47880,20969
47880,114204
47880,66785
47880,26006
47880,38898
47880,61296
47880,135407
47880,44912
47880,107404
47880,120763
47880,119146
47880,69364
47881,8161
47881,120851
47881,69937
47881,96761
47881,90693
47881,125311
47881,61833
47881,35817
47881,30950
47881,45080
47881,17633
47881,60277
47881,53494
47881,4875
47881,41278
47881,82927
47881,448
47881,32060
47881,83834
47881,31169
47881,126719
47881,25070
47881,88957
47881,57790
47881,74288
47881,106819
47881,6439
47881,7527
47881,5002
47881,72492
47881,24559
47881,103176
47882,81988
47882,16397
47882,59528
47882,115388
47882,3625
47882,83045
47882,85562
47882,56472
47882,138416
47882,56063
47882,93026
47882,17762
47882,121897
47882,46162
47882,60053
47885,14420
47885,16828
47885,63183
47885,82824
47885,125371
47885,128584
47885,67336
47885,19863
47885,26031
47885,43845
47886,9067
47886,135755
47886,16915
47886,97830
47886,75148
47886,128361
47886,131867
47886,36803
47886,87302
47886,42417
47886,123653
47886,34692
47886,24828
47886,76942
47886,58635
47886,65715
47886,58342
47886,49154
47886,104742
47886,22067
47886,23846
47886,52050
47886,115647
47886,30649
47886,21387
47886,69757
47888,28285
47888,21997
47888,139114
47888,121317
47888,87513
47888,105326
47888,132295
47888,31144
47888,77484
47888,128150
47888,56750
47888,84462
47888,50811
47888,132431
47888,8660
47888,59540
47888,33534
47888,120022
47888,126202
47888,81913
47888,71759
47888,40537
47888,17149
47888,78434
47888,95621
47888,67590
47888,122340
47888,101594
47888,50841
47888,69878
47888,116421
47888,99922
47888,22900
47889,95100
47889,68383
47889,127159
47889,81130
47889,131960
47889,26306
47889,103831
47889,42117
47889,62866
47889,28954
47889,122975
47889,56796
47889,138181
47889,42410
47889,53038
47889,45947
47889,92961
47889,139910
47889,120765
47889,9627
47889,8937
47889,23332
47889,62350
47889,70770
47889,112336
47889,139342
47889,11467
47889,92262
47889,547
47889,7565
47889,60505
47889,69580
47890,31442
47890,121287
47890,114777
47890,53224
47890,134786
47890,31945
47890,18569
47890,40463
47890,67688
47890,37788
47890,104149
47890,99894
47890,35043
47890,23665
47890,119616
47890,115207
47891,65455
47891,24895
47891,9035
47891,91943
47891,109297
47892,38658
47892,100585
47892,58288
47892,47054
47892,111719
47892,11297
47892,136469
47892,38161
47892,89878
47892,91601
47892,135249
47892,95078
47892,65782
47892,133679
47892,9801
47892,108094
47892,38631
47892,131151
47892,93872
47892,86004
47892,97704
47892,131769
47892,12005
47892,40412
47892,78841
47892,97127
47892,55264
47892,88640
47892,98131
47892,60528
47892,98465
47892,10433
47893,132231
47893,96504
47893,122078
47893,43821
47893,66352
47893,126829
47893,121235
47893,23749
47893,46943
47893,126939
47893,116530
47893,54295
47893,42784
47893,85470
47893,6038
47893,76175
47893,113276
47893,70745
47893,93572
47893,13587
47893,32922
47893,124606
47893,129556
47893,129
47893,31014
47893,95764
47893,119720
47893,34764
47893,30824
47895,63105
47895,60144
47895,20430
47895,96780
47895,133943
47895,93974
47895,67964
47895,46501
47895,32798
47895,78647
47895,66750
47895,75205
47895,77074
47895,8864
47895,79475
47895,109804
47895,5322
47895,25159
47895,4503
47895,69184
47895,35679
47895,131493
47895,133689
47895,131352
47895,31825
47895,23190
47895,15390
47895,59721
47895,4080
47895,24041
47895,113983
47895,67477
47895,27702
47896,36331
47896,18631
47896,33022
47896,52487
47896,45449
47896,117267
47896,130289
47896,100999
47896,135414
47896,109559
47896,49713
47896,98842
47896,129857
47896,22588
47896,40630
47896,9902
47896,117209
47896,50680
47896,127402
47896,53098
47896,43698
47896,45950
47896,138846
47896,103457
47896,100771
47896,54994
47896,54775
47896,57846
47896,64914
47896,135396
47898,96957
47898,28603
47898,62314
47898,15406
47898,104494
47898,91636
47898,43719
47898,45536
47898,104061
47898,103699
47898,125176
47898,118778
47898,103074
47898,4820
47898,48700
47898,124993
47898,124020
47898,136399
47898,13097
47898,34168
47898,63337
47898,125941
47898,17310
47898,30231
47898,17714
47898,5119
47898,94124
47898,7310
47898,40702
47898,69896
47898,51588
47902,139262
47902,26983
47902,134243
47902,76133
47902,30363
47905,89214
47905,83718
47905,18703
47905,74027
47905,118522
47905,49183
47905,15859
47905,69421
47905,40698
47905,26873
47905,34042
47905,32926
47905,24230
47905,50486
47905,24494
47905,37118
47905,93744
47905,109948
47905,120873
47905,72096
47905,111974
47905,80644
47905,101498
47905,11212
47905,22267
47905,139943
47905,16645
47905,4519
47905,112013
47905,137633
47905,24580
47906,112085
47906,77845
47906,137994
47906,89016
47906,72292
47906,5733
47906,132196
47906,11473
47906,73982
47906,58077
47906,134907
47906,85141
47906,117469
47906,45313
47906,107212
47906,134989
47906,35973
47906,140145
47906,14331
47906,76209
47906,113933
47906,27951
47906,4047
47906,47737
47906,33570
47906,72679
47906,114847
47906,12001
47906,67388
47906,71438
47906,7245
47906,28183
47908,71071
47908,7912
47908,107853
47908,59310
47908,36293
47908,98543
47908,4809
47908,55043
47908,37464
47908,39970
47908,3862
47908,136659
47908,47489
47908,40984
47908,50493
47908,137363
47908,80807
47910,2859
47910,84407
47910,92919
47910,79020
47910,5841
47910,30219
47910,84960
47910,127369
47910,34791
47910,20737
47910,36763
47910,135426
47910,88613
47910,70312
47910,121775
47910,20651
47910,134984
47910,107376
47910,89643
47910,87682
47910,7056
47910,22935
47910,112408
47910,30414
47910,10396
47910,112695
47910,94383
47910,125976
47912,25518
47912,80033
47912,75610
47912,116153
47912,4513
47912,46504
47912,73642
47912,104771
47912,117571
47912,110469
47912,110943
47912,43677
47912,46738
47912,121712
47912,126995
47912,124965
47912,7851
47912,116472
47912,49869
47912,9235
47912,51048
47912,24848
47912,135049
47912,116967
47912,52811
47912,33381
47912,18985
47912,83104
47912,85169
47912,54767
47915,68473
47915,43785
47915,7484
47915,131337
47915,108817
47915,93518
47915,27310
47915,112514
47916,74598
47916,49310
47916,48740
47916,7405
47916,38310
47916,97113
47916,140065
47916,125914
47916,79897
47918,134188
47918,1775
47918,92705
47918,100149
47918,86602
47918,129396
47918,78613
47918,103658
47918,20531
47918,91611
47918,93646
47918,53590
47918,59454
47918,134178
47918,10855
47918,48369
47918,28313
47918,16934
47918,99221
47918,48925
47918,87121
47918,2704
47918,138069
47918,94663
47918,30810
47918,27078
47918,93055
47918,8005
47918,118084
47918,99259
47918,50417
47918,137701
47919,62429
47919,28019
47919,140781
47919,105943
47919,42088
47919,10141
47919,41053
47919,110170
47919,110867
47919,43860
47919,125755
47919,87069
47919,1288
47919,41831
47919,21410
47919,93632
47919,32007
47919,106472
47919,5369
47919,135000
47919,59496
47919,115490
47919,79063
47919,19391
47919,78902
47919,120357
47919,120626
47920,8801
47920,69285
47920,45419
47920,98429
47920,123382
47920,84591
47920,50808
47920,36437
47920,23321
47920,89503
47920,128131
47920,87014
47920,18989
47920,112140
47920,3629
47920,49996
47920,85946
47920,45787
47920,66827
47920,48868
47920,62467
47920,55185
47920,39073
47920,122656
47920,77026
47920,118661
47922,13329
47922,120756
47922,58127
47922,15317
47922,133998
47922,29127
47922,13762
47922,123887
47922,67845
47922,130411
47922,4813
47922,19354
47922,23499
47922,101557
47922,55172
47922,94020
47922,58926
47922,107549
47922,119271
47922,9411
47922,4
47922,102464
47922,35991
47922,108201
47922,111091
47922,36285
47922,123918
47922,33354
47922,77698
47922,5563
47923,66456
47923,71167
47923,96999
47923,52350
47923,68358
47923,18139
47923,120589
47923,64694
47923,86011
47923,3186
47923,32780
47923,134999
47923,137736
47923,135394
47923,129791
47923,42805
47923,85659
47923,115047
47924,132573
47924,75113
47924,102121
47924,85202
47924,16123
47924,68448
47924,31842
47924,16028
47924,121059
47924,112951
47924,61554
47924,118539
47924,34997
47924,45307
47924,7738
47924,96592
47924,126878
47926,61190
47926,52734
47926,116324
47926,54519
47926,81737
47926,29489
47926,100619
47926,139804
47926,44054
47926,103944
47926,2802
47926,48348
47926,81894
47926,16929
47926,93835
47926,59800
47926,103459
47926,77671
47926,133373
47926,18572
47926,100435
47927,130154
47927,12571
47927,21104
47927,113853
47927,109099
47927,17997
47927,133342
47927,64529
47927,69023
47927,61322
47927,58215
47927,92181
47927,48117
47927,111114
47927,108961
47927,40874
47927,17453
47927,59053
47927,7972
47927,104860
47927,78322
47927,111279
47927,50047
47927,137285
47927,104948
47927,58100
47927,53140
47927,36310
47930,4427
47930,76488
47930,38156
47930,63594
47930,27758
47930,125485
47930,43105
47930,86758
47930,24621
47930,46065
47930,91566
47930,82278
47930,8221
47930,22897
47930,76523
47930,91684
47930,14111
47930,118847
47930,3141
47930,125643
47930,69501
47930,83599
47930,6696
47930,132588
47930,124668
47930,96203
47930,53657
47930,46033
47935,89783
47935,139109
47935,93102
47935,138702
47935,120272
47935,106720
47935,63900
47935,57256
47935,51303
47935,109705
47935,96071
47935,13009
47935,115281
47935,60159
47935,133007
47935,64126
47935,57493
47938,128433
47938,23975
47938,5790
47938,125996
47938,117782
47938,64877
47938,115390
47938,7578
47938,19575
47938,29783
47938,17400
47938,7524
47938,107608
47938,119591
47938,96268
47938,103047
47938,134030
47938,22973
47938,52494
47938,53529
47938,86423
47938,48147
47938,124508
47938,38284
47938,21979
47938,44739
47938,130801
47938,70015
47938,16063
47938,28393
47938,89475
47939,88359
47939,120251
47939,56727
47939,70420
47939,119955
47939,104703
47939,52158
47939,38695
47939,131486
47939,12703
47939,122562
47939,106376
47939,8548
47939,108171
47939,41836
47939,22687
47939,127752
47939,10455
47939,6423
47941,111793
47941,19112
47941,51109
47941,115196
47941,102425
47941,52753
47941,132635
47941,29641
47941,124532
47941,32297
47941,43067
47941,120701
47941,70457
47941,56516
47941,12596
47941,126084
47941,4868
47941,110944
47941,49885
47941,124073
47941,18003
47941,54398
47941,41861
47941,79399
47941,130746
47941,80285
47941,130130
47941,82156
47942,73417
47942,67359
47942,106887
47942,97483
47942,17315
47942,88304
47942,42518
47942,49832
47942,85413
47942,51600
47942,41087
47942,31314
47942,57631
47942,74798
47942,18739
47942,136351
47942,75545
47942,82721
47942,120157
47942,34975
47942,84891
47942,95611
47942,70587
47942,36648
47942,53347
47942,52020
47942,83950
47942,84722
47942,64284
47942,82124
47942,121115
47942,105852
47943,113449
47943,134192
47943,84230
47943,35884
47943,39049
47943,15936
47943,14294
47943,57248
47943,127647
47943,2007
47943,138472
47943,40984
47943,40339
47943,96028
47943,33349
47943,129763
47943,76833
47943,94901
47943,7585
47943,14666
47943,77129
47943,49451
47943,53492
47943,48123
47943,114543
47943,106591
47943,118223
47943,55061
47943,132800
47943,80150
47943,34540
47944,65567
47944,46056
47944,19435
47944,95307
47944,81988
47944,65606
47944,106645
47944,60026
47944,136541
47944,893
47944,41488
47944,6562
47944,81759
47944,123546
47944,67626
47944,118975
47944,39142
47944,93026
47944,9467
47944,138416
47944,111000
47944,32107
47944,15672
47944,12906
47945,19278
47945,8498
47945,111284
47945,3501
47945,8224
47945,115429
47945,118442
47945,130194
47945,118355
47945,101884
47945,138229
47945,39484
47945,36416
47945,129386
47945,22602
47945,133055
47945,5029
47945,52558
47945,88004
47945,67894
47945,114238
47945,29869
47945,33733
47945,57961
47945,80826
47945,27517
47945,28467
47945,136528
47945,133505
47945,63384
47945,17874
47945,111901
47945,7969
47946,137852
47946,75716
47946,118604
47946,86277
47946,119349
47946,65235
47946,111343
47946,118424
47946,49210
47946,61950
47946,55230
47946,47102
47946,26681
47946,57001
47946,55549
47946,59131
47946,53845
47946,94178
47946,121611
47946,69619
47946,99214
47946,64598
47946,115077
47946,139310
47946,56200
47946,110546
47946,16738
47946,139626
47946,61179
47946,73027
47946,65779
47946,62955
47946,77522
47946,133321
47948,5747
47948,69887
47948,55767
47948,79217
47948,56381
47948,74282
47948,24661
47948,22958
47948,49484
47948,94739
47948,77128
47948,98592
47948,65147
47948,89363
47948,14279
47948,99697
47949,4966
47949,81443
47949,61432
47949,61472
47949,62472
47949,135686
47949,60599
47949,65536
47949,118651
47949,61524
47949,126858
47949,85751
47949,91086
47949,32363
47949,59663
47949,67013
47949,117443
47949,52488
47949,63495
47949,60639
47949,4537
47949,119656
47949,28817
47949,68815
47950,13205
47950,125996
47950,86976
47950,27137
47950,19575
47950,103047
47950,139249
47950,108360
47950,59647
47950,72714
47950,130270
47950,74617
47950,14813
47950,82275
47951,107413
47951,67969
47951,35590
47951,100315
47951,122424
47951,134053
47951,71131
47951,37347
47951,54755
47951,5482
47951,5586
47951,100677
47951,113695
47951,59043
47951,79267
47951,109552
47951,13799
47951,136622
47951,114916
47951,108592
47951,244
47951,139905
47951,93699
47951,113103
47951,83907
47951,17118
47951,10448
47951,58254
47951,114263
47951,95755
47951,89110
47954,51199
47954,35251
47954,33934
47954,37849
47954,44779
47954,117844
47954,43213
47954,106019
47954,61820
47954,120593
47954,33332
47954,60548
47954,136248
47954,8001
47954,41034
47954,125647
47954,45280
47954,51266
47954,598
47954,97878
47954,64449
47954,816
47954,126977
47954,51415
47954,23097
47954,88177
47954,26451
47954,124575
47954,111635
47954,48625
47954,44442
47954,130926
47955,109414
47955,73953
47955,83054
47955,23220
47955,75220
47955,134256
47955,118944
47957,61395
47957,29637
47957,115147
47957,12540
47957,64732
47957,1631
47957,137157
47957,29715
47957,41341
47957,91610
47957,128670
47957,39578
47957,11234
47957,61258
47957,111476
47957,110554
47957,116944
47957,69341
47957,120840
47957,53650
47957,10584
47957,108799
47957,124285
47957,128180
47957,639
47957,16883
47957,44091
47957,129223
47957,75335
47957,25752
47957,136311
47961,69392
47961,41225
47961,96753
47961,52669
47961,106225
47961,46678
47961,208
47961,57346
47961,70282
47961,35992
47961,124813
47961,100240
47961,44616
47961,69680
47961,98573
47961,11690
47961,68380
47961,96850
47961,66051
47961,60568
47961,58859
47961,20652
47961,74783
47961,60813
47961,100255
47961,104622
47961,118330
47961,14622
47961,36344
47962,37489
47962,33216
47962,62533
47962,113182
47962,65909
47962,96876
47962,121248
47962,17743
47962,77036
47962,132470
47962,42493
47962,50969
47962,93880
47962,101358
47962,60434
47963,59198
47963,128923
47963,83244
47963,95721
47963,23457
47963,134061
47963,96617
47963,5552
47963,20494
47963,2752
47963,5269
47963,52205
47963,102493
47963,73049
47963,68719
47963,131718
47963,132888
47963,15652
47963,87506
47963,18781
47963,84083
47963,32021
47963,128606
47963,69630
47963,136932
47963,15653
47963,90152
47963,23433
47963,90317
47963,22221
47963,31199
47963,119971
47964,44395
47964,131181
47964,125901
47964,95992
47964,62242
47964,118900
47964,9824
47964,14761
47964,16961
47964,50307
47964,23851
47964,57013
47964,63179
47964,106280
47964,11859
47964,122871
47964,29303
47964,120485
47964,28305
47964,10049
47964,36833
47964,5858
47964,39667
47964,67531
47965,85614
47965,46971
47965,53123
47965,63971
47965,92962
47965,93667
47965,94410
47965,124076
47968,30439
47968,138039
47968,98119
47968,18252
47968,44558
47968,73210
47968,91702
47968,33034
47968,23744
47968,39270
47968,75596
47968,91969
47968,137542
47968,48142
47968,88365
47968,127311
47968,14271
47968,101719
47968,102106
47968,126772
47968,75216
47968,3121
47968,32301
47968,101230
47968,2837
47968,62541
47971,68779
47971,17592
47971,43185
47971,61296
47971,109697
47971,44912
47971,85514
47971,111047
47971,58745
47971,85438
47971,47614
47971,69364
47972,82380
47972,100808
47972,94190
47972,132854
47972,13229
47972,43529
47972,70708
47972,52931
47972,5582
47972,121296
47972,18653
47972,137866
47972,92490
47972,21224
47972,23632
47972,64573
47972,55421
47972,99040
47972,53583
47972,43256
47972,112545
47972,97440
47972,110432
47972,123869
47972,134046
47972,3738
47972,66980
47972,52673
47972,29988
47972,85131
47972,130401
47973,121857
47973,83022
47973,48394
47973,20153
47973,69549
47973,11862
47973,45911
47973,55272
47973,7062
47975,4541
47975,101769
47975,80631
47975,97289
47975,17049
47975,74219
47975,41553
47975,55067
47975,7483
47975,44703
47975,51305
47975,95587
47975,129680
47975,106218
47975,114806
47975,12935
47975,127679
47975,104880
47975,53824
47975,105508
47975,21952
47975,85910
47977,32887
47977,25476
47977,126665
47977,25075
47977,38750
47977,30593
47977,72492
47977,24559
47977,30338
47977,38291
47977,59546
47977,62400
47977,100685
47977,138470
47977,47179
47977,84122
47977,33977
47979,101335
47979,38286
47979,101215
47979,109804
47979,32798
47979,49084
47979,131493
47979,129914
47979,34151
47979,105779
47979,4080
47979,5322
47979,106366
47979,119527
47979,96206
47979,109610
47979,79475
47979,77074
47979,4503
47979,15390
47979,133689
47979,55127
47979,27540
47979,8864
47979,70463
47979,79398
47979,138325
47979,75408
47979,67233
47979,63188
47979,113983
47979,35679
47980,107652
47980,119794
47980,80545
47980,46027
47980,118670
47980,53883
47980,73145
47980,33828
47980,87652
47980,106307
47980,135028
47980,101520
47980,75972
47980,131917
47980,51178
47980,63417
47980,73077
47980,20022
47980,57169
47980,61011
47980,52703
47980,3724
47980,129263
47980,36507
47980,53916
47980,31148
47980,31038
47980,3235
47980,118206
47980,56573
47980,37540
47980,28132
47980,16325
47983,133846
47983,94241
47983,94850
47983,82967
47983,44213
47983,64017
47983,54795
47983,80067
47983,119002
47983,94976
47983,54739
47983,118722
47983,110915
47983,76755
47983,97517
47983,37339
47983,115994
47983,6400
47983,122468
47983,138973
47983,139974
47983,114201
47983,978
47983,19965
47983,50366
47983,79141
47983,100080
47983,3754
47983,105745
47983,97430
47983,25820
47983,53443
47983,32279
47984,79931
47984,50458
47984,135081
47984,12391
47984,126405
47984,46732
47984,128982
47984,99466
47986,80778
47986,94532
47986,101434
47986,71230
47986,81150
47986,72057
47986,57728
47986,122466
47986,117220
47986,17405
47986,37247
47986,92668
47986,125201
47986,409
47986,17596
47986,73599
47986,132466
47986,129954
47986,93839
47986,7651
47986,1249
47986,28522
47986,62030
47986,90312
47986,75747
47986,21244
47986,89721
47986,127613
47986,130724
47986,7941
47986,486
47986,56965
47988,68357
47988,8367
47988,113201
47988,69760
47988,91222
47988,74765
47988,24860
47988,10562
47988,59050
47988,19913
47988,103711
47988,40440
47988,77198
47988,4613
47988,70910
47988,56096
47988,4863
47988,117589
47988,81604
47988,135871
47988,10726
47988,43669
47988,87670
47988,96795
47988,89205
47988,2291
47988,132235
47988,90549
47988,15835
47988,41220
47988,38791
47990,127443
47990,93804
47990,118393
47990,54876
47990,17349
47990,4629
47990,77845
47990,94389
47990,78190
47990,47197
47990,25183
47992,125187
47992,77454
47992,33159
47992,74300
47992,125792
47992,59821
47992,107000
47992,64502
47992,38711
47992,54447
47992,44553
47992,94974
47992,117194
47992,121662
47992,47557
47992,33490
47993,15298
47993,77015
47993,73280
47993,21324
47993,67563
47993,107833
47993,106884
47993,69362
47993,38197
47993,113654
47993,131749
47993,91058
47993,32993
47993,64238
47993,125885
47993,107750
47993,26496
47993,102945
47993,17467
47993,118802
47993,7546
47993,50194
47993,25652
47993,95695
47993,84146
47993,134957
47993,2266
47993,6644
47993,94185
47993,138499
47994,53409
47994,50706
47994,117961
47994,136950
47994,80110
47994,33384
47994,51459
47994,8063
47994,2092
47994,124776
47994,18904
47994,35761
47994,49620
47994,109427
47994,74649
47994,71240
47994,93222
47994,85962
47994,110489
47994,7886
47994,72251
47994,86637
47994,42736
47994,90436
47994,13846
47994,100022
47994,131513
47994,25503
47994,36256
47994,112851
47994,48403
47994,132880
47994,42500
47996,2859
47996,34791
47996,77286
47996,32202
47996,88366
47996,92919
47996,5841
47996,95703
47996,60476
47996,127369
47996,128927
47996,69535
47996,121775
47996,135426
47996,33428
47996,88613
47996,67291
47996,80898
47996,89564
47996,89643
47996,8206
47996,105152
47996,75260
47996,47442
47996,131951
47996,56990
47996,29740
47996,70312
47996,134984
47996,7056
47996,94383
47996,13067
47998,67407
47998,9671
47998,62513
47998,97892
47998,60853
47998,53586
47998,45597
47998,1389
47998,37322
47998,123040
47998,91396
47998,126328
47998,74033
47998,122166
47998,131619
47998,140066
47998,128362
47998,10516
47998,48541
47998,96395
47998,49964
48001,89489
48001,88122
48001,73023
48001,94534
48001,51876
48001,80393
48001,134685
48001,126968
48001,99124
48001,76351
48001,6838
48001,22674
48001,69066
48001,68420
48001,38363
48001,121089
48001,68777
48001,138106
48001,71026
48001,51545
48001,80548
48001,110212
48001,45627
48001,15999
48001,49995
48001,22066
48002,88854
48002,137367
48002,92440
48002,35469
48002,105253
48002,24157
48002,26712
48002,69845
48002,50454
48002,125425
48002,102226
48002,90238
48002,69558
48002,72118
48002,62517
48002,119723
48002,5605
48002,8748
48002,62270
48002,62013
48002,51130
48002,70437
48002,123179
48002,85808
48002,52977
48002,119525
48002,125055
48002,132244
48002,61865
48003,139298
48003,11762
48003,90861
48003,21226
48003,65699
48003,82564
48003,96728
48003,105552
48003,63332
48003,126881
48003,125094
48003,106029
48003,18933
48003,33996
48003,95589
48003,17447
48003,101671
48003,46226
48003,112752
48003,37759
48003,78151
48003,120872
48003,131380
48003,124650
48003,20024
48003,75177
48003,105677
48003,85431
48003,19790
48003,12516
48003,23609
48004,139075
48004,18732
48004,90518
48004,63532
48004,4711
48004,130219
48004,42111
48004,25715
48004,105709
48004,60421
48004,60756
48004,7068
48004,38147
48004,40402
48004,126932
48004,137072
48004,130164
48004,62987
48004,130135
48004,132623
48004,104544
48004,75589
48004,91195
48004,128432
48004,114137
48004,73080
48004,111682
48004,112371
48004,61080
48004,44776
48004,13391
48005,78649
48005,90058
48005,92411
48005,40341
48005,45667
48005,78144
48005,97121
48005,80422
48005,62417
48005,16467
48005,125641
48005,77346
48005,1751
48005,46317
48005,48556
48005,140391
48005,3628
48005,1474
48005,55905
48005,74022
48005,34584
48005,33561
48005,27633
48005,2312
48005,55224
48005,21108
48005,36329
48005,122002
48005,134459
48005,77154
48005,86079
48005,13398
48005,16246
48006,22596
48006,100683
48006,111920
48006,4962
48006,45544
48006,131697
48006,90995
48006,104766
48006,81752
48006,71469
48006,128612
48006,130461
48006,96031
48006,105179
48006,113697
48006,109482
48006,105392
48006,77754
48006,63066
48006,78752
48006,123216
48006,32741
48006,69885
48006,138922
48006,90702
48007,5062
48007,63055
48007,129827
48007,89723
48007,65608
48008,55248
48008,72769
48008,43735
48008,21243
48008,868
48008,3002
48008,110617
48008,125420
48008,86398
48008,98577
48008,75383
48008,19740
48008,134555
48008,58684
48008,74908
48008,111478
48008,82993
48008,3335
48008,84316
48008,95076
48008,12434
48008,134879
48008,106794
48008,51058
48008,52148
48008,135711
48008,75484
48008,136071
48008,136767
48008,63809
48008,81571
48008,3728
48008,99380
48008,68128
48009,52769
48009,121576
48009,123653
48009,75148
48009,131867
48009,42417
48009,24109
48009,24828
48009,34692
48009,39293
48009,128361
48009,87055
48009,33637
48009,30649
48009,32945
48009,116314
48009,21387
48009,10295
48009,39725
48009,104253
48009,73893
48009,130643
48009,104742
48009,25422
48009,125410
48009,132140
48009,18039
48010,64335
48010,39039
48010,137650
48010,112173
48010,106751
48010,117696
48010,29595
48010,60236
48010,110234
48010,136410
48010,45428
48010,71651
48010,59426
48010,42047
48010,65391
48010,38295
48010,139845
48010,55479
48010,43777
48010,12373
48010,36580
48010,53664
48010,100163
48010,8120
48010,135561
48010,20843
48010,12221
48010,87480
48010,76109
48010,90643
48010,56017
48010,77247
48010,30210
48010,15151
48011,123641
48011,13317
48011,67308
48011,103635
48011,113106
48011,139250
48011,126465
48011,95292
48011,96005
48011,67080
48011,99986
48011,115168
48011,12425
48011,117931
48011,79624
48011,28427
48012,46563
48012,5742
48012,2168
48012,59690
48012,119103
48012,127285
48012,101407
48012,131982
48012,35190
48012,113548
48012,49543
48012,86766
48012,105728
48012,26869
48012,67393
48012,111722
48012,5038
48012,79061
48012,51047
48012,81086
48013,45896
48013,76443
48013,61695
48013,24519
48013,85430
48013,42693
48013,28495
48013,124191
48013,101743
48013,132817
48013,22431
48013,121362
48013,126465
48013,95292
48013,86928
48013,76770
48013,137330
48013,134686
48013,88219
48013,90770
48013,135487
48013,68199
48013,122749
48013,22471
48013,65704
48013,88226
48013,69514
48013,79449
48013,34578
48013,106872
48013,68760
48013,74279
48013,118919
48013,117744
48015,12135
48015,102466
48015,132925
48015,82404
48015,27525
48015,56820
48015,112101
48015,106236
48015,57114
48015,92611
48015,77856
48015,32842
48015,98323
48015,63812
48015,130258
48015,134232
48015,139418
48015,101543
48015,9437
48015,23636
48015,137264
48015,68813
48015,60824
48015,50016
48015,69738
48015,69607
48015,10582
48015,77210
48015,10107
48015,121101
48015,129939
48015,62542
48017,66014
48017,80851
48017,70308
48017,128886
48017,105182
48017,56878
48017,9115
48017,70425
48017,5786
48017,129269
48017,47138
48017,62440
48017,120934
48017,100942
48017,36336
48017,65722
48017,50197
48017,19980
48017,101648
48017,14582
48017,79896
48017,106343
48017,135400
48017,42447
48017,79984
48017,37646
48017,112570
48017,6016
48017,133576
48017,6350
48019,64335
48019,137650
48019,60236
48019,117696
48019,40644
48019,45087
48019,51
48019,97410
48019,71651
48019,65391
48019,12221
48019,106751
48019,103127
48019,125213
48019,108843
48019,29595
48019,135561
48019,136410
48019,20843
48019,48303
48019,76109
48019,110234
48019,136331
48019,136135
48019,53664
48019,113098
48019,55479
48019,30210
48019,39039
48019,60126
48019,56731
48019,139845
48019,3456
48021,134417
48021,52784
48021,107785
48021,120144
48021,43749
48021,103860
48021,33168
48021,99484
48021,37283
48021,87215
48021,50162
48021,138176
48021,12579
48021,60008
48021,120665
48021,105559
48021,43594
48021,128085
48021,1140
48021,69615
48021,61934
48021,134966
48021,13443
48021,79841
48021,38484
48021,29811
48021,51979
48021,89962
48021,78200
48021,28939
48021,10797
48021,116536
48021,28181
48021,69352
48022,8889
48022,62227
48022,81953
48022,71457
48022,94958
48022,53182
48022,77403
48022,75618
48022,15595
48022,120892
48022,42709
48022,56163
48022,32214
48022,8811
48022,15244
48022,137804
48022,89862
48022,114345
48022,67837
48022,34799
48022,2330
48022,14890
48022,102491
48022,72666
48022,32763
48022,37377
48022,8809
48023,2771
48023,78276
48023,139309
48023,133620
48023,30992
48023,72177
48023,71174
48023,16745
48023,58974
48023,33439
48023,41138
48023,83043
48023,40645
48023,14669
48023,84552
48023,100874
48023,58039
48023,19823
48023,58030
48023,49959
48023,127866
48023,82630
48023,84469
48023,107404
48023,117793
48023,30261
48023,442
48023,17880
48023,48661
48023,49077
48023,119158
48024,113088
48024,64254
48024,9477
48024,38742
48024,69058
48024,103179
48025,67825
48025,66362
48025,108588
48025,106998
48025,43356
48025,25741
48025,102758
48025,65403
48025,76541
48025,1039
48025,12035
48025,58733
48025,56741
48025,37933
48025,46112
48025,28168
48025,58986
48025,72645
48025,10646
48025,94072
48025,56806
48025,60661
48025,71596
48025,28672
48025,21391
48025,43027
48025,25997
48025,6839
48025,118089
48025,4043
48025,118880
48026,51715
48026,31549
48026,86668
48026,49880
48026,53591
48026,14202
48026,53791
48026,37159
48026,125314
48026,48098
48026,26698
48029,84407
48029,54048
48029,2859
48029,40666
48029,57473
48029,11147
48029,127369
48029,34791
48029,128927
48029,30414
48029,89643
48029,33839
48029,80898
48029,24757
48029,134984
48029,60000
48029,121775
48029,43625
48029,87682
48029,7056
48029,22935
48029,112695
48029,47442
48029,32308
48029,105152
48029,94383
48029,116206
48029,125976
48030,117677
48030,10526
48030,46012
48030,17254
48030,91625
48030,48076
48030,136223
48030,129839
48030,71400
48030,124929
48030,16386
48033,4019
48033,113976
48033,21796
48033,118488
48033,88874
48033,80329
48033,131140
48033,2379
48033,134698
48033,53114
48033,30257
48033,104294
48033,37172
48033,28966
48033,113673
48033,131981
48033,129811
48033,126576
48033,121249
48033,132392
48033,136534
48033,81561
48033,80352
48033,49585
48033,99071
48033,111884
48033,111627
48033,100301
48033,40321
48033,34186
48033,16087
48033,93246
48033,83360
48034,67560
48034,64114
48034,32851
48034,76727
48034,128293
48034,56082
48034,62345
48034,67764
48034,123206
48034,50074
48034,47154
48034,101180
48034,26949
48034,28182
48034,134373
48034,106116
48034,140011
48034,47388
48034,11159
48034,27470
48034,27646
48036,9673
48036,102871
48036,16726
48036,96646
48036,7643
48036,13991
48036,16521
48036,123196
48036,56935
48036,121950
48036,8878
48036,138713
48036,95904
48036,131615
48036,101308
48036,90205
48036,15596
48036,116124
48036,10288
48036,46946
48036,36583
48036,35130
48036,28721
48036,139798
48036,123703
48036,107783
48036,71454
48036,20616
48036,93622
48036,31872
48036,139508
48036,112068
48037,45966
48037,29643
48037,18651
48037,38910
48037,91714
48037,109576
48037,65799
48037,38926
48037,4571
48037,16687
48037,28731
48037,743
48037,97907
48037,76856
48037,42855
48037,15267
48037,87618
48037,10214
48037,78685
48037,90819
48037,92307
48037,53665
48037,74165
48037,39627
48037,17986
48037,89638
48037,34036
48037,80919
48037,128447
48037,38497
48037,72077
48038,3637
48038,70147
48038,118895
48038,2038
48038,32418
48038,74988
48038,128163
48038,61365
48038,86136
48039,76617
48039,6214
48039,77482
48039,35338
48039,9401
48039,15181
48039,136536
48039,53867
48039,33035
48039,127949
48039,139830
48039,72813
48039,94354
48039,120901
48039,131053
48039,18970
48039,47087
48039,114366
48039,135957
48039,39440
48039,79231
48039,69434
48039,27312
48039,60758
48039,130634
48039,19381
48039,106874
48039,72857
48039,83407
48039,19074
48039,77963
48039,133389
48040,40303
48040,73333
48040,49201
48040,83887
48040,113664
48040,30093
48040,134587
48040,37020
48042,86398
48042,98577
48042,21243
48042,106794
48042,55248
48042,3335
48042,84316
48042,55348
48042,868
48042,22529
48042,59422
48042,72769
48042,58684
48042,103664
48042,74908
48042,43735
48042,44111
48042,19740
48042,63809
48042,125420
48042,39442
48042,95076
48042,12434
48042,126238
48042,112850
48042,51058
48042,75484
48042,52148
48042,111478
48042,134879
48042,81571
48042,95832
48042,52503
48042,85417
48042,47287
48043,135184
48043,73220
48043,25390
48043,47828
48043,138883
48043,14018
48043,11765
48043,105330
48043,127428
48043,57106
48043,100648
48043,103751
48043,138160
48043,10907
48043,50061
48043,19329
48043,6217
48043,6074
48043,109023
48043,34194
48045,74211
48045,23418
48045,139010
48045,12518
48045,61877
48045,92410
48045,117501
48045,32655
48045,58041
48045,46647
48045,48515
48045,95966
48045,129495
48045,128036
48045,46260
48045,11579
48045,58276
48045,7350
48045,6073
48045,62822
48045,53189
48045,86621
48045,39493
48045,75373
48045,118781
48045,89326
48045,73830
48045,118129
48045,6850
48045,87074
48045,139316
48045,139306
48045,99362
48047,44458
48047,82829
48047,789
48047,113665
48047,80175
48047,2768
48047,54861
48048,20913
48048,17611
48048,107920
48048,42314
48048,41627
48048,106949
48048,71881
48048,99868
48048,7292
48048,134084
48048,119324
48052,124166
48052,137514
48052,31359
48052,85065
48052,58136
48052,91687
48052,65100
48052,89951
48052,131901
48052,68002
48052,67569
48052,55073
48052,116455
48052,67376
48052,125053
48052,56064
48052,136880
48052,112568
48052,111435
48053,134417
48053,33168
48053,52784
48053,98770
48053,72597
48053,60008
48053,69615
48053,87215
48053,1140
48053,107785
48053,51979
48053,131110
48055,24699
48055,110367
48055,101939
48055,132646
48055,120971
48055,18083
48055,86728
48055,125574
48055,73863
48055,40258
48055,128762
48055,31916
48055,41413
48055,23462
48055,16680
48055,10223
48055,138055
48055,1051
48055,119005
48055,66332
48055,89302
48055,107295
48055,104830
48055,85047
48055,62865
48055,63209
48055,41183
48055,134277
48055,101799
48055,54904
48059,8864
48059,5322
48059,23190
48059,93974
48059,112502
48059,69184
48059,34151
48059,35679
48059,15390
48059,4503
48059,25159
48059,37790
48059,121696
48059,49084
48059,45693
48059,120238
48059,133689
48059,105779
48059,106226
48059,79398
48059,4080
48059,24041
48059,67233
48059,6713
48059,67477
48059,41337
48059,119527
48059,27540
48059,111838
48059,138452
48059,131242
48059,129631
48059,72873
48060,61980
48060,42225
48060,105897
48060,129773
48060,37732
48060,80286
48060,6792
48060,23972
48060,23387
48060,3782
48060,70845
48060,92330
48060,52662
48060,60771
48060,21717
48060,126280
48060,371
48060,123829
48060,57613
48060,107677
48060,26522
48060,6285
48060,67011
48060,86536
48060,21351
48060,88350
48060,88330
48060,24582
48060,74432
48060,89863
48060,131
48060,26882
48062,45896
48062,26118
48062,71373
48062,126465
48062,139557
48062,54705
48062,33405
48062,23862
48062,34578
48062,139706
48062,100081
48062,131203
48062,118919
48062,11881
48062,119544
48062,6080
48062,6532
48062,135393
48062,67897
48062,43815
48062,81703
48062,20136
48062,82439
48062,57312
48062,76689
48062,119766
48062,14752
48062,73394
48062,117348
48062,130835
48062,68601
48062,46276
48062,22830
48064,99563
48064,138143
48064,138263
48064,10329
48064,75700
48064,86614
48064,131243
48064,32344
48064,87572
48068,24545
48068,124342
48068,21018
48068,137997
48068,116942
48068,37818
48068,104517
48068,90845
48068,70177
48068,77089
48068,114932
48068,59781
48068,77914
48068,38419
48068,26248
48068,49656
48068,134154
48068,90809
48068,68420
48068,94455
48068,131892
48068,14082
48068,35223
48068,46274
48068,78500
48068,134323
48068,29633
48068,57952
48068,38904
48068,59657
48068,122112
48068,60846
48068,77795
48071,56776
48071,88389
48071,48913
48071,115166
48071,47864
48071,13484
48071,14840
48071,38346
48071,139453
48071,125079
48071,5267
48071,45832
48071,104310
48071,82865
48071,6642
48071,58049
48071,6913
48071,33591
48071,123268
48071,120374
48071,97121
48071,91667
48071,16466
48071,110225
48071,3628
48071,92411
48071,92724
48071,65639
48071,108197
48071,62273
48071,13872
48071,100549
48071,78330
48081,83198
48081,113252
48081,38396
48081,88310
48081,87686
48081,82004
48081,51756
48081,11182
48081,56542
48081,59464
48081,15935
48081,111166
48081,123696
48081,113475
48081,25524
48081,116120
48081,60879
48081,40289
48082,92469
48082,118727
48082,98055
48082,81193
48082,105154
48082,56740
48082,138847
48082,46785
48082,101332
48082,133111
48082,125776
48082,79147
48082,14952
48082,73074
48082,58095
48082,133586
48082,79965
48082,4770
48082,124924
48083,119794
48083,28132
48083,28713
48083,19836
48083,61011
48083,73077
48084,48428
48084,68176
48084,23122
48084,110012
48084,122235
48084,22773
48084,26631
48084,110424
48084,11692
48084,90253
48084,83576
48084,58457
48084,124573
48084,31230
48084,31767
48084,131016
48084,118062
48084,16517
48084,119959
48084,123254
48084,62771
48084,49495
48084,89661
48084,78003
48084,88809
48084,3772
48084,81044
48084,74991
48084,48614
48084,4144
48084,42944
48084,122258
48084,121716
48085,119367
48085,60043
48085,54865
48085,124488
48085,90994
48085,113298
48085,4204
48085,57978
48085,137672
48085,134731
48085,19127
48085,45122
48085,105227
48085,88471
48085,12247
48085,18977
48085,132626
48085,61344
48085,39085
48085,57040
48085,26264
48085,18500
48085,124726
48085,55401
48085,90475
48085,30380
48085,137397
48085,86922
48085,12718
48085,65602
48085,7970
48086,102550
48086,8013
48086,73923
48086,46531
48086,18544
48086,29414
48086,116187
48086,18228
48086,55546
48086,5126
48086,99808
48086,49999
48086,52081
48086,67946
48086,139025
48088,36427
48088,1497
48088,32112
48088,92137
48088,98862
48088,118655
48088,82927
48088,36871
48088,14536
48088,31643
48088,89695
48088,7051
48088,17633
48088,110940
48088,8161
48088,120851
48088,30950
48088,62433
48088,105403
48088,63916
48088,28537
48088,3858
48088,46506
48088,79740
48088,89360
48088,10566
48088,64569
48088,57945
48088,12940
48088,131893
48088,111464
48088,14878
48088,51066
48089,63617
48089,56428
48089,28916
48089,94888
48089,101221
48089,103924
48089,117873
48089,17091
48089,106149
48089,32665
48089,28249
48089,87975
48089,10084
48089,5395
48089,115898
48089,121334
48089,90638
48089,11395
48089,30586
48089,101115
48089,8108
48089,81819
48089,25397
48089,72021
48089,125147
48089,107314
48089,98774
48089,131538
48089,66772
48089,39962
48089,106875
48089,21199
48090,103405
48090,60073
48090,1435
48090,79579
48090,64587
48090,20110
48090,72693
48090,63987
48090,91377
48090,88756
48090,94539
48090,66158
48090,108788
48090,80276
48090,113938
48090,113300
48090,87695
48090,80049
48090,139669
48090,132846
48090,11391
48090,76476
48090,97007
48090,117924
48090,101684
48090,29278
48090,37804
48090,82783
48090,25265
48090,67418
48090,102787
48090,24079
48091,119512
48091,28023
48091,97141
48091,20182
48091,51646
48091,25530
48091,117458
48091,106651
48091,101339
48091,117409
48091,86151
48091,26184
48091,88711
48091,85166
48091,21316
48091,76030
48091,14306
48091,36893
48091,53210
48091,99366
48091,119753
48091,19297
48091,50604
48091,137973
48091,55278
48091,17181
48091,43588
48091,60089
48091,39119
48091,28516
48091,66578
48094,43365
48094,70365
48094,50242
48094,41613
48094,43977
48094,8271
48094,118508
48094,106776
48094,76634
48094,54044
48094,93497
48094,39252
48094,92220
48094,138212
48094,119606
48094,43040
48094,81377
48094,93298
48094,117958
48094,129209
48094,99187
48094,105114
48094,15673
48095,95570
48095,138178
48095,77775
48095,43405
48095,109103
48095,97484
48095,12867
48095,91134
48095,12977
48095,119123
48095,66652
48095,54513
48095,35872
48095,15871
48095,112236
48095,68984
48095,53438
48095,85189
48095,14573
48095,62469
48095,46464
48095,136381
48095,54140
48096,27730
48096,74792
48096,29682
48096,106834
48096,58508
48096,1729
48096,109891
48096,104640
48096,9111
48096,90478
48096,89106
48096,1221
48096,48268
48096,14739
48096,13565
48096,66842
48096,65924
48096,114866
48096,8349
48096,117121
48096,70188
48096,133947
48096,99356
48096,72640
48096,134702
48096,50452
48096,1697
48096,130430
48096,90605
48098,80275
48098,81498
48098,118178
48098,95942
48098,54064
48098,24806
48098,2476
48098,107616
48098,119957
48098,46971
48098,14391
48098,31963
48098,90319
48098,55314
48098,38260
48098,24645
48098,29652
48098,28206
48098,113297
48098,131077
48098,128364
48098,44719
48098,34947
48098,83232
48098,6011
48098,27213
48098,46743
48098,86400
48098,75309
48098,111913
48098,813
48098,2508
48098,109470
48099,2859
48099,72503
48099,84407
48099,51111
48099,77286
48099,74428
48099,30414
48099,89564
48099,33839
48099,80898
48099,89566
48099,137928
48099,13705
48099,60000
48099,47233
48099,117187
48099,122027
48099,16608
48099,40666
48099,50994
48099,112695
48099,58775
48099,62503
48099,103854
48099,8206
48099,36763
48099,16308
48099,126249
48099,46409
48099,121499
48101,22171
48101,114985
48101,88036
48101,116365
48101,6658
48101,82800
48101,87661
48101,93583
48101,128792
48101,118193
48101,66642
48101,121126
48101,137709
48101,15968
48101,72481
48101,15044
48101,99086
48101,33380
48103,125069
48103,85742
48103,75491
48103,39993
48103,86916
48103,85567
48103,54731
48103,89991
48103,71671
48103,83045
48103,90923
48103,139893
48103,17817
48103,109185
48103,137826
48103,3625
48103,127808
48103,56063
48103,71258
48103,83806
48103,97099
48103,68826
48103,90063
48103,11622
48103,64344
48103,11826
48103,46162
48103,89119
48103,49152
48103,83430
48103,122660
48103,21812
48105,12835
48105,71184
48105,138616
48105,34688
48105,58355
48105,57095
48105,7780
48105,59359
48105,63317
48105,9041
48105,56838
48105,78430
48105,102972
48105,132918
48105,135461
48105,135634
48105,69644
48105,73518
48105,86365
48108,137997
48108,124342
48108,116942
48108,37818
48108,14082
48108,35223
48108,131892
48108,104517
48108,77089
48108,90845
48108,70177
48108,59781
48108,114932
48108,134323
48108,59657
48108,77914
48108,78500
48108,24545
48108,134154
48108,49656
48108,90809
48108,68420
48108,38419
48108,40279
48108,57952
48108,60846
48108,122112
48108,117294
48108,125083
48108,46274
48108,94455
48108,77795
48108,54850
48111,118604
48111,65235
48111,57001
48111,47102
48111,119349
48111,55230
48111,111343
48111,61950
48111,48985
48111,5853
48111,42101
48111,10538
48111,139310
48111,61179
48111,26681
48111,38917
48111,49210
48111,112575
48111,59131
48111,121611
48111,56255
48111,55549
48111,139626
48111,28679
48111,81089
48111,13800
48111,115077
48111,105449
48111,133321
48111,73027
48111,65779
48111,39849
48111,77522
48111,12651
48111,56200
48112,13504
48112,86022
48112,71235
48112,74301
48112,119811
48112,98373
48112,10668
48112,47860
48112,63742
48112,87424
48112,136503
48112,90678
48112,16010
48112,136681
48112,55870
48112,29069
48112,95500
48112,52103
48112,42564
48112,83782
48112,120521
48112,67905
48113,50653
48113,138040
48113,140013
48113,57863
48113,77071
48113,70987
48113,117792
48113,138974
48113,89810
48113,78875
48113,135435
48113,3575
48113,123828
48113,131291
48113,41365
48113,78710
48113,84247
48113,73989
48114,17596
48114,101276
48114,81762
48114,92078
48114,34217
48114,46899
48114,93839
48114,7941
48114,17621
48114,57319
48114,62697
48114,100110
48114,100312
48114,127878
48114,45566
48114,82651
48116,16285
48116,111558
48116,86402
48116,74007
48116,46897
48116,135622
48116,134202
48116,33058
48116,62033
48116,107115
48116,14856
48116,110196
48116,113342
48116,21032
48116,81927
48116,12190
48116,67309
48116,67917
48118,8883
48118,39535
48118,83395
48118,133437
48118,136464
48118,112317
48120,57997
48120,115779
48120,32625
48120,117667
48120,43241
48120,86778
48120,35245
48120,37429
48120,116416
48120,32243
48120,21731
48120,121071
48120,52681
48120,127482
48120,23697
48120,56417
48120,119952
48120,4610
48120,12248
48120,32565
48120,88345
48120,72684
48120,36029
48120,24996
48120,117177
48120,9253
48120,44497
48120,71277
48122,5355
48122,25370
48122,99726
48122,66146
48122,17493
48122,30762
48122,118207
48122,56911
48122,110269
48122,94203
48122,130141
48122,70834
48122,127959
48122,71488
48122,131744
48122,67810
48122,74557
48122,53857
48122,34807
48122,8983
48122,27357
48122,140724
48122,135274
48122,81879
48122,90078
48122,100206
48122,118353
48122,95108
48122,19438
48122,83388
48122,37813
48123,44213
48123,64017
48123,133846
48123,94241
48123,138290
48123,80067
48123,135874
48123,54795
48123,118722
48123,59204
48123,95394
48123,122468
48123,138973
48123,24654
48123,69149
48123,136429
48123,978
48123,19965
48123,47202
48123,47534
48123,3754
48123,139974
48123,38769
48123,14002
48123,57636
48123,29997
48123,28246
48123,23256
48123,10494
48123,45989
48123,25820
48123,24865
48125,137997
48125,77089
48125,37818
48125,24545
48125,114932
48125,21018
48125,49656
48125,26248
48125,70177
48125,78500
48125,134154
48125,68420
48125,35223
48125,29633
48125,90809
48125,59781
48125,38904
48125,131892
48125,77795
48125,60468
48126,30992
48126,32752
48126,27192
48126,69200
48126,46846
48126,67319
48126,39851
48126,75371
48126,24650
48126,52324
48126,71087
48126,88329
48126,82627
48126,42292
48126,57852
48126,71556
48126,98860
48126,21344
48126,24546
48126,5600
48126,92965
48126,71174
48126,55092
48126,58039
48126,122060
48126,83043
48126,117793
48126,102633
48126,8409
48126,43964
48126,119158
48128,89650
48128,103354
48128,112808
48128,26501
48128,26107
48128,77168
48128,58483
48128,84403
48128,121401
48128,62993
48128,118448
48128,57860
48128,21637
48128,88678
48128,6169
48128,24713
48128,111416
48128,75266
48128,39323
48128,69006
48128,104503
48128,137979
48128,85896
48128,61555
48128,116091
48128,22245
48128,29097
48128,122565
48128,24986
48128,62947
48128,119295
48128,75138
48128,106319
48129,92529
48129,46385
48129,40394
48129,137095
48129,23308
48129,52756
48129,99965
48129,10337
48129,99756
48129,52948
48129,34244
48129,96446
48129,124240
48129,109436
48129,79931
48129,9488
48129,50458
48129,76403
48129,128982
48129,92350
48129,25023
48129,108717
48129,23685
48129,98729
48129,42164
48129,80455
48129,50096
48129,135081
48129,99466
48129,63425
48129,26487
48129,123388
48129,37326
48131,15994
48131,8962
48131,31643
48131,63916
48131,105403
48131,45080
48131,100352
48131,30338
48131,101984
48131,118035
48131,43441
48131,84122
48131,106262
48131,129228
48132,4496
48132,134757
48132,23735
48132,21416
48132,88903
48132,139182
48132,16188
48132,6396
48132,23693
48132,118930
48132,113097
48133,109793
48133,34066
48133,22431
48133,113106
48133,117990
48133,75125
48133,94188
48133,139976
48133,127297
48133,86606
48133,67080
48133,71373
48133,120824
48133,33687
48133,95292
48133,8992
48133,75827
48133,114290
48133,74086
48133,111775
48133,15634
48133,12425
48133,11521
48133,52135
48133,135393
48133,63045
48133,52622
48133,121238
48133,52826
48133,28427
48133,47607
48133,59565
48133,6656
48135,107490
48135,7267
48135,63484
48135,25907
48135,50752
48135,14110
48135,60185
48135,26460
48135,5345
48135,139332
48135,31525
48135,136875
48135,48866
48135,129980
48135,11247
48135,126102
48135,58719
48135,37455
48135,117702
48135,48961
48135,34269
48135,3200
48135,46993
48135,75989
48135,24786
48135,85554
48135,35227
48138,59190
48138,69592
48138,58699
48138,101046
48138,54205
48138,82026
48138,8284
48140,27969
48140,14844
48140,19202
48140,70697
48140,85965
48140,86892
48140,16651
48140,130869
48140,132416
48140,42967
48140,121520
48140,94553
48140,3854
48140,125066
48140,135695
48140,9545
48140,1736
48140,78144
48140,41326
48140,12238
48140,36531
48140,76396
48140,90013
48140,68544
48140,71152
48140,75969
48140,133815
48140,105517
48140,72915
48140,130578
48140,83313
48140,60171
48140,94135
48140,54703
48141,18618
48141,121857
48141,28662
48141,20153
48141,69549
48141,69745
48141,11862
48141,16382
48141,55272
48141,7062
48141,20568
48141,109169
48142,85231
48142,50094
48142,126730
48142,90166
48142,24431
48142,85495
48142,123429
48142,91389
48142,107975
48142,87355
48142,90648
48142,132021
48142,16148
48142,78973
48142,70917
48142,134721
48142,138896
48142,8180
48142,44366
48142,8603
48142,91125
48142,93656
48142,1021
48142,75121
48142,101938
48142,91664
48142,88928
48142,82153
48142,34339
48142,10336
48142,53213
48142,19688
48143,67688
48143,114777
48143,40463
48143,37788
48143,121287
48143,18569
48143,35043
48143,31442
48143,33163
48143,104149
48143,134786
48143,99894
48143,102112
48143,135195
48143,31945
48143,115207
48144,30125
48144,133776
48144,21660
48144,27052
48144,116997
48144,49989
48144,90591
48144,119013
48144,26333
48144,84816
48144,89693
48144,63022
48144,81007
48144,85937
48144,61585
48144,62809
48144,118013
48144,124635
48144,49764
48144,88794
48144,23209
48144,132654
48144,124958
48144,57362
48144,128216
48144,45358
48144,67091
48144,23751
48144,8535
48144,11691
48144,122526
48144,47317
48145,86704
48145,76443
48145,109793
48145,118800
48145,103635
48145,42265
48145,107846
48145,28495
48145,126465
48145,61695
48145,101743
48145,77504
48145,22431
48145,54705
48145,81451
48145,123641
48145,94188
48145,117990
48145,13317
48145,68199
48145,130029
48145,4573
48145,116211
48145,100081
48145,70683
48145,131203
48145,79449
48145,117744
48145,70035
48145,124191
48145,132817
48145,91254
48145,39355
48146,1325
48146,34047
48146,67975
48146,94189
48146,16070
48146,52946
48146,90363
48146,82889
48146,36912
48146,50973
48146,45718
48146,79375
48146,4540
48146,96077
48147,98024
48147,90959
48147,22228
48147,4067
48147,19895
48147,43593
48147,81630
48147,114986
48147,13625
48147,125266
48147,81905
48147,1380
48147,13095
48147,136232
48147,42361
48147,87456
48147,18847
48147,22885
48147,94010
48147,92769
48147,97680
48147,116316
48147,41321
48147,15362
48147,51428
48147,39261
48147,41462
48147,9985
48147,13990
48147,43694
48148,137367
48148,24157
48148,29680
48148,80400
48148,125425
48148,5605
48148,62270
48148,50454
48148,135974
48149,42237
48149,115909
48149,10768
48149,114175
48149,9137
48149,113998
48150,135803
48150,140155
48150,91378
48150,129326
48150,117324
48150,8462
48150,61464
48150,54567
48150,57805
48150,80482
48150,77913
48150,112581
48150,93724
48150,94790
48150,119565
48150,39172
48150,94375
48152,118455
48152,84839
48152,59192
48152,110519
48152,104632
48152,65299
48152,138791
48152,125175
48152,111028
48152,82810
48152,106220
48152,103909
48152,40184
48152,14401
48152,57384
48152,69512
48152,7385
48152,35868
48152,45848
48152,119309
48152,21366
48152,27256
48152,105434
48152,134748
48152,46266
48152,113173
48152,19228
48152,125482
48152,86263
48152,112597
48152,12361
48152,104889
48153,134528
48153,25614
48153,36791
48153,93640
48153,78815
48153,11684
48153,91129
48154,114377
48154,117217
48154,55123
48154,9717
48154,102672
48154,129904
48154,63930
48154,24643
48154,19344
48154,76538
48154,133716
48154,21913
48154,79904
48154,44239
48154,42538
48154,13971
48154,28441
48154,2155
48154,70276
48154,102241
48154,92746
48154,68675
48154,88340
48154,15481
48154,134449
48154,82797
48154,95167
48154,78994
48154,39920
48154,78941
48154,57779
48154,121138
48155,114333
48155,58290
48155,44388
48155,120918
48155,6735
48155,44955
48155,53146
48155,93068
48155,77125
48155,4923
48155,46985
48155,102407
48155,45234
48155,106580
48155,86386
48155,107441
48155,67708
48155,134980
48155,128151
48155,65595
48155,103620
48155,85690
48155,18422
48155,51136
48155,90430
48155,83228
48155,69047
48155,139958
48156,50895
48156,125303
48156,124339
48156,25014
48156,64101
48156,137300
48156,77013
48156,30132
48156,102836
48156,97164
48156,85269
48156,117823
48156,96545
48156,15889
48156,70316
48156,24402
48156,94981
48156,70333
48156,54783
48156,44322
48156,51110
48156,110152
48156,123113
48156,122227
48156,76203
48156,75824
48156,106853
48156,91433
48156,121069
48156,97476
48156,129118
48156,116127
48156,43461
48159,17013
48159,108102
48159,61323
48159,134029
48159,24326
48159,40833
48159,127938
48159,129612
48159,34453
48159,69193
48161,5355
48161,66146
48161,17493
48161,30762
48161,34807
48161,110269
48161,131744
48161,3189
48161,88905
48161,27357
48161,135274
48161,56911
48161,83388
48162,24021
48162,17105
48162,53547
48162,19743
48162,21688
48162,39748
48162,53393
48162,136025
48162,50623
48162,108607
48162,101503
48162,130532
48162,98557
48162,52915
48162,135389
48162,113610
48162,67653
48162,121421
48162,117751
48162,63147
48162,65100
48162,131344
48162,56064
48162,92403
48162,80251
48162,126732
48162,8289
48162,62168
48162,77465
48162,14041
48162,99922
48163,6553
48163,18214
48163,121294
48163,21886
48163,59404
48163,29706
48163,122498
48163,85973
48163,23039
48165,1048
48165,93770
48165,67252
48165,107389
48165,19718
48165,20777
48165,25483
48165,12315
48165,21475
48165,6208
48165,20547
48165,97282
48165,123453
48165,82116
48165,128348
48165,123319
48165,117460
48165,102257
48165,127553
48165,111519
48165,128794
48165,121735
48165,83422
48165,60910
48165,49137
48165,83979
48165,42717
48165,89426
48165,54529
48165,88570
48165,85194
48165,57315
48165,78186
48167,87293
48167,29182
48167,52111
48167,80259
48167,124443
48167,93123
48167,12808
48167,133499
48167,105104
48167,36335
48167,127475
48167,134633
48167,10188
48167,138004
48167,58277
48167,75860
48167,16815
48167,96707
48167,66737
48167,58167
48167,86522
48167,38329
48167,91906
48167,79338
48167,43369
48167,2787
48167,33201
48167,123449
48167,50472
48167,118038
48167,66893
48167,125476
48167,19608
48168,15828
48168,106655
48168,112200
48168,84679
48168,81851
48168,22189
48168,11338
48168,65004
48168,81046
48168,40024
48168,28958
48168,72323
48168,30190
48168,49527
48168,6834
48168,4093
48168,44755
48168,2120
48168,44142
48168,26973
48168,81296
48168,100007
48168,44840
48168,64283
48168,105772
48168,79833
48168,76394
48168,7786
48168,118683
48168,585
48169,115628
48169,2292
48169,51746
48169,18338
48169,73307
48169,44674
48169,132936
48169,95892
48169,108073
48169,116107
48169,20885
48169,20109
48169,33137
48169,34908
48169,32400
48169,73673
48169,44942
48169,131483
48169,122961
48169,21036
48169,135633
48170,57763
48170,90924
48170,38534
48170,137672
48170,44941
48170,36485
48170,47199
48170,29403
48170,29593
48170,102180
48170,56870
48170,15110
48170,89072
48170,65602
48170,14920
48170,136402
48170,28413
48170,27174
48170,55401
48170,134731
48170,39085
48170,7970
48170,90994
48170,71613
48170,104143
48170,126199
48170,22852
48170,108122
48170,124488
48170,86922
48170,102049
48170,72254
48171,92705
48171,885
48171,140545
48171,112237
48171,23413
48171,65019
48171,106681
48171,102710
48171,134188
48171,109393
48171,65538
48171,68795
48171,86602
48171,93033
48171,24847
48171,59454
48171,40998
48171,140795
48171,134877
48171,75365
48171,91611
48171,27078
48171,138069
48171,121880
48171,50417
48171,97508
48171,57075
48172,9681
48172,9345
48172,87366
48172,26710
48172,27154
48172,30607
48172,5298
48172,107296
48172,78248
48172,69582
48172,85370
48172,39437
48172,115228
48172,19669
48172,47227
48172,71256
48172,96335
48172,72002
48172,59000
48172,88355
48172,39143
48172,133497
48172,6729
48172,132011
48172,106477
48172,126361
48172,131632
48172,50372
48172,102912
48172,112975
48174,29418
48174,35554
48174,117044
48174,3892
48174,107180
48174,31099
48174,25462
48174,5885
48174,6816
48174,21388
48174,131884
48174,41661
48174,133349
48174,132970
48174,137016
48174,121430
48174,78474
48174,95027
48174,123643
48174,70307
48174,85004
48174,74630
48174,16394
48174,120816
48174,11478
48174,137935
48174,123866
48174,36924
48174,89033
48174,66233
48174,55412
48176,72709
48176,50404
48176,50583
48176,106562
48176,21579
48176,84604
48176,69956
48176,50409
48176,69610
48176,61955
48176,78133
48178,68689
48178,133729
48178,128313
48178,13155
48178,77109
48178,65983
48178,138971
48178,117347
48178,68783
48178,41368
48179,11959
48179,17138
48179,90261
48179,13224
48179,136972
48179,86919
48179,118726
48179,103758
48179,132285
48179,39906
48179,41586
48179,90649
48179,3712
48179,90086
48179,62106
48179,52525
48179,73012
48179,138210
48179,486
48179,35350
48179,100399
48179,105753
48179,111714
48179,20689
48179,105617
48179,120855
48179,130158
48179,33831
48179,86090
48179,129605
48179,39703
48179,62382
48180,99388
48180,34616
48180,34382
48180,109292
48180,1019
48180,13060
48180,102467
48180,109969
48180,128587
48180,22218
48180,105204
48180,38
48180,91488
48180,116502
48180,92547
48180,48242
48180,19327
48180,131085
48180,33386
48180,121769
48180,76449
48180,85074
48180,133659
48180,117128
48181,19575
48181,115390
48181,114392
48181,8432
48181,113967
48181,138977
48181,48147
48181,86976
48181,9284
48181,44308
48181,79855
48181,14896
48181,16433
48181,80414
48181,112054
48181,8346
48181,74617
48181,124576
48181,53335
48181,2659
48181,59647
48181,18076
48181,44894
48181,130323
48181,31929
48181,30702
48181,6293
48181,108360
48181,120670
48181,26537
48181,42636
48181,21979
48182,84723
48182,27308
48182,61981
48182,32572
48182,106711
48182,89400
48182,71802
48182,114864
48182,9770
48182,64219
48182,122600
48182,121942
48182,123045
48182,78100
48182,41649
48182,23734
48182,56995
48182,53391
48182,93590
48182,75619
48182,56953
48182,12562
48182,71135
48183,123055
48183,35556
48183,87171
48183,69539
48183,66733
48183,81352
48183,47427
48183,13221
48183,114442
48183,43978
48183,128481
48183,50303
48183,119017
48183,116668
48183,78911
48183,100267
48183,126555
48183,104927
48183,109770
48183,2336
48183,67505
48183,138447
48183,136658
48183,22457
48183,56136
48184,58994
48184,100352
48184,89536
48184,64657
48184,94751
48184,139235
48184,3615
48184,118035
48184,47627
48184,79168
48184,65247
48184,128447
48184,45365
48184,11302
48184,2087
48184,57600
48184,116001
48184,17810
48184,121395
48184,123976
48186,138839
48186,83173
48186,138615
48186,36142
48186,60875
48186,77151
48186,62823
48186,126108
48186,111783
48186,57098
48186,76196
48186,106418
48186,41325
48186,58232
48186,81643
48186,97732
48186,101467
48186,44416
48186,15571
48186,71827
48186,14426
48186,79919
48186,134393
48186,126910
48186,26294
48186,132203
48186,77291
48188,110190
48188,101785
48188,8047
48188,139435
48188,2613
48188,22021
48188,5475
48188,35432
48188,32818
48188,120426
48188,99979
48188,85210
48188,79756
48188,13322
48188,55121
48188,75931
48188,100390
48188,103062
48188,77507
48188,78696
48188,74110
48188,100234
48188,121965
48188,10493
48188,31463
48188,58240
48188,128945
48188,106708
48188,9169
48188,9946
48188,121116
48188,57718
48189,106230
48189,90920
48189,121041
48189,70887
48189,87154
48189,64872
48189,93594
48189,38262
48189,38913
48189,57934
48189,57125
48189,90744
48189,135238
48189,56917
48189,96112
48189,20207
48189,123709
48189,40048
48189,107087
48189,77574
48189,106421
48189,113402
48189,5132
48189,45961
48189,35010
48189,126789
48189,110765
48189,78642
48189,74085
48189,59042
48189,1211
48189,52263
48189,98719
48189,121198
48189,8374
48191,25827
48191,96753
48191,66464
48191,8903
48191,11976
48193,130729
48193,136159
48193,1277
48193,34635
48193,44306
48193,53695
48193,38444
48193,25874
48193,100384
48193,43423
48193,40649
48193,94956
48193,21250
48193,117463
48193,80874
48193,67974
48193,38795
48193,55039
48193,28806
48193,70242
48193,83026
48193,14389
48193,91051
48193,49368
48193,33912
48193,16866
48193,83749
48193,113825
48193,103526
48193,114550
48193,17327
48193,36029
48195,106209
48195,1063
48195,57560
48195,132142
48195,31738
48195,28057
48196,53612
48196,42854
48196,55125
48196,5631
48196,47440
48197,105309
48197,108789
48197,65080
48197,27163
48197,120834
48197,96709
48197,54062
48197,76547
48197,74736
48197,33848
48197,100429
48197,125252
48197,137066
48197,17361
48197,43823
48197,49877
48197,112647
48197,80066
48197,92954
48197,102200
48197,70281
48197,8406
48197,88848
48197,76947
48197,79372
48197,62982
48197,19542
48197,43322
48197,95819
48197,15829
48197,20685
48197,41135
48197,3932
48203,107785
48203,120144
48203,43749
48203,87215
48203,54937
48203,120665
48203,37283
48203,99484
48203,9812
48203,63145
48203,103860
48203,38227
48203,13443
48203,12579
48203,131110
48203,52784
48203,43594
48203,134966
48203,98770
48203,1085
48203,72597
48203,61934
48203,117439
48203,69615
48203,51979
48203,15251
48203,116251
48203,79221
48203,110264
48203,28181
48203,69352
48203,74166
48203,5543
48203,109270
48204,109895
48204,107309
48204,93415
48204,99318
48204,103329
48204,5367
48204,37310
48204,91487
48204,25946
48204,25382
48204,126830
48204,91321
48204,45111
48204,52423
48204,25313
48204,21281
48204,1768
48204,87472
48204,2675
48204,102402
48204,60664
48204,66746
48204,43908
48204,88643
48204,117221
48204,44706
48204,109885
48204,109344
48204,56394
48204,19998
48204,13462
48204,41939
48204,43367
48205,14780
48205,81287
48205,6743
48205,46571
48205,60745
48205,101002
48205,116019
48205,20132
48205,42782
48205,45918
48205,132818
48205,16788
48205,11326
48205,49598
48205,134732
48211,55272
48211,83022
48211,121857
48211,69549
48211,55511
48211,28662
48211,26096
48211,128607
48211,16382
48211,129466
48211,117311
48211,45911
48211,135132
48211,7062
48211,11862
48211,32845
48211,5040
48211,72143
48211,72781
48211,461
48211,102285
48211,20153
48211,48394
48211,30402
48211,84970
48211,91454
48211,51524
48211,61807
48211,56482
48211,5816
48211,24297
48212,15543
48212,29913
48212,58635
48212,59251
48212,128361
48212,18039
48212,7751
48212,111928
48212,23116
48212,87302
48212,78825
48212,116314
48212,34692
48212,19967
48212,125410
48212,69757
48212,76789
48212,10117
48212,30649
48212,100048
48212,47927
48212,79060
48212,102293
48212,73690
48212,49154
48212,61381
48212,15140
48212,105458
48212,118771
48212,128389
48214,111282
48214,119057
48214,36068
48214,48705
48214,112559
48214,32268
48214,62043
48214,79365
48214,37191
48214,95975
48214,134001
48214,13621
48214,116887
48214,55495
48214,138824
48214,57665
48214,23588
48214,64885
48214,101031
48214,54482
48214,20474
48214,103466
48214,98118
48214,14283
48214,76838
48214,133181
48214,118804
48214,18741
48214,25699
48214,68703
48214,136044
48216,130134
48216,96399
48216,32862
48216,54432
48216,137336
48216,20199
48216,4298
48216,92145
48216,132828
48216,81128
48216,51836
48216,72557
48216,90419
48216,83385
48216,119709
48216,60034
48216,82655
48216,61383
48216,140634
48216,68780
48216,118769
48216,70259
48216,91142
48216,132362
48216,128769
48216,15329
48216,73810
48216,133431
48216,99390
48216,40736
48216,137819
48216,20251
48217,49008
48217,46147
48217,55460
48217,4765
48217,116077
48217,59886
48217,133587
48217,29768
48217,3158
48217,69965
48217,11392
48217,41237
48217,131252
48217,60561
48217,117861
48217,115756
48217,52618
48217,96164
48217,124801
48217,114936
48217,34859
48217,22366
48217,50535
48217,128520
48217,66813
48217,14872
48217,52862
48217,29024
48217,36109
48217,109780
48217,55354
48217,122058
48217,139512
48218,96118
48218,31382
48218,73489
48218,25644
48218,140351
48218,10804
48218,107762
48218,134599
48218,100363
48218,4682
48218,21837
48218,45643
48218,1407
48218,40958
48218,108767
48218,1940
48218,63035
48218,100843
48218,62834
48218,17816
48218,61740
48218,132898
48218,37032
48218,121697
48218,17328
48218,18183
48218,120332
48218,130373
48218,57027
48218,115236
48218,28125
48218,15670
48218,118848
48219,95292
48219,117990
48219,75125
48219,123641
48219,16830
48219,118800
48219,109793
48219,110302
48219,139976
48219,101743
48219,86606
48219,113106
48219,123051
48219,88226
48219,59858
48219,32452
48219,71373
48219,65788
48219,35158
48219,22431
48219,8992
48219,34066
48219,13317
48219,120541
48219,96091
48219,36771
48219,79099
48219,121238
48219,12425
48219,112685
48219,9882
48219,28427
48219,47607
48219,59565
48221,64502
48221,125187
48221,59821
48221,110812
48221,44553
48221,107000
48221,33159
48221,38711
48221,94974
48221,12348
48221,54447
48221,117194
48221,33490
48223,67177
48223,118980
48223,74108
48223,44801
48223,58319
48223,102460
48223,19333
48223,11166
48223,68101
48223,110746
48223,128053
48223,39674
48223,106417
48223,98695
48223,9510
48223,82141
48223,84704
48223,56738
48223,94978
48223,122342
48223,73977
48223,78547
48227,80110
48227,53409
48227,139854
48227,2092
48227,136950
48227,33384
48227,51459
48227,8063
48227,82371
48227,86637
48227,109427
48227,42736
48227,71240
48227,74649
48227,50706
48227,85962
48227,112851
48227,36256
48227,7886
48227,44876
48227,131513
48227,100022
48227,132880
48227,41494
48227,21310
48227,27456
48227,108864
48227,110489
48227,137853
48227,25503
48227,42500
48227,43473
48228,130482
48228,24054
48228,78886
48228,63806
48228,69207
48228,135888
48228,79726
48228,129520
48228,97683
48228,133810
48228,81671
48228,100135
48228,132157
48228,103365
48228,60713
48228,32110
48228,117784
48228,67782
48228,12956
48228,53175
48228,45334
48228,86868
48228,20121
48228,75095
48228,1428
48228,86272
48228,85867
48228,65185
48228,124495
48228,39899
48228,38479
48228,37802
48228,18715
48228,54
48230,140078
48230,85251
48230,54406
48230,53972
48230,79811
48230,17926
48230,94655
48230,4141
48230,112900
48230,108448
48230,88067
48230,792
48230,67402
48230,23881
48230,20379
48230,9288
48230,140138
48230,103757
48230,67435
48230,95553
48230,102333
48233,102550
48233,73923
48233,18544
48233,29414
48233,132707
48233,29021
48233,83999
48233,140414
48233,55546
48233,5836
48234,640
48234,138908
48234,104526
48234,97799
48234,65332
48234,132383
48234,67661
48234,92100
48234,51980
48234,136720
48234,10895
48234,111830
48234,57986
48234,10438
48234,79737
48234,9128
48234,138900
48234,27842
48234,27982
48234,22312
48234,55011
48234,26052
48234,134568
48234,103036
48234,19675
48234,56431
48234,96994
48234,78814
48234,40027
48234,149
48234,134406
48234,118666
48235,108223
48235,32276
48235,65826
48235,5061
48235,50728
48235,106538
48235,139892
48235,19454
48235,9849
48235,34977
48235,79720
48235,136799
48235,51219
48235,20178
48235,50570
48235,57370
48235,121921
48235,94948
48235,1278
48235,29046
48235,111549
48235,60309
48235,94363
48235,117292
48235,12363
48235,71537
48235,58269
48235,3559
48235,120549
48235,27751
48235,137953
48235,8024
48237,60298
48237,131391
48237,12655
48237,106648
48237,12070
48237,119181
48237,62467
48237,118521
48237,71200
48237,56354
48237,138198
48237,66835
48237,56627
48237,62565
48237,118915
48237,31204
48237,21337
48237,82828
48237,4094
48237,77634
48237,40857
48237,74357
48237,41611
48237,99433
48237,86072
48237,36199
48237,138075
48237,72921
48237,91261
48237,105706
48237,107744
48237,120454
48237,14370
48238,99512
48238,37390
48238,8884
48238,73448
48238,7479
48238,71838
48238,47872
48238,82264
48238,4223
48238,55936
48238,79154
48238,140689
48238,69251
48238,60425
48238,89717
48238,134223
48238,75627
48238,138238
48238,98030
48238,134522
48238,40137
48238,39791
48238,24398
48240,5575
48240,32558
48240,30369
48240,51045
48240,64565
48240,63199
48240,88493
48240,81916
48240,122214
48240,21033
48240,110372
48240,90189
48240,39104
48242,85366
48242,41228
48242,112251
48242,99766
48242,48082
48242,35125
48242,101725
48242,110561
48242,118427
48242,42817
48242,51905
48242,120451
48242,36017
48242,72231
48242,105298
48242,95651
48242,67089
48242,44423
48242,115751
48242,138295
48242,60165
48242,96141
48242,112145
48242,110415
48242,121406
48242,59443
48242,139239
48242,115013
48242,86698
48242,12513
48242,139739
48244,45651
48244,17595
48244,65229
48244,126691
48244,78253
48244,51419
48244,50991
48244,114298
48244,127395
48244,138344
48244,25841
48244,133795
48244,138310
48244,53714
48244,27692
48244,95028
48244,56226
48244,42559
48244,17147
48244,20790
48244,44916
48244,116983
48244,134918
48244,126055
48244,8396
48244,67093
48244,96550
48244,109170
48244,111796
48244,106855
48244,103834
48244,67725
48245,45953
48245,51341
48245,103272
48245,116644
48245,57197
48245,21779
48245,68293
48245,31036
48245,6458
48245,136061
48245,56800
48245,115119
48245,103252
48245,51893
48245,126888
48245,54992
48245,15105
48245,112972
48245,84724
48245,58816
48245,12415
48245,45094
48245,83018
48245,4751
48245,124089
48245,24393
48245,52037
48245,83367
48245,2003
48245,131937
48245,131863
48245,54113
48245,20672
48245,16709
48246,100362
48246,69909
48246,104680
48246,17916
48246,32705
48246,78323
48246,78558
48247,71559
48247,91855
48247,126254
48247,94287
48247,36701
48247,107922
48247,38149
48247,96290
48247,134674
48247,115579
48247,105899
48247,43466
48247,72467
48247,4759
48247,50697
48248,89740
48248,71011
48248,136339
48248,138779
48248,82110
48248,82291
48248,108142
48248,58317
48248,52374
48248,26277
48248,30208
48248,77533
48248,103274
48248,93403
48248,105254
48248,85651
48248,97888
48248,55814
48248,77481
48248,84943
48248,88494
48248,38901
48248,106451
48248,93505
48248,14403
48248,2167
48248,84044
48248,78614
48248,68593
48248,74258
48250,64148
48250,10944
48250,22485
48250,74322
48250,75666
48250,32815
48252,37124
48252,43657
48252,37543
48252,62726
48252,22013
48252,79537
48252,110189
48252,27142
48252,20295
48252,90836
48252,90377
48252,1495
48252,131740
48252,12357
48252,48375
48252,102874
48252,95182
48252,31486
48252,77411
48252,25236
48252,66803
48252,42011
48252,59322
48252,62237
48252,79235
48252,37304
48252,72189
48252,68833
48252,113761
48252,38837
48252,85321
48252,83364
48252,39329
48253,78624
48253,107485
48253,87936
48253,104625
48253,4472
48253,36996
48253,18651
48253,59105
48253,97590
48253,58124
48253,58994
48253,38497
48253,105688
48253,139235
48253,84032
48253,103515
48253,58833
48253,43922
48253,90457
48256,100585
48256,33815
48256,38161
48256,130414
48256,7276
48256,12005
48256,67545
48256,47054
48256,36161
48256,43285
48256,131151
48256,38382
48256,27617
48256,5156
48256,58288
48256,90081
48256,11957
48256,38058
48256,65782
48256,39503
48256,31768
48256,89878
48256,116889
48256,115718
48256,56658
48256,87633
48256,51559
48256,41484
48256,132490
48256,83831
48256,73337
48256,38631
48256,86410
48256,98465
48257,41148
48257,96121
48257,75529
48257,14442
48257,138771
48257,32269
48257,69665
48257,16578
48257,86737
48257,90350
48257,111210
48257,99670
48258,89124
48258,34592
48258,57973
48258,76205
48258,95800
48258,82856
48258,28069
48258,58842
48259,106578
48259,91369
48259,76950
48259,117960
48259,90486
48259,89084
48259,19146
48259,93334
48259,115496
48259,10328
48259,69516
48259,16918
48259,103137
48259,104775
48259,105082
48259,10806
48259,84615
48259,37593
48259,60775
48259,81492
48259,121082
48259,64425
48259,103980
48259,95758
48259,1069
48259,75697
48259,31519
48259,21064
48259,59653
48259,13804
48259,47175
48263,91607
48263,11462
48263,67954
48263,127988
48263,33509
48263,118347
48263,41400
48263,3500
48263,25534
48263,88616
48263,380
48263,44307
48263,44507
48263,25979
48263,31272
48263,59042
48263,11631
48263,69171
48263,8364
48263,123201
48263,109
48263,27600
48263,121841
48265,123960
48265,129771
48265,15225
48265,125699
48265,59357
48265,119683
48265,31434
48265,100720
48265,124688
48265,30185
48267,135574
48267,67721
48267,124918
48267,12041
48267,64356
48267,40799
48267,60749
48267,82611
48267,41085
48268,40361
48268,44992
48268,86474
48268,6624
48268,116874
48268,108557
48268,31075
48268,1653
48268,89662
48268,131372
48268,105000
48268,13421
48268,9706
48268,97309
48269,66702
48269,5710
48269,140132
48269,40649
48269,20362
48269,118937
48269,719
48269,30627
48269,46153
48269,55303
48269,21721
48269,111480
48269,17170
48269,19018
48269,6300
48269,85833
48269,112063
48269,137118
48269,24311
48269,101652
48269,27817
48269,91834
48269,21134
48269,14147
48269,97061
48269,76777
48269,8679
48269,106204
48269,130415
48269,97305
48269,11821
48269,97264
48269,129440
48274,128219
48274,13558
48274,19543
48274,81528
48274,65373
48274,47863
48274,77923
48274,66906
48274,66658
48274,80933
48276,112738
48276,132844
48276,41229
48276,131326
48276,68231
48276,101981
48276,25278
48276,34938
48276,134474
48276,87749
48276,121080
48276,7367
48276,17463
48276,1850
48276,60997
48276,31006
48276,82214
48276,4615
48276,16509
48276,94445
48276,91424
48276,75735
48276,48759
48276,78207
48276,21536
48276,109938
48276,78688
48276,7496
48276,3107
48276,45534
48276,86480
48279,9264
48279,106096
48279,18177
48279,136175
48279,138228
48279,8780
48279,22167
48279,100633
48279,1097
48279,83442
48279,56079
48279,27589
48279,114024
48279,100024
48279,28207
48279,17080
48279,117026
48279,42306
48279,112805
48279,106017
48279,7114
48279,130068
48279,63909
48279,105005
48279,102965
48279,62820
48279,90472
48279,87816
48279,71845
48279,127694
48279,31840
48280,117041
48280,101396
48280,136069
48280,42995
48280,56689
48280,104699
48280,139301
48280,118790
48280,57619
48280,43263
48280,68228
48280,124853
48280,137440
48281,105182
48281,10771
48281,52992
48281,34744
48281,139465
48281,103748
48281,37646
48281,96166
48281,112570
48281,122761
48281,22196
48281,117805
48281,139236
48281,66177
48281,14301
48281,99046
48281,50197
48281,42541
48281,45577
48282,107389
48282,93770
48282,140592
48282,20777
48282,12315
48282,6208
48282,123453
48282,20547
48282,49133
48282,19718
48282,107188
48282,98380
48282,138831
48282,133186
48282,10781
48282,111519
48282,127553
48282,80752
48282,57546
48282,114770
48282,54991
48282,39502
48282,72844
48282,51769
48282,102234
48282,123612
48282,117540
48282,35912
48282,128348
48282,29250
48282,44351
48282,78186
48284,91280
48284,70996
48284,62009
48284,55235
48284,85624
48284,90066
48284,86374
48284,121540
48284,111982
48284,81420
48284,64286
48284,85559
48284,105125
48284,73600
48284,135667
48284,133833
48284,40202
48284,87013
48284,129046
48284,1835
48284,16206
48284,113890
48284,30782
48284,17007
48284,87297
48284,102215
48284,49513
48284,35676
48284,41907
48284,44516
48284,30333
48284,114927
48284,33722
48285,75562
48285,111830
48285,65332
48285,110375
48285,70213
48285,119358
48285,6992
48285,76111
48285,22573
48285,101015
48285,64373
48285,27982
48285,2149
48285,86686
48285,84343
48285,134189
48285,63262
48285,38973
48285,19900
48285,70846
48285,40027
48285,101842
48285,124826
48285,57986
48285,5947
48285,58079
48285,102366
48285,149
48285,41564
48285,15705
48285,86442
48286,51505
48286,4372
48286,64104
48286,83533
48286,54758
48286,18670
48286,38332
48286,102408
48286,88854
48286,110901
48286,36147
48286,105253
48286,50214
48286,110750
48286,82858
48286,137367
48286,80400
48286,22886
48286,90238
48286,124572
48286,24157
48286,106848
48286,62270
48286,29680
48286,135974
48286,26712
48286,48535
48286,35469
48286,52188
48286,49945
48286,125055
48286,138777
48287,70267
48287,112319
48287,92751
48287,86430
48287,120254
48287,70595
48287,47936
48287,62995
48287,29760
48287,98821
48287,77968
48287,4938
48287,125062
48287,4588
48287,69187
48287,58461
48287,136643
48287,20054
48287,97464
48287,99252
48287,41912
48287,31533
48287,136389
48287,111190
48287,90830
48287,117595
48289,124748
48289,37144
48289,125019
48289,62832
48289,84862
48289,51112
48289,63182
48289,104300
48289,78307
48289,134762
48289,48221
48289,31194
48289,129813
48290,126657
48290,105408
48290,21155
48290,90730
48290,118314
48290,61529
48290,8962
48290,1497
48290,31643
48290,23268
48290,32887
48290,20592
48290,14536
48290,110940
48290,41712
48290,25416
48290,80475
48290,53494
48290,126264
48290,78624
48290,62762
48290,74754
48290,126719
48290,135499
48290,35817
48290,30950
48290,113069
48290,128615
48290,122621
48290,5002
48290,92663
48290,7880
48292,65219
48292,4472
48292,71220
48292,64249
48292,131357
48292,44419
48292,16649
48292,27911
48292,35599
48292,57790
48292,110738
48292,135537
48292,91919
48292,78624
48292,138450
48292,47786
48292,102054
48292,129228
48292,78497
48292,113069
48293,21419
48293,98736
48293,32060
48293,92663
48293,25070
48294,66740
48294,5098
48294,45276
48294,107403
48294,95632
48294,12353
48294,115167
48294,44847
48294,85247
48294,134209
48295,80091
48295,19849
48295,110491
48295,115598
48295,767
48295,8997
48295,459
48295,5195
48295,41659
48295,108016
48295,25658
48295,46111
48295,38944
48295,39333
48295,73265
48295,140241
48295,57838
48295,4897
48295,34142
48295,54238
48295,120609
48295,15520
48295,114435
48295,73896
48295,107651
48295,77452
48295,45688
48295,114018
48295,1285
48295,129910
48296,136268
48296,4984
48296,125848
48296,23602
48296,107848
48296,39617
48296,23315
48296,8213
48296,48675
48296,123183
48296,140194
48296,18897
48296,90981
48296,6357
48296,17969
48296,6395
48296,81785
48296,42653
48296,40399
48296,93502
48296,103475
48296,58576
48296,8627
48296,52338
48296,115420
48296,45204
48296,13033
48296,138604
48296,31313
48296,119369
48296,8775
48296,131567
48296,103230
48296,97746
48298,125089
48298,27002
48298,46630
48298,25222
48298,25746
48298,10892
48298,16684
48298,48390
48298,25381
48298,20267
48298,89874
48298,117559
48298,54584
48298,81384
48298,129912
48298,136707
48298,73926
48298,47379
48298,119541
48298,30446
48298,49735
48298,85392
48298,37531
48298,114167
48298,10353
48298,71259
48298,139865
48298,138056
48298,53627
48298,109535
48298,82610
48298,31712
48299,45882
48299,33083
48299,106304
48299,119942
48299,82237
48299,61015
48299,90312
48299,55669
48299,55777
48299,29301
48299,51236
48299,59497
48299,9987
48299,6271
48299,88386
48299,109958
48299,118445
48299,4430
48299,89232
48299,8243
48299,131932
48299,17637
48299,132104
48299,106248
48299,19605
48299,125299
48299,28665
48299,100892
48299,24743
48299,136805
48299,128839
48299,15716
48299,62030
48300,119636
48300,116471
48300,11570
48300,88466
48300,20692
48300,48165
48302,77275
48302,129534
48302,120081
48302,97565
48302,55443
48302,56874
48303,48555
48303,11991
48303,126013
48303,71373
48303,120152
48303,63045
48303,64020
48303,16631
48303,64710
48303,26618
48303,119580
48303,127488
48303,122855
48303,77508
48303,9215
48303,60591
48303,119544
48303,7976
48303,16658
48303,127957
48303,43815
48303,109545
48303,59858
48303,28427
48303,132162
48303,8993
48303,14119
48303,63545
48303,48877
48303,6080
48303,68994
48303,135393
48303,117348
48303,19948
48304,12169
48304,68736
48304,74996
48304,39597
48304,31570
48304,126662
48304,118893
48304,5896
48304,63135
48304,60243
48304,124731
48304,3223
48304,27088
48304,98207
48304,26562
48304,68098
48304,28215
48304,46963
48304,8804
48304,59965
48304,94082
48304,2144
48304,88919
48304,48323
48304,9997
48304,139246
48304,75937
48305,85334
48305,120501
48305,101629
48305,40164
48305,38326
48305,111876
48305,28787
48305,55790
48305,11085
48305,98992
48305,116010
48305,100115
48305,45813
48305,55583
48305,11988
48305,49375
48305,25289
48305,18259
48305,18820
48305,73915
48305,44529
48305,4040
48305,34857
48305,127065
48305,99341
48305,68741
48305,123962
48305,93641
48305,10568
48305,53872
48305,14601
48306,99851
48306,140630
48306,93278
48306,70423
48306,48967
48306,9783
48306,121306
48306,106995
48306,135867
48306,8041
48306,36899
48306,13939
48306,126326
48306,114989
48306,59623
48306,129013
48306,92093
48306,121736
48306,1120
48306,121714
48306,12988
48306,49628
48306,54313
48306,126904
48306,77117
48306,16716
48306,16836
48306,68893
48306,37515
48306,56791
48306,63162
48306,63481
48306,90414
48307,139723
48307,73982
48307,4047
48307,112085
48307,11473
48307,137994
48307,89016
48307,72292
48307,45313
48307,58077
48307,117469
48307,5733
48307,77845
48307,85141
48307,132196
48307,35973
48307,134989
48307,14331
48307,39717
48307,107212
48307,134907
48307,140145
48307,76209
48307,27951
48307,33570
48307,72679
48307,114847
48307,71438
48307,67388
48307,28183
48307,129331
48307,7245
48308,9111
48308,27730
48308,125297
48308,39674
48308,109891
48308,104640
48308,102460
48308,85175
48308,128053
48308,37328
48308,4340
48308,50482
48308,29682
48308,1221
48308,65924
48308,67657
48308,47327
48308,36733
48308,84705
48308,104378
48308,134702
48308,122342
48308,35615
48308,110880
48308,67409
48308,74785
48308,1697
48308,132428
48308,99356
48308,50452
48308,51133
48308,128692
48308,74792
48309,77961
48309,98430
48309,85428
48309,94913
48309,128134
48309,30193
48309,113015
48309,80010
48309,87170
48309,99425
48309,12660
48309,85563
48309,23470
48309,74139
48309,28630
48309,93859
48309,41978
48309,81129
48309,69531
48309,64846
48309,62114
48309,61321
48309,122680
48309,108397
48309,112543
48309,87103
48309,104778
48309,91460
48309,42437
48309,39131
48309,99031
48309,16617
48310,96780
48310,81542
48310,59324
48310,67964
48310,88768
48310,27686
48310,63229
48310,66750
48310,78647
48310,127671
48310,85555
48310,79475
48310,48233
48310,133509
48310,127094
48310,107255
48310,53274
48310,92161
48310,31135
48310,114174
48310,55865
48310,30757
48310,135437
48310,94897
48310,120274
48310,82267
48310,99741
48310,41438
48310,15608
48311,21469
48311,30867
48311,7659
48311,133227
48311,126103
48311,128529
48311,33341
48311,1563
48311,110402
48311,79968
48311,117787
48311,77219
48311,11668
48311,40814
48311,68723
48311,43624
48311,27040
48311,111336
48311,106560
48311,31548
48311,17345
48311,74782
48311,64541
48311,101051
48314,51876
48314,38363
48314,116398
48314,134609
48314,134685
48314,6838
48314,3518
48314,28238
48314,80393
48314,126968
48314,94534
48314,49656
48314,110263
48314,134154
48314,125083
48314,68777
48314,133661
48314,64169
48314,68420
48314,66253
48314,57952
48314,138106
48314,16131
48314,71026
48314,35225
48314,22066
48315,27136
48315,21388
48315,85307
48315,93447
48315,5885
48315,6816
48315,127672
48315,95620
48315,95027
48315,78535
48315,105503
48318,73319
48318,78123
48318,111556
48318,64222
48318,54880
48318,70165
48318,82388
48320,69946
48320,12169
48320,117903
48320,58630
48320,89648
48320,15940
48320,123929
48320,9480
48320,113592
48320,126468
48320,118893
48320,53498
48320,102003
48320,26170
48320,32338
48320,87121
48320,80293
48320,17404
48320,1003
48320,38514
48320,48245
48320,21012
48320,25676
48320,56827
48320,64845
48320,14331
48320,129280
48320,11704
48320,9915
48320,129331
48322,45419
48322,69285
48322,62467
48322,123382
48322,36437
48322,73490
48322,3629
48322,112140
48322,49996
48322,48868
48322,77026
48323,8834
48323,22529
48323,110617
48323,113547
48323,48520
48323,134555
48323,112417
48323,58684
48323,82845
48323,98577
48323,67753
48323,60113
48323,21243
48323,101461
48323,126876
48323,105928
48323,60108
48323,44111
48323,89750
48323,74908
48323,81571
48323,59422
48323,50856
48323,25253
48323,52148
48323,120367
48323,116449
48323,68702
48323,133438
48323,109439
48323,49062
48323,99380
48323,30320
48323,3728
48324,41613
48324,8271
48324,50242
48324,43365
48324,109460
48324,43040
48324,119606
48324,93497
48324,39252
48324,92220
48324,81377
48324,138212
48324,99187
48324,15673
48326,30113
48326,87025
48326,23569
48326,40028
48326,76685
48326,91048
48326,72138
48326,28353
48327,65840
48327,111924
48327,7965
48327,76844
48327,4442
48327,69208
48327,86458
48327,112769
48327,69601
48327,2358
48327,49082
48327,32052
48327,126986
48327,17511
48327,10176
48327,8774
48327,124581
48327,101650
48327,128383
48327,96715
48327,72979
48327,49812
48327,24625
48327,69409
48328,640
48328,55011
48328,26052
48328,99340
48328,65332
48328,76111
48328,40027
48328,33701
48328,13283
48328,149
48330,137926
48330,99851
48330,72501
48330,131978
48330,10920
48330,140295
48330,68475
48330,126904
48330,121714
48330,50646
48330,126326
48330,85520
48330,14107
48330,70423
48330,27624
48330,118792
48330,48967
48330,111146
48330,135867
48330,8041
48330,113520
48330,93512
48330,127932
48330,16836
48330,105043
48330,18627
48330,121736
48330,126944
48330,59451
48330,77117
48330,60031
48330,99717
48331,6800
48331,103269
48331,112902
48331,80593
48331,119458
48331,53079
48331,26840
48331,9343
48331,77325
48331,61118
48331,64785
48331,137256
48331,131594
48331,123120
48331,74712
48331,126372
48331,85128
48331,65806
48331,21115
48331,58639
48331,80430
48331,129891
48331,95990
48331,119182
48331,70592
48331,37821
48331,30262
48331,1212
48331,105479
48331,130811
48331,10247
48331,100516
48332,77538
48332,14175
48332,80046
48332,23950
48332,1145
48332,20352
48332,49070
48332,85472
48332,104080
48332,136558
48332,41361
48332,74679
48332,99028
48332,42527
48332,85390
48332,22884
48332,122439
48332,111037
48332,140107
48332,138593
48332,57217
48332,88649
48332,40839
48332,135855
48333,132083
48333,86991
48333,133284
48333,43121
48333,52471
48333,134768
48333,8185
48333,19899
48333,47371
48333,118538
48333,33480
48333,33650
48333,71765
48333,67117
48333,96734
48333,118925
48333,121279
48333,2606
48333,85416
48333,139078
48333,2905
48333,93715
48333,35050
48333,87056
48333,17097
48333,46075
48333,96980
48333,83778
48333,942
48333,48769
48333,67939
48333,52186
48333,137071
48334,98430
48334,85428
48334,87170
48334,12660
48334,61321
48334,93859
48334,108397
48334,85563
48334,16617
48334,39131
48334,133385
48335,99414
48335,134596
48335,126339
48335,127645
48335,111115
48335,111421
48335,98699
48335,59517
48335,4717
48335,138518
48335,103696
48335,20027
48335,90249
48335,39739
48335,125349
48335,69230
48335,113510
48335,4915
48335,122411
48335,89931
48335,40421
48335,95576
48335,88713
48335,17907
48335,102850
48335,85218
48336,75059
48336,100058
48336,135227
48336,29349
48336,64769
48336,23814
48336,9958
48336,89550
48336,60062
48336,74397
48336,79352
48336,65766
48336,116150
48336,134483
48336,51055
48336,44473
48336,9210
48336,64852
48336,24741
48336,16954
48336,12000
48336,20046
48336,29284
48336,85644
48336,5848
48336,72196
48336,109961
48336,23758
48336,76944
48336,43602
48336,43944
48336,129895
48336,124308
48338,111114
48338,130154
48338,21104
48338,124810
48338,13831
48338,104860
48338,30325
48338,30995
48338,113853
48338,120940
48338,64529
48338,34604
48338,71560
48338,50047
48338,121221
48338,20659
48338,77147
48338,29163
48338,7972
48338,49890
48339,30421
48339,8468
48339,86903
48339,40838
48339,47991
48339,24729
48339,83068
48341,137997
48341,124342
48341,21018
48341,37818
48341,104517
48341,116942
48341,114932
48341,134323
48341,60846
48341,14082
48341,35223
48341,40279
48341,38419
48341,24545
48341,49656
48341,134154
48341,26248
48341,68420
48341,131892
48341,70177
48341,90845
48341,94455
48341,77914
48341,102130
48341,59657
48341,38904
48341,90809
48341,122112
48341,117294
48341,125083
48341,46274
48341,77795
48341,60468
48342,113901
48342,4206
48342,100611
48342,11227
48342,122131
48342,108768
48342,51798
48342,131396
48342,124077
48342,50195
48342,73067
48342,34935
48342,84414
48342,104996
48342,9691
48342,82809
48342,23573
48342,107855
48342,73052
48342,46550
48342,49574
48342,137048
48342,120745
48342,132699
48342,104537
48342,15296
48342,25996
48342,96480
48342,74702
48342,19455
48342,30212
48342,11718
48343,39273
48343,101315
48343,9242
48343,68135
48343,73617
48343,288
48343,56335
48343,75728
48343,32246
48343,17547
48343,7998
48343,100859
48343,38120
48343,98744
48343,134940
48343,1611
48343,126442
48343,64230
48344,34289
48344,90049
48344,83794
48344,11872
48344,49369
48344,53504
48344,127466
48344,109883
48344,88156
48344,20398
48344,128802
48344,39681
48344,75905
48344,138438
48344,103977
48344,43518
48344,56264
48344,131484
48344,71491
48344,129551
48344,86607
48344,37689
48344,128715
48344,74872
48344,48269
48344,1184
48344,52651
48345,140592
48345,101914
48345,10781
48345,37555
48345,666
48345,93770
48345,13728
48345,101178
48345,55920
48345,121735
48345,52539
48345,25149
48345,133186
48345,88570
48345,97282
48345,35377
48345,118677
48345,132435
48345,117460
48345,34583
48345,25779
48345,114770
48345,81214
48345,128794
48345,83422
48345,78186
48345,39427
48345,60910
48345,24584
48345,98380
48345,3323
48345,57315
48346,126818
48346,36412
48346,105123
48346,46393
48346,78649
48346,121008
48346,137498
48346,125656
48346,53454
48346,93741
48346,92868
48346,122299
48346,72731
48346,44883
48346,16467
48346,70302
48346,77959
48346,79240
48346,53141
48346,90380
48346,36045
48346,115106
48346,12899
48346,64949
48346,25564
48346,66917
48346,62417
48346,15802
48347,94045
48347,117420
48347,99723
48347,110448
48347,7156
48347,3713
48347,65758
48347,78979
48347,2809
48347,114107
48347,115796
48347,35048
48347,21474
48347,102355
48347,11768
48347,98525
48347,83511
48347,47537
48347,22300
48347,65313
48347,131723
48347,90258
48347,131773
48347,93078
48347,107794
48347,48439
48347,83625
48347,75071
48347,63663
48347,28685
48347,2754
48347,88485
48348,105675
48348,131153
48348,137910
48348,15978
48348,90567
48348,59121
48348,123811
48348,130515
48348,133686
48348,136798
48348,29993
48348,72657
48348,38787
48348,38997
48348,83817
48348,90721
48348,104110
48348,58674
48348,120061
48348,82386
48348,52217
48348,8641
48348,39241
48348,24165
48348,130475
48348,130800
48348,90875
48349,140192
48349,112042
48349,20079
48349,92788
48349,131435
48349,12235
48349,9361
48349,20367
48349,98256
48349,90024
48349,110579
48349,69462
48349,59579
48349,11029
48349,138358
48349,8071
48349,136129
48349,47539
48349,115501
48349,138302
48349,4718
48349,22168
48349,65599
48349,124609
48349,56095
48349,47457
48349,22727
48349,74672
48349,39815
48349,5546
48350,6559
48350,39486
48350,121412
48350,119577
48350,115599
48350,139718
48350,113005
48350,2037
48350,135380
48350,75631
48350,24560
48350,7670
48350,11271
48350,32421
48350,45735
48350,92584
48350,66261
48350,73141
48350,90776
48350,120028
48350,66110
48350,92259
48350,25069
48350,64610
48350,11291
48350,1237
48350,8903
48350,128621
48350,104622
48350,74783
48350,67354
48350,53559
48351,113878
48351,420
48351,19518
48351,674
48351,33830
48351,10452
48351,22478
48351,65514
48351,82205
48351,6160
48351,94161
48351,125484
48351,112854
48351,81543
48351,49512
48351,98580
48351,121319
48351,53216
48351,136606
48351,13005
48351,31374
48351,135261
48351,51818
48351,16450
48351,102261
48351,110718
48351,65692
48351,17603
48351,103920
48351,2382
48351,106849
48351,93860
48352,16711
48352,78190
48352,87307
48352,54650
48352,101317
48352,66666
48352,127116
48352,117903
48352,62561
48352,86682
48352,72213
48352,54662
48352,58543
48352,81936
48352,87789
48352,37912
48352,14928
48352,24131
48352,48919
48352,20857
48352,136306
48352,9480
48352,15651
48352,12006
48352,38335
48352,61735
48352,10678
48352,10423
48352,78116
48352,123499
48352,61170
48352,80823
48353,137540
48353,34560
48353,132180
48353,106569
48353,48837
48353,129967
48354,16988
48354,90228
48354,90735
48354,16324
48354,87728
48354,120810
48354,47136
48354,36284
48354,25292
48354,101298
48354,96790
48354,11682
48354,97066
48354,87441
48354,102158
48354,82613
48354,79189
48354,117368
48354,99566
48354,127513
48354,113464
48354,62450
48354,27008
48354,121487
48354,17474
48354,67416
48354,74665
48354,94726
48354,83802
48354,17721
48354,80893
48354,104598
48354,36209
48356,137997
48356,124342
48356,116942
48356,104517
48356,21018
48356,77089
48356,77914
48356,37818
48356,90845
48356,70177
48356,14082
48356,49656
48356,134154
48356,68420
48356,35223
48356,26248
48356,131892
48356,78500
48356,134323
48356,40279
48356,38419
48356,77795
48356,60846
48356,60468
48356,29633
48356,57952
48356,59781
48356,94455
48356,46274
48356,122112
48356,117294
48356,59657
48358,63011
48358,91605
48358,117802
48358,71932
48358,36419
48358,116932
48358,105978
48358,134142
48358,30236
48358,100624
48358,130096
48358,135275
48358,52952
48358,13114
48358,50955
48358,111017
48358,6806
48358,54248
48358,96260
48358,233
48358,114029
48358,49253
48358,132810
48358,73192
48358,92620
48358,102872
48358,100469
48360,69276
48360,112359
48360,126050
48360,81963
48360,21533
48360,20298
48360,108752
48360,93074
48360,105334
48360,101313
48360,54680
48360,7793
48361,112422
48361,19166
48361,83473
48361,60785
48361,114559
48361,43830
48361,57531
48361,48665
48361,18873
48361,47961
48361,67489
48361,12283
48361,129900
48361,64108
48361,440
48361,53290
48361,79550
48361,12609
48361,59017
48361,91343
48361,116080
48361,105640
48361,30851
48361,10717
48361,80385
48361,19005
48361,134836
48361,132118
48361,59976
48361,40067
48361,101402
48362,7643
48362,9673
48362,95904
48362,121950
48362,96646
48362,8878
48362,16521
48362,123196
48362,16154
48362,107783
48362,90205
48362,101308
48362,20616
48362,46946
48362,48435
48362,116124
48362,93622
48362,138713
48362,102871
48362,123703
48364,21421
48364,74829
48364,32963
48364,137621
48364,70505
48364,84769
48367,90730
48367,21155
48367,132469
48367,3084
48367,77360
48367,98239
48367,107322
48367,86343
48367,48671
48367,62160
48367,70934
48370,56000
48370,104654
48370,29576
48370,126298
48370,70220
48370,59295
48370,50051
48370,9485
48370,31440
48370,8972
48370,59571
48370,89767
48370,120154
48370,17297
48371,114901
48371,102464
48371,34399
48371,59630
48371,126618
48371,99508
48371,44645
48371,45078
48371,36285
48371,73940
48371,16572
48371,961
48371,5737
48371,111640
48371,97004
48371,84218
48371,12558
48371,138583
48371,26416
48371,17283
48371,104721
48371,137792
48371,28479
48371,52476
48371,11202
48371,3660
48371,96615
48371,127629
48371,103159
48371,41591
48372,13674
48372,135551
48372,118766
48372,70683
48372,94080
48372,100081
48372,78866
48372,132817
48372,11948
48372,75637
48372,131580
48372,12183
48372,70903
48372,39700
48372,85894
48372,71216
48372,27964
48372,68206
48372,88778
48372,32114
48372,108213
48372,10418
48373,62886
48373,12950
48373,39966
48373,81150
48373,9223
48373,28522
48373,134875
48373,114939
48375,70804
48375,65814
48375,138171
48375,61092
48375,68443
48375,87130
48375,122130
48375,28676
48375,53642
48375,76346
48375,91653
48375,94669
48375,10129
48375,88070
48375,103882
48377,70999
48377,41366
48377,24168
48377,123264
48377,120787
48377,52527
48377,113788
48377,56348
48377,27230
48377,8085
48377,32624
48377,106764
48377,92211
48377,63494
48378,82612
48378,115534
48378,107357
48378,108866
48378,110301
48378,34032
48378,20763
48378,14569
48378,46131
48378,1279
48378,109424
48378,113442
48378,34754
48378,120648
48378,137391
48378,58556
48378,132689
48378,46176
48378,26700
48378,9450
48378,55655
48378,29371
48381,137614
48381,73099
48381,6077
48381,126325
48381,110066
48381,96676
48381,65144
48381,16341
48381,34627
48381,101306
48381,131209
48381,47184
48381,73463
48382,92698
48382,121287
48382,68689
48382,137592
48382,13155
48382,65983
48382,89836
48382,114777
48382,77109
48382,97615
48382,138971
48382,18859
48382,42875
48382,125611
48382,20533
48382,33163
48382,134786
48382,19567
48382,117347
48382,135195
48383,130513
48383,4682
48383,13072
48383,13112
48383,47303
48383,70703
48383,11030
48383,114262
48383,58293
48383,70354
48383,67989
48383,93475
48383,76623
48383,74437
48383,11117
48383,99768
48383,50205
48383,54355
48383,10386
48383,78742
48383,52929
48383,128061
48383,5175
48383,51354
48383,16232
48383,115236
48383,37677
48383,116049
48383,54930
48383,25237
48383,108150
48383,42595
48384,71183
48384,82487
48384,39141
48384,46806
48384,46846
48384,101604
48384,75371
48384,67319
48384,24650
48384,39160
48384,104730
48384,48593
48384,19953
48384,38212
48384,71338
48384,22764
48384,39851
48384,45402
48384,57852
48384,58547
48384,84012
48384,27192
48384,105746
48384,55092
48384,5600
48384,24546
48384,100631
48384,127782
48384,118856
48385,8901
48385,111618
48385,70290
48385,57926
48385,66283
48385,109774
48385,105372
48385,119985
48385,32354
48385,120443
48385,56970
48387,128841
48387,66770
48387,78327
48387,92851
48387,95580
48387,98382
48387,42556
48387,79991
48387,87442
48387,115127
48387,90908
48387,71178
48387,36989
48387,19443
48387,49761
48387,67017
48387,59063
48389,8146
48389,20667
48389,80367
48389,237
48389,45773
48389,27948
48389,77995
48389,83429
48389,56538
48389,94306
48389,107807
48389,854
48389,89441
48389,116688
48392,24292
48392,44032
48392,27250
48392,53969
48392,133441
48392,92494
48392,131599
48393,136836
48393,111558
48393,138969
48393,133374
48393,74007
48393,21032
48393,16285
48393,46374
48393,46897
48393,15926
48393,135622
48393,78447
48393,134202
48393,119670
48393,97613
48393,97676
48393,134095
48393,107115
48393,110196
48393,113342
48393,115934
48393,14856
48393,86402
48393,3256
48393,83752
48393,81927
48393,111396
48393,12190
48393,67309
48393,62033
48394,32488
48394,1198
48394,120878
48394,121567
48394,113351
48394,77889
48394,36386
48394,35032
48394,43124
48394,86676
48394,2354
48394,31551
48394,94577
48394,92329
48394,108240
48394,103116
48394,70946
48394,742
48394,37040
48394,54569
48394,118037
48394,117723
48394,61327
48394,76398
48394,82502
48395,5090
48395,68689
48395,97615
48395,27711
48395,44197
48395,92698
48395,41585
48395,133729
48395,79534
48395,128313
48395,125447
48395,13878
48395,89836
48395,137592
48395,125611
48395,36710
48395,74276
48395,121287
48395,52882
48395,119322
48395,73912
48395,130968
48395,121665
48395,31945
48395,110963
48395,99894
48395,15884
48395,40463
48395,94382
48395,19567
48395,134786
48395,117347
48395,131079
48396,41808
48396,66798
48396,41280
48396,55047
48396,87248
48396,22744
48396,90287
48396,29410
48396,35543
48396,127377
48396,126445
48396,92828
48396,44126
48396,42766
48396,62189
48396,130704
48396,67945
48396,119064
48396,134
48396,31125
48396,124494
48396,97075
48396,138101
48396,18557
48397,41115
48397,63991
48397,5933
48397,73753
48397,51263
48397,100515
48397,82240
48397,38696
48397,128562
48397,37260
48397,46886
48398,89359
48398,98239
48398,102054
48398,138450
48398,53494
48398,90693
48398,135779
48398,7523
48398,48136
48398,31336
48398,117144
48398,46809
48398,36871
48398,32060
48398,13603
48398,3858
48398,64569
48398,106819
48398,7880
48399,40517
48399,4875
48399,23268
48399,126264
48399,20592
48399,105408
48399,71376
48399,101627
48399,74754
48399,7919
48399,125311
48399,3213
48399,86639
48399,41712
48399,56042
48399,61529
48399,80475
48399,111170
48399,135499
48399,53494
48399,76379
48399,70839
48399,106262
48399,23078
48399,78838
48399,10996
48399,45080
48399,131295
48399,64762
48399,69261
48399,556
48399,129968
48400,56302
48400,108845
48400,37075
48400,96875
48400,46689
48400,56881
48400,64420
48400,6753
48400,83209
48400,72800
48400,138979
48400,51295
48400,9936
48400,72394
48400,549
48400,20213
48400,52184
48400,66744
48400,53819
48400,76760
48400,92621
48400,86685
48400,99754
48400,81345
48400,92366
48400,138832
48400,28389
48400,12819
48400,124117
48400,13945
48402,64664
48402,39525
48402,14914
48402,16854
48402,12470
48402,20530
48402,22208
48402,124599
48402,124102
48402,109852
48402,53809
48402,69880
48402,138932
48402,59009
48402,71713
48402,1195
48402,98354
48402,70499
48402,127227
48402,103957
48402,12186
48402,131927
48402,27038
48402,33985
48402,95647
48402,33105
48402,45593
48402,38449
48402,125806
48403,37875
48403,125608
48403,89626
48403,66505
48403,19674
48403,53791
48403,22051
48403,10949
48403,2576
48403,101443
48403,92155
48403,51715
48403,25536
48403,59241
48403,73353
48403,98130
48403,112281
48403,52058
48403,11797
48403,41742
48403,15601
48403,120798
48403,111936
48403,84592
48403,36333
48403,23653
48403,79898
48403,49880
48403,50692
48403,46079
48403,78954
48403,90647
48404,43735
48404,3335
48404,135155
48404,68378
48404,42643
48404,71843
48404,39442
48404,55348
48404,64882
48404,74477
48404,55248
48404,71020
48404,95994
48404,88716
48404,103664
48404,68128
48405,124166
48405,58136
48405,68002
48405,67376
48405,137514
48405,65100
48405,125053
48405,77465
48405,84526
48405,31359
48405,112568
48405,131344
48405,56064
48405,39748
48405,111435
48405,67569
48405,91687
48405,18635
48405,95369
48405,111831
48405,46505
48405,116455
48405,136880
48405,117751
48405,55073
48405,62168
48405,74298
48405,80251
48406,98736
48406,48136
48406,132469
48406,90730
48406,1722
48406,77360
48406,3084
48406,62160
48406,26139
48406,5598
48406,87522
48406,48671
48406,60277
48406,90693
48406,70934
48406,104625
48406,103515
48406,107322
48406,86343
48406,123137
48406,74859
48406,98239
48406,7523
48406,62028
48407,60590
48407,134210
48407,100009
48407,7611
48407,101024
48407,41779
48407,85724
48407,91497
48407,96163
48407,75671
48407,94358
48407,38611
48407,44743
48407,102731
48407,50298
48407,102498
48409,96761
48409,84122
48409,135779
48409,38750
48409,106819
48409,556
48409,64569
48409,108824
48409,83834
48409,31169
48409,100685
48409,51066
48409,62400
48409,85300
48409,120497
48409,24559
48409,72492
48409,33977
48409,129228
48409,135537
48410,81034
48410,50302
48410,34298
48410,87912
48410,77973
48410,21957
48410,98674
48410,9178
48410,29033
48410,72103
48410,81224
48410,119255
48410,139448
48410,123832
48410,12638
48410,61299
48410,75117
48410,80701
48410,101654
48410,90901
48410,41019
48410,84164
48410,76544
48410,112197
48410,116652
48410,127314
48410,30376
48410,103202
48410,85091
48410,24816
48410,18669
48410,24057
48410,86094
48413,138559
48413,42087
48413,60832
48413,122804
48413,120352
48413,76433
48413,112261
48413,40083
48413,19538
48413,97625
48413,43777
48413,125042
48413,128866
48413,139809
48413,2968
48413,537
48413,126951
48413,21398
48413,22019
48413,84430
48413,107871
48413,55286
48413,41679
48413,77247
48413,11683
48413,96039
48413,26127
48414,48861
48414,119071
48414,27534
48414,5571
48414,56270
48414,120604
48414,95510
48414,84958
48414,88211
48414,31292
48414,104919
48414,139376
48414,136857
48414,34569
48414,10735
48414,101433
48414,103043
48414,18027
48414,80137
48414,67622
48414,88641
48414,13661
48414,96098
48414,99132
48414,113077
48414,114033
48414,59104
48415,92024
48415,109237
48415,61241
48415,65974
48415,129843
48415,87342
48415,131608
48415,80930
48415,92766
48415,3638
48415,140563
48415,78407
48415,90086
48415,77068
48415,40804
48415,28994
48415,73012
48415,129954
48415,35810
48415,17596
48415,13511
48415,16144
48415,37182
48415,17621
48415,123939
48415,138210
48415,54601
48415,100892
48415,39703
48415,127613
48415,86092
48415,123893
48417,67930
48417,104952
48417,83268
48417,40259
48417,113127
48417,112141
48417,24923
48417,88611
48417,3097
48417,23401
48417,106157
48417,2958
48417,84568
48417,50139
48417,132772
48417,14351
48417,10238
48417,129508
48417,68721
48417,7614
48417,88521
48417,21749
48417,134742
48417,101483
48417,76074
48417,56933
48417,31703
48417,58753
48418,126688
48418,139192
48418,107233
48418,8973
48418,68887
48418,130628
48418,115185
48418,139582
48418,140279
48418,104053
48418,23593
48418,77491
48418,80982
48418,481
48418,82280
48418,2348
48418,129124
48418,83286
48418,120460
48418,104220
48418,101183
48418,140315
48418,93161
48418,45948
48418,129252
48418,92963
48418,44583
48418,97009
48418,7673
48419,9347
48419,87695
48419,124547
48419,103716
48419,75598
48419,17829
48419,77186
48419,129452
48419,18660
48419,79526
48419,85645
48419,82783
48419,40385
48419,9826
48419,20168
48419,39276
48419,122182
48419,29278
48420,44376
48420,50237
48420,60230
48420,9677
48420,106199
48420,126234
48420,74941
48420,56775
48420,129713
48420,71045
48420,138199
48420,68667
48420,127609
48420,22583
48420,25863
48420,55738
48420,12173
48420,91753
48420,105628
48420,128472
48420,48396
48420,84227
48420,104968
48421,79217
48421,5747
48421,69887
48421,55767
48421,56381
48421,74282
48421,24661
48421,34440
48421,22958
48421,49484
48421,90710
48421,44173
48421,94739
48421,65147
48421,98592
48421,20766
48421,77128
48421,89363
48421,99697
48421,14279
48422,18938
48422,62890
48422,555
48422,63216
48422,27864
48422,101210
48422,7487
48422,57502
48422,111865
48422,10932
48422,43191
48422,93376
48422,36116
48422,56062
48422,85397
48422,136404
48422,42519
48422,103052
48422,129011
48422,95658
48422,9322
48422,30926
48422,94983
48422,12955
48422,105116
48422,1904
48422,22461
48422,77834
48422,28915
48422,44078
48422,37673
48423,81594
48423,85051
48423,107850
48423,80271
48423,13113
48423,123016
48423,49974
48423,22927
48424,86311
48424,64193
48424,13831
48424,121221
48424,47281
48424,124810
48424,21104
48424,111114
48424,80321
48424,120940
48424,130154
48424,91507
48424,91873
48424,104860
48424,64190
48424,30325
48424,34604
48424,30995
48424,49890
48424,56696
48424,63478
48424,48117
48424,64529
48424,29163
48424,107406
48424,14506
48424,71560
48424,85832
48424,21996
48424,49622
48424,114825
48424,7972
48424,105613
48425,63791
48425,30401
48425,115556
48425,14494
48425,77148
48425,51337
48425,108812
48425,57532
48425,36445
48425,33245
48425,69992
48425,30461
48425,92438
48425,114730
48425,3022
48425,78745
48425,58769
48425,135076
48425,91983
48425,9454
48425,135749
48425,42467
48425,137563
48425,87450
48425,6159
48425,111555
48426,75285
48426,24863
48426,80230
48426,71504
48426,138559
48426,51849
48426,13668
48426,65418
48426,129983
48426,125042
48426,13582
48426,14041
48426,87760
48426,22902
48426,96039
48428,117244
48428,101136
48428,46380
48428,12671
48428,36222
48428,57025
48428,79492
48428,109824
48428,137490
48428,120095
48428,25122
48428,59455
48428,82108
48428,52327
48428,93982
48428,83991
48428,109876
48428,77295
48428,91562
48428,112474
48428,113190
48428,138131
48428,28009
48428,1783
48428,110247
48428,24049
48428,113394
48428,65644
48428,11812
48428,84506
48428,96418
48430,85724
48430,60590
48430,110105
48430,76901
48430,101024
48430,91497
48430,100009
48430,7611
48430,89496
48430,96163
48430,75671
48430,40058
48430,44743
48430,59933
48430,98098
48430,133243
48430,50298
48430,102731
48430,38611
48430,94358
48431,13347
48431,52375
48431,9932
48431,45462
48431,6962
48431,113481
48431,67728
48431,133212
48431,104112
48431,44372
48431,69822
48431,33682
48431,137332
48431,9003
48431,59607
48431,97345
48431,82514
48431,96768
48431,78684
48431,29844
48431,88798
48431,112539
48431,14785
48431,107594
48431,49737
48431,27695
48431,23515
48431,880
48431,97521
48433,7148
48433,140199
48433,113985
48433,85034
48433,52699
48433,96620
48433,111269
48433,100629
48433,124118
48433,26822
48433,106315
48433,30336
48433,60948
48433,72843
48433,85796
48433,66027
48433,132057
48433,23465
48433,18790
48433,94024
48433,49353
48433,102362
48433,32329
48433,30771
48433,111962
48433,120537
48433,32211
48433,138243
48433,138484
48433,74052
48434,20863
48434,122752
48434,120519
48434,53279
48434,6336
48434,29079
48434,31437
48434,54445
48434,91450
48438,104706
48438,40408
48438,121170
48438,24292
48438,139412
48438,8088
48438,53969
48438,44032
48438,138305
48438,61778
48438,101760
48438,50117
48438,13572
48438,27250
48438,92494
48438,131599
48438,78982
48438,123765
48438,23134
48438,21771
48439,29827
48439,70808
48439,31968
48439,45404
48439,104370
48439,80086
48439,41263
48439,68188
48439,96666
48439,25386
48439,40906
48439,71394
48439,24572
48439,35818
48439,117263
48439,7847
48439,72539
48439,13552
48439,120136
48439,121355
48439,127924
48439,103530
48440,11651
48440,97510
48440,29158
48440,81524
48440,59228
48440,26079
48440,42354
48440,107568
48440,46498
48440,120442
48440,26342
48440,123291
48440,502
48440,18561
48440,39336
48440,9722
48440,132987
48440,72650
48440,78735
48440,48881
48440,79244
48440,66368
48440,57738
48440,4236
48440,54274
48440,135295
48440,47267
48440,86487
48440,115532
48440,99215
48440,110723
48440,113751
48440,17421
48444,54739
48444,133846
48444,44213
48444,138290
48444,94241
48444,115994
48444,6400
48444,82967
48444,19965
48444,94850
48444,64017
48444,978
48444,80067
48444,47202
48444,47427
48444,50366
48444,54795
48444,110915
48444,119002
48444,95394
48444,53443
48444,37339
48444,68372
48444,122468
48444,114201
48444,53480
48444,35556
48444,83079
48444,79141
48444,118722
48444,42207
48444,38769
48444,97430
48445,24545
48445,37818
48445,35223
48445,131892
48445,90845
48445,70177
48445,77089
48445,116942
48445,14082
48445,114932
48445,134323
48445,122112
48445,59657
48445,49656
48445,124342
48445,137997
48445,134154
48445,94455
48445,46274
48445,90809
48445,68420
48445,104517
48445,38419
48445,40279
48445,78500
48445,77795
48445,59781
48445,60468
48445,57952
48445,100882
48445,60846
48445,117294
48445,125083
48446,109370
48446,90166
48446,85231
48446,50899
48446,128350
48446,86218
48446,100223
48446,53213
48446,60221
48446,41071
48446,55943
48446,38280
48446,50094
48446,72862
48446,132193
48446,44600
48446,78973
48446,1764
48446,1021
48446,73553
48446,91125
48446,129525
48446,28576
48446,68508
48446,44366
48446,138896
48446,125014
48446,44362
48446,10336
48446,76288
48446,19688
48446,63443
48446,128643
48449,140517
48449,32802
48449,63295
48449,27494
48449,102416
48449,21225
48449,98854
48449,93857
48449,89892
48449,43848
48449,73768
48450,89476
48450,22578
48450,115310
48450,89341
48450,30618
48450,58217
48450,21808
48450,55791
48450,121350
48450,10763
48450,139917
48450,27699
48450,137751
48450,5286
48450,112479
48450,52209
48450,66606
48450,113229
48450,101162
48450,43440
48450,62326
48450,121675
48450,9589
48450,45851
48450,108751
48450,34020
48450,134883
48450,23073
48451,124342
48451,137997
48451,104517
48451,21018
48451,77089
48451,37818
48451,90845
48451,70177
48451,116942
48451,60846
48451,59657
48451,59781
48451,40279
48451,14082
48451,35223
48451,26248
48451,49656
48451,134154
48451,24545
48451,125083
48451,68420
48451,114932
48451,131892
48451,78500
48451,122112
48451,90809
48451,38904
48451,77795
48451,94455
48451,38419
48451,46274
48451,60468
48452,33934
48452,51199
48452,106016
48452,44442
48452,8001
48452,97726
48452,35251
48452,44779
48452,106019
48452,43213
48452,120593
48452,33332
48452,41034
48452,26451
48452,23097
48452,90880
48452,64449
48452,117844
48452,61820
48452,97878
48452,60548
48452,136248
48452,128564
48452,126977
48452,816
48452,23921
48452,48625
48452,51415
48452,32642
48452,61874
48452,130926
48452,43747
48454,104310
48454,36412
48454,119316
48454,115166
48454,16592
48454,19233
48454,35087
48454,40341
48454,43028
48454,91359
48454,103935
48454,64949
48454,52812
48454,7064
48454,121896
48454,134549
48454,60171
48454,140391
48454,47793
48454,131131
48454,28634
48454,48900
48454,29212
48454,21108
48454,106384
48454,13872
48454,2369
48454,65930
48454,119669
48454,10681
48454,86654
48454,90083
48454,106539
48455,137248
48455,134438
48455,116612
48455,107226
48455,6976
48455,22308
48455,42639
48455,63068
48455,97069
48455,87805
48455,127788
48455,52397
48455,6638
48455,2719
48455,107452
48455,53621
48455,65131
48455,62036
48455,114045
48455,41498
48455,25989
48455,114867
48455,8818
48455,139151
48455,20072
48455,137063
48455,112330
48455,72051
48455,37457
48455,87189
48455,72300
48455,110917
48457,15729
48457,130718
48457,110612
48457,32812
48457,70944
48457,102948
48457,137382
48457,125863
48457,78943
48457,95773
48457,28017
48457,89792
48457,72044
48457,47124
48457,74648
48457,109400
48457,122536
48457,105707
48457,119642
48457,25203
48457,83876
48457,123392
48457,71805
48457,32843
48457,115817
48457,53036
48457,107923
48457,102986
48457,49096
48460,53853
48460,92402
48460,77869
48460,27798
48460,110435
48460,107194
48460,24552
48460,30179
48460,98094
48460,128630
48460,3234
48460,139945
48460,59462
48460,138628
48460,65529
48460,99955
48460,97522
48460,48330
48460,49867
48460,89665
48460,105188
48460,68670
48460,47370
48460,134908
48460,67999
48460,21299
48460,83997
48460,12250
48460,43382
48460,73371
48460,109017
48460,28643
48460,70559
48461,15692
48461,107766
48461,94391
48461,30935
48461,123399
48461,13915
48461,12550
48461,40268
48461,72325
48461,82715
48461,6830
48461,52498
48461,99110
48461,47222
48461,30245
48461,103019
48461,26474
48461,96987
48461,18523
48461,19946
48461,124420
48461,82749
48461,11589
48461,54959
48461,60064
48461,129277
48463,105408
48463,23268
48463,126264
48463,20592
48463,1230
48463,139197
48463,61529
48463,37346
48463,126719
48463,71376
48463,7919
48463,8586
48463,101627
48463,70606
48463,56042
48463,53494
48463,84032
48463,111170
48463,38538
48463,135499
48463,25416
48463,70839
48463,23078
48463,80475
48463,23265
48464,114103
48464,70032
48464,120875
48464,109533
48464,80493
48464,107282
48464,55551
48464,10454
48464,78952
48464,12189
48464,101890
48464,46725
48464,27028
48464,85927
48464,82619
48464,100226
48464,97361
48464,120827
48464,68622
48464,86327
48464,38118
48464,42250
48464,93297
48464,135868
48464,109198
48464,6774
48464,29700
48464,114822
48464,93794
48464,133688
48464,11591
48464,96385
48464,130943
48465,41602
48465,18670
48465,51505
48465,64104
48465,4372
48465,54758
48465,90238
48465,38332
48465,102408
48465,22886
48465,121017
48465,110901
48465,50214
48465,83533
48465,137367
48465,35469
48465,24157
48465,50454
48465,52977
48465,105173
48465,92440
48465,29680
48465,62270
48465,8748
48465,138777
48465,82858
48465,48535
48465,125055
48465,132244
48465,61865
48465,49945
48466,72424
48466,29927
48466,112502
48466,59324
48466,128090
48466,68495
48466,95258
48466,97574
48466,66957
48466,111838
48466,88347
48466,23190
48466,38091
48466,5124
48466,52451
48466,125849
48466,118936
48466,131828
48466,55070
48466,78572
48466,112345
48466,55019
48466,138575
48466,66475
48466,3367
48466,1753
48466,44796
48466,6906
48466,77990
48466,103339
48467,137179
48467,51060
48467,72798
48467,107662
48467,53837
48467,23772
48467,105293
48467,123631
48469,43735
48469,84316
48469,42643
48469,868
48469,68378
48469,3335
48469,75383
48469,55248
48469,88716
48469,134879
48469,103664
48469,71843
48469,3002
48469,126238
48469,51058
48469,71020
48469,63809
48469,74477
48469,65584
48469,20769
48469,95994
48470,34942
48470,50949
48470,7775
48470,31737
48470,65690
48470,103756
48470,111540
48470,72764
48470,134365
48470,12747
48470,90987
48470,106455
48470,76743
48470,5718
48470,107351
48470,83212
48470,34967
48470,113083
48470,53720
48470,119824
48470,116497
48470,122522
48470,131725
48470,134977
48470,75941
48470,20634
48470,10819
48470,58416
48470,106439
48470,90135
48470,24504
48470,81992
48471,93033
48471,68795
48471,46466
48471,56333
48471,93646
48471,2704
48471,100149
48471,84167
48471,42694
48471,138069
48471,885
48471,1775
48471,109393
48471,49726
48471,53590
48471,16934
48471,116710
48471,50417
48471,121880
48471,64527
48471,91848
48471,31919
48471,36855
48471,87121
48471,24847
48471,57075
48477,7778
48477,10585
48477,87929
48477,135165
48477,112412
48477,74129
48477,63101
48477,8981
48477,98033
48477,121647
48477,37541
48477,84378
48477,91394
48477,123894
48477,126035
48477,68408
48477,97382
48477,65769
48477,21103
48477,66419
48477,91210
48477,118947
48477,100171
48477,6413
48477,18515
48477,93595
48477,16607
48477,28210
48477,33320
48479,79705
48479,53360
48479,81686
48479,22682
48479,79104
48479,89013
48479,51823
48479,123188
48479,22877
48479,130537
48479,24553
48479,114950
48479,96475
48479,10480
48479,72396
48479,109508
48479,79541
48479,73554
48479,35859
48479,28569
48479,80994
48479,61218
48479,107285
48479,36510
48479,6338
48479,29238
48479,79680
48479,49960
48479,44872
48479,50504
48479,36946
48479,56985
48483,24391
48483,77077
48483,62181
48483,97587
48483,77509
48483,115602
48483,42177
48483,94591
48483,75844
48483,72892
48483,55250
48483,128140
48483,76530
48483,61325
48483,60986
48483,72553
48483,128390
48483,137468
48483,53192
48483,16076
48483,69938
48483,97071
48483,125308
48483,136185
48483,124976
48483,97419
48483,47031
48483,124569
48483,36237
48483,60688
48483,110995
48483,17112
48484,129861
48484,65454
48484,11838
48484,63557
48484,10353
48484,10892
48484,66613
48484,138056
48484,5862
48487,23268
48487,15994
48487,1230
48487,139197
48487,3213
48487,17633
48487,90730
48487,68487
48487,48136
48487,32887
48487,1722
48487,71220
48487,28365
48487,61529
48487,53494
48487,98736
48487,7051
48487,79740
48487,1497
48487,30593
48487,98239
48487,6623
48487,126665
48487,68491
48487,7880
48487,80475
48487,92663
48487,10996
48487,135499
48487,21419
48487,48671
48487,131357
48489,90534
48489,112378
48489,118639
48489,41573
48489,5159
48489,49784
48489,138639
48489,69947
48489,16655
48489,13596
48489,57604
48489,125004
48489,139575
48489,49081
48489,93356
48489,125762
48489,84678
48489,130632
48489,119590
48489,46412
48489,53245
48489,76025
48489,3422
48489,75586
48489,69212
48489,77468
48489,29982
48489,95572
48489,26276
48489,54911
48489,132133
48490,47154
48490,106116
48490,16141
48490,81765
48490,67560
48490,56082
48490,69132
48490,13703
48490,100509
48490,8078
48490,139570
48490,76727
48490,64114
48490,50074
48490,28182
48490,74821
48490,50413
48490,123206
48490,89168
48490,32851
48490,140011
48490,67764
48490,101180
48490,131680
48490,11159
48490,62345
48490,44243
48490,47388
48490,99826
48490,27646
48490,26949
48490,83795
48490,27470
48491,23082
48491,108026
48491,72398
48491,32081
48491,86557
48491,106197
48493,123391
48493,16246
48493,17580
48493,45667
48493,94446
48493,44170
48493,89667
48493,16417
48493,86079
48493,5060
48493,36329
48494,50608
48494,94330
48494,99656
48494,30890
48494,69649
48494,133013
48494,103345
48494,66204
48494,101170
48494,2136
48494,74640
48494,102276
48499,107389
48499,12315
48499,20547
48499,107188
48499,18389
48499,1048
48499,123319
48499,127553
48499,54529
48499,30195
48499,123453
48499,13728
48499,101914
48499,132903
48499,60910
48499,27547
48499,63042
48499,49542
48499,21475
48499,85194
48499,65516
48499,132932
48499,108813
48499,49137
48499,39427
48499,53429
48499,140404
48499,114448
48499,39171
48499,111407
48499,125358
48499,6126
48499,53829
48500,61924
48500,133503
48500,120161
48500,23962
48500,41623
48500,70591
48500,75916
48500,102726
48500,105561
48500,122456
48500,137338
48500,2798
48500,106726
48502,7739
48502,9016
48502,94807
48502,62219
48502,82871
48502,55006
48502,115194
48502,119532
48502,19203
48502,113918
48502,17626
48502,269
48502,41329
48502,6133
48502,109478
48502,99164
48502,17768
48502,84533
48502,60774
48502,4218
48502,96733
48502,33352
48502,107333
48502,12196
48502,134263
48502,136683
48502,37408
48502,135657
48502,85150
48502,28318
48502,24430
48502,64158
48502,23337
48502,58679
48503,53128
48503,49197
48503,91026
48503,13600
48503,30503
48503,18980
48503,120552
48503,38629
48503,8715
48503,46929
48503,118706
48503,29581
48503,88659
48503,87809
48503,8920
48503,57204
48503,98944
48503,104819
48503,130769
48503,3225
48503,2377
48503,47526
48503,132415
48503,64829
48503,25548
48503,7087
48503,38290
48503,27796
48503,36145
48503,8488
48503,68297
48503,23983
48505,30446
48505,47379
48505,136707
48505,63557
48505,8849
48505,85392
48505,86443
48505,37531
48505,119541
48505,125089
48505,53627
48505,65916
48505,46630
48505,27002
48505,99807
48505,25222
48505,89874
48505,48390
48505,10892
48505,45071
48505,25381
48505,81384
48505,54584
48505,20267
48505,31712
48505,138056
48505,71259
48505,73926
48505,139865
48505,117559
48505,90757
48505,10353
48506,104649
48506,13527
48506,42200
48506,36320
48506,11710
48506,29726
48506,140503
48506,103682
48506,11942
48506,102992
48506,96662
48506,124712
48506,122231
48506,25908
48506,45447
48506,36619
48506,99353
48506,19956
48506,112607
48506,138276
48506,37029
48506,116345
48506,128528
48506,75778
48506,52464
48506,75658
48506,137305
48506,109738
48506,40185
48506,10145
48506,36952
48506,46134
48508,118034
48508,104504
48508,50435
48508,43718
48508,28229
48508,26251
48508,50408
48508,32516
48508,70054
48508,134152
48508,10719
48508,50977
48508,118465
48508,119536
48508,27115
48508,80502
48508,52119
48508,57426
48508,120466
48508,2053
48508,60050
48508,68745
48508,101926
48508,57469
48508,32048
48508,109021
48508,49789
48508,53917
48508,86032
48508,67351
48508,44484
48508,67607
48508,8150
48508,122819
48509,93974
48509,69184
48509,8864
48509,25159
48509,106335
48509,5322
48509,119527
48509,34151
48509,67233
48509,35679
48509,6713
48509,105779
48509,4503
48509,49084
48509,27540
48509,106366
48509,15390
48509,79398
48509,113983
48509,138325
48509,41337
48510,68153
48510,43228
48510,27619
48510,74580
48510,22541
48510,35495
48510,122659
48510,52839
48510,67144
48510,93609
48510,9775
48510,24096
48510,18280
48510,96104
48510,103812
48510,34304
48510,93795
48510,43757
48510,12915
48510,51517
48510,97689
48510,14437
48510,9222
48510,44798
48510,58555
48510,84955
48510,7264
48510,51899
48510,14770
48510,119508
48510,87622
48510,24050
48510,73087
48511,73330
48511,43830
48511,116080
48511,18873
48511,23347
48511,52593
48511,130559
48511,20969
48511,117509
48511,101604
48511,36274
48511,49316
48511,136021
48511,79155
48511,75371
48511,42292
48511,28618
48511,6727
48511,27192
48511,19953
48511,126418
48511,24650
48511,5023
48511,94926
48511,4480
48511,26363
48511,47385
48511,118856
48511,56571
48511,33053
48511,31333
48511,23811
48515,95780
48515,125991
48515,71664
48515,90607
48515,12561
48515,22611
48515,17744
48515,121093
48515,134880
48515,108565
48515,62617
48515,79842
48515,12211
48515,78517
48515,67762
48515,3976
48515,66739
48515,91387
48515,109110
48515,29165
48515,120512
48515,54153
48515,118662
48515,30144
48515,36909
48515,87449
48515,114622
48515,63749
48515,34710
48515,89029
48515,90310
48517,97575
48517,83658
48517,39434
48517,76753
48517,131533
48517,26000
48517,26946
48519,13674
48519,94080
48519,67161
48519,70683
48519,11948
48519,86858
48519,12183
48519,91254
48519,26269
48519,70903
48519,112685
48519,131580
48519,85894
48519,81720
48519,39355
48519,71216
48519,10418
48519,68206
48519,88778
48519,47556
48519,108213
48519,32114
48519,9496
48520,38506
48520,57397
48520,114726
48520,134123
48520,11040
48520,37428
48520,83366
48520,37217
48520,56975
48520,18010
48520,32309
48520,118627
48521,48004
48521,70887
48521,7377
48521,63604
48521,124778
48521,38758
48521,2906
48521,3775
48521,90744
48521,61586
48521,34852
48521,113402
48521,77574
48521,72631
48521,49928
48521,41400
48521,70624
48521,88616
48521,29230
48521,45961
48521,121041
48521,57125
48521,134538
48521,87256
48521,99314
48521,107087
48521,78642
48521,38064
48521,121198
48521,71987
48521,128834
48522,127229
48522,80909
48522,94984
48522,1066
48522,34316
48522,97184
48522,126403
48522,69481
48522,21556
48522,104142
48522,133311
48522,126066
48522,84276
48522,3867
48522,132608
48522,44858
48522,24523
48522,33021
48522,121628
48522,30572
48522,78545
48522,48443
48522,120617
48522,96723
48522,121571
48522,14836
48522,110714
48522,7657
48522,38312
48522,132685
48522,35203
48523,81795
48523,49734
48523,69976
48523,67446
48523,130389
48523,19393
48523,2494
48523,43756
48524,88241
48524,65884
48524,109929
48524,67320
48524,75542
48524,127994
48524,63538
48524,80632
48524,86148
48524,52008
48524,71383
48524,12337
48524,82393
48524,108694
48524,89657
48524,78913
48524,6374
48524,15435
48524,87806
48524,50500
48524,33929
48524,120159
48524,17309
48524,16663
48524,74449
48525,4858
48525,42938
48525,71946
48525,133229
48525,37825
48525,17911
48525,121811
48525,102313
48525,82757
48527,9649
48527,138373
48527,115172
48527,128052
48527,84270
48527,41124
48527,49529
48527,99153
48527,129393
48527,58412
48527,130753
48527,17113
48527,19110
48527,31792
48527,4669
48527,78421
48527,124444
48527,132713
48527,134313
48527,122241
48527,5320
48527,75359
48527,7221
48527,41255
48527,67852
48527,110357
48527,112315
48527,133866
48528,124342
48528,37818
48528,70177
48528,116942
48528,104517
48528,137997
48528,77089
48528,21018
48528,90845
48528,114932
48528,131892
48528,49656
48528,134154
48528,90809
48528,68420
48528,125083
48528,78500
48528,134323
48528,57952
48528,26248
48528,38904
48528,59781
48528,40279
48528,38419
48528,137610
48528,54850
48528,77795
48528,60468
48528,60846
48528,59657
48533,42928
48533,82754
48533,32641
48533,21522
48533,45462
48533,126423
48533,129476
48533,102774
48533,51261
48533,96768
48533,131582
48533,112539
48533,51981
48533,106268
48533,117303
48533,88798
48533,9003
48533,38495
48533,332
48533,132316
48533,115338
48533,137251
48533,108584
48533,880
48533,27695
48533,7790
48533,28243
48533,86900
48533,46369
48533,106646
48534,666
48534,37555
48534,101178
48534,132435
48534,55920
48534,93770
48534,13728
48534,54572
48534,118677
48534,101914
48534,60910
48534,35377
48534,25149
48534,10781
48534,34583
48534,128794
48534,25779
48534,52539
48534,83422
48534,24584
48534,133186
48534,121735
48534,114770
48534,98380
48534,93249
48534,14639
48534,57315
48534,81214
48534,119568
48535,14912
48535,134845
48535,130468
48535,101406
48535,125744
48535,139165
48535,8134
48535,15609
48535,67140
48535,100664
48535,103908
48535,13760
48535,97432
48535,99844
48535,98347
48535,67619
48535,54116
48535,114209
48535,99219
48535,72508
48535,18410
48535,129643
48535,90254
48535,39526
48535,30435
48535,7432
48536,76483
48536,108585
48536,80468
48536,82449
48536,32316
48536,119317
48536,96518
48536,33838
48536,122115
48536,12205
48536,124193
48536,40483
48536,88465
48536,64194
48536,30989
48536,35436
48536,14165
48536,97150
48537,83666
48537,36420
48537,136792
48537,12084
48537,118654
48538,21726
48538,138034
48538,97059
48538,43442
48538,46636
48538,69190
48538,134155
48538,128376
48538,1848
48538,133784
48538,40112
48538,85669
48538,133721
48538,121453
48538,73380
48538,63941
48538,46898
48538,111213
48538,125328
48538,138645
48538,72560
48538,41768
48538,39269
48538,100000
48538,75332
48538,83138
48538,106420
48540,73176
48540,91228
48540,59936
48540,37875
48540,66521
48540,135030
48540,23653
48540,21333
48540,22453
48540,98328
48540,58437
48540,25927
48540,81541
48540,131322
48540,89556
48540,45689
48540,132712
48540,37168
48540,62691
48540,7897
48540,50888
48540,7935
48540,18615
48540,89714
48540,10660
48540,96352
48540,130915
48540,129693
48540,120612
48540,32267
48540,54315
48540,44833
48541,24085
48541,86907
48541,59817
48541,30304
48541,106919
48541,24960
48541,8150
48541,67607
48541,86032
48541,67351
48541,70938
48541,56638
48541,63285
48541,109972
48541,77060
48543,29750
48543,78515
48543,79947
48543,92879
48543,120880
48543,126272
48543,33301
48543,102187
48543,121638
48543,3926
48543,104864
48543,135980
48543,94000
48543,56511
48543,119217
48543,38654
48543,26838
48543,131819
48543,19111
48543,89984
48543,137530
48543,20119
48543,4194
48543,12482
48543,71774
48543,61139
48543,604
48543,76639
48543,76437
48543,19940
48543,12546
48543,46961
48543,43350
48546,53791
48546,51715
48546,111936
48546,59241
48546,86668
48546,117877
48546,13819
48546,31549
48546,73353
48546,11797
48546,49880
48546,50692
48546,126788
48546,15604
48546,10949
48546,26698
48546,67551
48546,49319
48546,73019
48546,28726
48546,125314
48546,100119
48549,47589
48549,87213
48549,98257
48549,90823
48549,23133
48549,12176
48549,4808
48549,44040
48549,33238
48549,57714
48549,22557
48549,98855
48549,9382
48549,109082
48549,103672
48549,90143
48549,72775
48549,90598
48549,46555
48549,117230
48549,47485
48549,72953
48549,93677
48549,64030
48549,138581
48549,134991
48549,6248
48549,34631
48549,90718
48549,132920
48550,137997
48550,38419
48550,114932
48550,21018
48550,24545
48550,131892
48550,124342
48550,70177
48550,90845
48550,77089
48550,37818
48550,116942
48550,104517
48550,78500
48550,59781
48550,60846
48550,77914
48550,35223
48550,14082
48550,26248
48550,134154
48550,49656
48550,94455
48550,46274
48550,68420
48550,77795
48550,59657
48550,40279
48550,122112
48550,60468
48550,117294
48550,125083
48551,15994
48551,90730
48551,86639
48551,41278
48551,70078
48551,61529
48551,25416
48551,110940
48551,139366
48551,35817
48551,32887
48551,126665
48551,24685
48551,10746
48551,23212
48551,70934
48551,53494
48551,41712
48551,128615
48551,30950
48551,138600
48551,60084
48551,113069
48551,16649
48551,80475
48551,129968
48551,44923
48551,135499
48551,135537
48551,5002
48551,106819
48553,70201
48553,80733
48553,66918
48553,16594
48553,120059
48553,18649
48553,116681
48553,93399
48553,16446
48553,57302
48553,60716
48553,40966
48553,120003
48553,5589
48553,116203
48553,107320
48553,6042
48553,12384
48553,28977
48553,121393
48553,112489
48553,72846
48553,123888
48553,60610
48553,42958
48553,8192
48553,116232
48553,139730
48553,13454
48553,30660
48553,66942
48553,69194
48555,42906
48555,97038
48555,96270
48555,924
48555,127210
48555,36289
48555,75781
48555,111752
48555,15491
48555,63248
48555,29677
48555,90771
48555,74639
48555,79318
48555,124937
48555,45211
48555,23723
48555,15911
48555,43025
48555,29446
48555,131958
48555,38164
48555,140696
48555,116927
48555,90386
48555,137301
48555,61639
48555,93485
48555,45875
48555,26099
48555,24277
48557,124166
48557,419
48557,58136
48557,89951
48557,31359
48557,85065
48557,137514
48557,65100
48557,68002
48557,79068
48557,55073
48557,67569
48557,112568
48557,91687
48557,84526
48557,125053
48557,136880
48557,67376
48557,131901
48557,56064
48557,116455
48557,111435
48557,111940
48557,62168
48557,77465
48557,39748
48557,117751
48557,131344
48557,80251
48558,61402
48558,106734
48558,123286
48558,79714
48558,27534
48558,103250
48558,34088
48558,122487
48558,76713
48558,104919
48558,58348
48558,121358
48558,29495
48558,101680
48559,90735
48559,110622
48559,118263
48559,90911
48559,70195
48560,18237
48560,88189
48560,33737
48560,60516
48560,117952
48560,46751
48560,34037
48560,47640
48560,82272
48560,79032
48560,5365
48560,90262
48560,73811
48560,76778
48560,135671
48560,40477
48560,69376
48560,94637
48560,100132
48560,104
48560,26047
48560,125173
48560,106283
48560,114158
48560,58731
48560,7380
48560,66945
48560,12585
48560,2893
48560,34044
48560,68115
48560,53812
48561,33866
48561,98566
48561,97762
48561,13069
48561,122151
48561,53651
48561,72282
48561,2619
48561,94945
48561,140411
48561,41170
48561,78193
48561,58693
48561,140313
48561,138654
48561,90144
48561,26795
48562,19743
48562,59081
48562,17105
48562,81465
48562,98106
48562,74921
48562,98938
48562,54818
48562,14041
48567,28438
48567,64336
48567,35994
48567,992
48567,106030
48567,539
48567,96225
48567,123395
48567,45874
48567,115880
48567,97436
48567,80309
48567,89017
48567,120417
48567,70549
48567,129318
48567,112876
48567,34564
48567,137744
48567,57363
48567,101865
48567,57031
48567,20187
48567,19785
48567,110645
48567,78130
48567,87286
48567,93650
48567,26813
48567,81023
48567,19311
48567,32382
48567,80734
48567,131935
48568,134609
48568,61488
48568,51876
48568,116398
48568,134685
48568,3518
48568,28238
48568,38363
48568,68777
48568,110263
48568,134154
48568,94534
48568,125083
48568,71026
48568,64169
48568,68420
48568,66253
48568,49656
48568,57952
48568,138106
48568,35225
48568,22066
48569,37931
48569,113850
48569,78369
48569,130866
48569,48452
48569,38786
48569,136147
48569,26950
48569,22330
48569,140362
48569,5579
48569,8176
48569,9842
48569,14263
48569,98333
48569,84288
48569,121988
48569,59559
48569,127939
48569,54692
48569,136191
48569,7653
48569,74946
48569,109087
48569,61663
48569,56874
48569,68618
48569,73083
48569,125460
48569,122606
48569,93597
48569,32412
48569,1044
48570,74015
48570,63042
48570,46475
48570,119896
48570,71254
48570,19700
48570,26687
48570,53429
48570,126139
48570,94632
48570,70278
48570,60662
48570,122816
48570,60962
48570,102211
48570,1005
48570,19630
48570,52092
48573,27788
48573,9696
48573,118188
48573,119653
48573,96426
48573,66648
48573,49601
48574,114110
48574,132306
48574,12802
48574,10657
48574,98302
48574,40546
48574,38519
48574,126684
48574,25148
48574,8194
48574,78618
48574,12792
48574,106097
48574,93695
48574,5042
48575,13297
48575,137262
48575,86428
48575,43445
48575,130781
48575,33764
48575,33291
48575,120081
48575,113650
48575,36861
48575,46769
48575,84322
48575,43157
48575,102588
48575,105913
48575,97213
48575,30023
48575,139894
48575,25667
48575,126729
48575,1044
48575,45823
48575,121979
48575,97135
48575,54984
48575,20433
48575,68618
48575,53508
48575,122462
48575,35221
48575,135852
48575,76304
48576,55019
48576,78572
48576,55070
48576,112345
48576,131828
48576,97574
48576,66475
48576,51742
48576,138575
48576,52451
48576,95452
48576,82317
48576,92799
48576,38091
48576,123012
48576,68495
48576,22780
48576,105086
48576,92978
48576,51026
48576,125849
48576,3949
48576,6906
48576,44796
48576,111838
48576,23190
48576,77990
48576,88347
48576,103339
48576,29044
48576,3367
48578,85580
48578,104990
48578,66697
48578,62914
48578,10475
48578,96495
48578,33421
48578,117490
48578,37789
48578,83960
48578,108405
48578,125919
48578,33624
48578,84312
48578,69119
48578,114187
48578,34403
48578,115914
48578,139647
48578,94629
48578,67466
48578,33956
48578,133238
48578,9363
48578,68627
48578,3551
48578,34781
48578,94712
48578,61879
48579,82343
48579,24863
48579,76433
48579,97758
48579,68553
48579,7860
48579,65106
48579,26127
48579,19472
48579,98838
48579,94077
48579,84110
48579,20717
48579,109744
48579,87888
48579,41841
48579,21398
48579,107871
48579,41679
48579,84430
48579,62638
48579,48395
48579,95987
48579,89334
48579,48889
48579,46418
48579,121935
48579,88639
48579,125995
48579,56731
48579,57117
48579,117252
48579,117673
48579,28050
48580,9492
48580,110595
48580,127868
48580,13349
48580,62197
48580,131794
48580,43671
48580,38509
48580,71351
48580,26337
48580,74350
48580,25851
48580,8817
48580,78606
48580,18532
48580,9561
48580,138701
48580,91032
48580,117277
48580,69723
48580,121781
48580,105877
48580,134410
48580,70163
48580,77277
48580,6284
48580,24896
48580,82377
48580,60974
48580,57795
48580,91903
48581,128927
48581,74428
48581,1573
48581,96737
48581,98689
48581,108588
48581,122086
48581,47233
48581,50994
48581,122238
48581,89643
48581,59364
48581,99087
48581,18061
48581,85199
48581,7540
48581,111329
48581,51107
48581,91838
48581,29740
48581,27019
48581,58843
48581,41063
48581,101200
48581,7214
48581,60661
48581,87762
48581,93416
48582,23697
48582,55688
48582,135286
48582,24996
48582,36029
48582,72684
48582,88345
48582,97264
48582,5541
48582,16397
48587,118786
48587,125496
48587,86100
48587,31150
48587,79408
48587,40705
48587,21236
48587,95102
48587,102148
48587,74426
48587,41882
48587,118740
48587,51315
48587,70684
48587,80443
48587,76452
48587,118966
48587,108150
48587,16069
48587,91376
48587,109833
48587,13072
48587,124383
48587,13241
48587,5656
48587,124678
48587,128061
48587,75452
48587,5175
48587,130930
48587,29565
48588,86032
48588,106919
48588,30304
48588,120466
48588,37731
48588,41151
48588,8150
48588,67607
48588,101143
48588,24960
48588,122819
48588,69678
48588,78215
48588,77060
48588,70938
48588,63285
48588,56638
48588,17054
48589,11234
48589,10950
48589,33215
48589,38712
48589,124285
48589,115147
48589,61395
48589,12540
48589,29637
48589,61258
48589,39578
48589,71196
48589,120840
48589,108799
48589,93743
48589,29715
48593,39286
48593,62363
48593,20241
48593,115311
48593,8498
48593,130194
48593,3501
48593,38840
48593,121081
48593,123157
48593,118442
48593,94634
48593,120068
48593,83315
48593,38196
48593,113804
48593,80826
48593,138229
48593,39484
48593,64873
48593,52558
48593,71333
48593,7969
48593,95193
48593,44960
48593,28325
48595,72470
48595,47948
48595,66064
48595,116589
48595,125720
48595,3034
48595,62235
48595,114907
48595,39653
48595,115473
48595,31789
48595,27228
48595,115517
48595,41898
48595,111847
48595,8073
48595,23292
48595,125932
48595,42513
48595,122503
48595,107035
48595,62564
48595,118632
48595,9258
48595,86663
48595,20206
48595,121128
48595,102880
48595,96189
48595,63499
48595,119219
48597,81388
48597,115319
48597,73848
48597,116618
48597,59320
48597,48280
48597,10134
48597,76623
48597,8799
48597,110069
48597,220
48597,91336
48597,11522
48597,3054
48597,108068
48597,31977
48597,132978
48597,36312
48597,52829
48597,83259
48597,63094
48597,130930
48597,90756
48597,22775
48597,124466
48597,26448
48597,74437
48597,72700
48597,61220
48597,70546
48597,95757
48597,132176
48597,133102
48597,78793
48598,116733
48598,90591
48598,15464
48598,84816
48598,114828
48598,54605
48598,25068
48598,98950
48598,2209
48598,10931
48598,25577
48598,21457
48598,45372
48598,109456
48598,28624
48598,120635
48598,124635
48598,99776
48598,134145
48598,55672
48598,82878
48598,72201
48598,6758
48598,30745
48598,19228
48598,139942
48598,45619
48598,116997
48598,7132
48598,111363
48598,31999
48598,76444
48598,36418
48599,109995
48599,16116
48599,81066
48599,26048
48599,86804
48599,69174
48599,118490
48599,32656
48599,130036
48599,9145
48599,121593
48599,23191
48599,116112
48599,83972
48600,124342
48600,104517
48600,116942
48600,35223
48600,114932
48600,21018
48600,77089
48600,37818
48600,60846
48600,90845
48600,134154
48600,49656
48600,26248
48600,14082
48600,70177
48600,102130
48600,77914
48600,68420
48600,59781
48600,78500
48600,134323
48600,60468
48600,59657
48600,57952
48600,90809
48600,38419
48600,40279
48600,125083
48600,77795
48600,122112
48600,94455
48600,46274
48602,118960
48602,131366
48602,69775
48602,139200
48602,12277
48602,62520
48602,96807
48602,35765
48602,54763
48602,50014
48605,108440
48605,134696
48605,19100
48605,49418
48605,100086
48605,61416
48605,25084
48608,105075
48608,128111
48608,18360
48608,25260
48608,8567
48608,28174
48608,30468
48608,85769
48608,49228
48609,135789
48609,56881
48609,108845
48609,103988
48609,10938
48609,43470
48609,136941
48609,96875
48609,46689
48609,75041
48609,10048
48609,83445
48609,56302
48609,31404
48609,6753
48609,111533
48609,81345
48609,9738
48609,72800
48609,73034
48609,26488
48609,138979
48609,64786
48609,78328
48609,9936
48609,95737
48609,52184
48609,53819
48609,92621
48609,78457
48610,96148
48610,33957
48610,3701
48610,54275
48610,113047
48610,49907
48610,82099
48610,83828
48610,51147
48610,1957
48610,60437
48610,80238
48610,136395
48610,66801
48610,1921
48611,39825
48611,130428
48611,64074
48611,42964
48611,50643
48611,113291
48611,90989
48611,112574
48611,18727
48611,101588
48611,93636
48611,128556
48611,46279
48611,124224
48611,58124
48611,113108
48611,117635
48611,91172
48611,90457
48611,33982
48611,16824
48611,58833
48611,101146
48611,38497
48611,90583
48611,134248
48611,123810
48611,43441
48611,50199
48611,14050
48613,111170
48613,78624
48613,104625
48613,107485
48613,98382
48613,18651
48613,38497
48613,43922
48613,58994
48613,105688
48613,103515
48613,78327
48613,58124
48613,115127
48613,90457
48614,13387
48614,19556
48614,39148
48614,60470
48614,120285
48614,20951
48614,8631
48614,37337
48614,38754
48614,104795
48614,124875
48614,133458
48614,79226
48614,132042
48614,86600
48614,66016
48614,48504
48614,122655
48614,103093
48614,98343
48614,83067
48614,18140
48614,119355
48614,74418
48614,49728
48614,115648
48614,65271
48614,19419
48614,138806
48614,73866
48614,19468
48614,57422
48614,10884
48615,115954
48615,19465
48615,13499
48615,24519
48615,116895
48615,123641
48615,117931
48615,70683
48615,9252
48615,100238
48615,131363
48615,35114
48615,119580
48615,6087
48615,139706
48615,85106
48615,77563
48615,135348
48615,69514
48615,122517
48615,63837
48615,6080
48615,56365
48615,58201
48615,72726
48615,110786
48615,10212
48615,133207
48615,91381
48615,35696
48615,97147
48615,106166
48615,28038
48616,81102
48616,14778
48616,15464
48616,24778
48616,52755
48616,99436
48616,128324
48616,48884
48616,66914
48616,20500
48616,102175
48616,126302
48616,117832
48616,128216
48616,119978
48616,45372
48616,654
48616,119309
48616,22039
48616,34547
48616,38831
48616,42515
48616,78609
48616,48971
48616,68822
48616,96533
48616,46204
48616,36418
48616,113173
48616,53948
48616,38836
48616,118852
48616,77868
48617,58204
48617,109160
48617,96741
48617,9951
48617,78534
48617,44097
48617,71999
48617,102579
48617,64405
48617,112812
48617,131885
48617,85075
48617,56828
48617,101496
48617,21895
48617,7550
48617,119402
48617,43203
48617,85345
48617,77195
48617,101631
48617,66434
48618,120242
48618,85491
48618,15550
48618,87383
48618,94926
48618,19953
48618,48593
48618,53826
48618,131052
48618,6727
48618,113619
48618,6889
48619,125599
48619,1591
48619,69575
48619,114474
48619,74169
48619,136489
48619,56739
48619,129233
48619,86049
48619,107727
48620,57482
48620,35547
48620,137148
48620,51794
48620,12781
48624,126818
48624,121049
48624,5505
48624,13483
48624,53454
48624,92868
48624,137498
48624,43028
48624,47392
48624,16467
48624,79240
48624,70302
48624,93741
48624,115106
48624,126652
48624,51616
48624,131131
48624,64949
48624,119316
48624,122299
48624,361
48624,62417
48624,15945
48624,98851
48624,15802
48624,72449
48630,140295
48630,81113
48630,99851
48630,131978
48630,121736
48630,1120
48630,138201
48630,63481
48630,70125
48630,116796
48630,68475
48630,121714
48630,122349
48630,62847
48630,29622
48630,9783
48630,70423
48630,27624
48630,93278
48630,8041
48630,106995
48630,101700
48630,16836
48630,127932
48630,8337
48630,126643
48630,59451
48630,43685
48630,105043
48630,68893
48630,10616
48630,56791
48630,39210
48632,139698
48632,46417
48632,73530
48632,112262
48632,2895
48632,62178
48632,18202
48632,26888
48632,65786
48632,75817
48632,104613
48632,114779
48632,116353
48632,31894
48632,47095
48632,93129
48634,18373
48634,37779
48634,134872
48634,37916
48634,118493
48634,82046
48635,62331
48635,104704
48635,59253
48635,32517
48635,34989
48635,11242
48635,58087
48635,119788
48635,106205
48635,22792
48635,58147
48635,35857
48635,132465
48635,138336
48635,590
48635,86372
48635,131383
48635,15713
48635,112549
48635,76904
48635,24520
48635,13392
48636,59340
48636,46135
48636,74680
48636,69480
48636,113597
48636,128576
48636,122072
48636,36354
48636,104292
48636,104714
48636,126255
48636,87898
48636,51921
48636,74526
48636,119726
48636,121204
48636,77205
48636,3763
48636,48258
48636,86482
48636,53331
48636,52243
48636,11167
48636,74255
48636,15805
48636,110695
48636,128646
48636,133814
48636,13260
48636,95790
48636,108743
48636,79949
48637,57690
48637,136469
48637,27617
48637,116063
48637,28414
48637,89878
48637,17642
48637,13139
48637,132490
48637,11957
48637,41484
48637,39503
48637,32834
48637,50554
48637,40286
48637,55264
48637,125343
48637,108094
48637,78841
48637,40412
48641,123340
48641,26421
48641,78768
48641,35021
48641,93949
48641,83769
48641,47777
48641,47116
48641,71395
48641,100969
48641,35440
48641,8946
48641,7577
48641,123530
48641,87871
48641,87914
48641,63971
48641,53123
48641,130865
48641,125165
48641,59898
48641,114096
48641,79041
48641,125873
48641,55659
48641,84877
48641,106373
48641,47843
48641,108838
48641,100461
48641,34325
48641,130953
48645,49795
48645,108195
48645,103175
48645,13755
48645,77561
48645,29724
48645,15554
48645,40141
48645,44053
48645,21860
48645,101076
48645,123758
48645,37213
48645,42934
48645,82014
48645,53753
48645,50525
48645,27171
48645,114967
48645,91564
48645,95103
48645,66351
48645,73025
48645,115008
48645,133529
48645,10796
48645,87715
48645,89065
48645,49924
48645,137755
48645,16966
48646,137997
48646,124342
48646,116942
48646,37818
48646,14082
48646,35223
48646,131892
48646,70177
48646,104517
48646,90845
48646,77089
48646,21018
48646,77914
48646,114932
48646,78500
48646,40279
48646,59781
48646,38419
48646,49656
48646,134154
48646,90809
48646,24545
48646,68420
48646,60846
48646,26248
48646,125083
48646,60468
48646,59657
48646,46274
48646,94455
48646,77795
48646,122112
48646,117294
48647,106421
48647,59539
48647,70887
48647,3775
48647,61586
48647,7377
48647,90744
48647,77574
48647,1211
48647,70624
48647,80579
48647,123709
48647,67025
48647,96112
48647,134288
48647,25979
48647,35010
48647,84341
48647,8312
48647,109877
48647,126789
48647,78642
48647,78926
48647,19150
48647,51087
48647,9318
48647,14478
48647,20317
48647,99270
48647,60244
48647,125822
48647,52263
48647,42171
48648,109341
48648,123915
48648,60039
48648,75405
48648,42279
48648,113843
48648,117297
48648,69416
48648,49503
48648,4031
48648,70837
48648,91266
48648,101389
48648,31133
48648,31297
48648,57230
48648,139832
48650,1525
48650,59346
48650,106897
48650,99980
48650,99070
48650,113000
48650,135822
48650,61996
48650,7359
48650,74554
48650,56380
48650,11809
48650,48852
48650,77234
48650,106028
48650,107759
48650,12856
48650,28271
48650,112561
48650,33078
48650,68180
48650,95724
48650,22657
48650,59799
48650,101022
48650,55154
48650,13176
48651,42225
48651,61980
48651,131491
48651,97889
48651,132827
48651,68273
48651,87321
48651,90533
48651,6434
48651,116059
48651,61164
48651,134212
48651,37732
48651,121821
48651,67415
48651,76684
48651,129416
48651,105897
48651,96358
48651,118100
48651,74432
48651,59014
48651,92330
48651,33219
48651,91304
48651,65898
48651,26522
48651,67011
48651,28123
48651,21351
48651,844
48655,42177
48655,55250
48655,64332
48655,82674
48655,20551
48655,97587
48655,130582
48655,48940
48655,105988
48655,124976
48655,77077
48655,97419
48655,125308
48655,77509
48655,138420
48655,5910
48655,72892
48655,84581
48655,76199
48655,128140
48655,61325
48655,26705
48655,128390
48655,16076
48655,72553
48655,60688
48655,110995
48655,7502
48655,136185
48655,34594
48655,17112
48656,57302
48656,70201
48656,66918
48656,80733
48656,40966
48656,116681
48656,16594
48656,120059
48656,139892
48656,93399
48656,72846
48656,60716
48656,5589
48656,116203
48656,6042
48656,28977
48656,33734
48656,136799
48656,108223
48656,43893
48656,57370
48656,94363
48656,96276
48656,12384
48656,139730
48656,30660
48656,14429
48656,32276
48656,1278
48656,8024
48656,58269
48656,12363
48658,2294
48658,134182
48658,48858
48658,96862
48658,96859
48658,60199
48658,97
48658,34993
48658,27298
48658,12230
48658,55760
48658,89860
48658,106378
48658,48120
48658,6760
48658,116567
48658,86769
48658,42413
48658,119648
48658,109006
48658,57015
48660,76443
48660,85430
48660,45896
48660,86704
48660,42693
48660,13674
48660,22607
48660,70683
48660,116211
48660,77504
48660,61695
48660,4573
48660,34578
48660,69514
48660,125747
48660,68199
48660,70838
48660,81451
48660,100081
48660,136202
48660,124191
48660,13499
48660,28694
48660,68760
48660,81720
48660,39355
48660,67161
48661,49738
48661,14352
48661,90626
48661,85106
48661,135565
48661,42106
48661,113107
48661,67897
48661,28399
48661,37522
48661,105476
48661,80689
48661,25036
48661,8077
48661,77563
48661,65270
48661,35187
48661,51923
48661,58201
48661,63545
48661,118993
48661,57832
48661,2039
48661,40111
48661,8282
48661,33077
48661,71216
48661,90284
48661,46276
48665,140652
48665,60671
48665,46915
48665,14186
48665,127612
48665,8912
48665,39298
48665,71521
48665,109879
48665,115697
48665,59709
48665,3929
48665,95447
48665,61033
48665,88601
48665,62245
48665,111147
48665,42726
48665,38825
48665,113676
48665,73520
48665,112782
48665,121561
48665,77740
48665,15610
48665,32848
48665,126635
48665,75942
48665,30419
48665,140384
48665,63431
48665,27150
48665,102497
48666,56870
48666,134731
48666,19127
48666,28413
48666,38534
48666,10292
48666,102180
48666,14920
48666,97605
48666,39085
48666,136402
48666,137672
48666,65602
48666,40455
48666,126199
48666,55401
48666,102049
48666,29593
48666,90994
48666,124488
48666,71613
48666,47199
48666,7970
48666,86922
48666,12718
48667,63204
48667,6575
48667,29806
48667,82744
48667,26732
48667,83276
48667,21853
48667,73128
48667,22210
48667,59157
48667,68510
48667,90714
48667,82010
48667,90907
48667,136224
48667,27932
48667,116822
48667,105390
48667,112446
48667,138963
48667,7985
48667,31515
48667,104410
48667,15898
48667,71425
48667,65720
48667,126334
48667,108211
48667,52602
48668,57997
48668,115779
48668,18380
48668,46153
48668,24345
48668,127482
48668,44693
48668,52838
48668,20362
48668,118937
48668,17170
48668,97061
48668,46333
48668,121071
48668,30627
48668,12248
48668,5163
48668,130018
48668,117177
48668,23697
48668,24996
48668,55688
48668,32243
48668,21250
48668,77583
48668,106204
48668,70242
48668,11821
48668,90723
48668,135286
48668,4309
48668,72684
48669,139776
48669,75631
48669,59263
48669,64610
48669,35956
48669,27421
48669,120624
48669,84767
48669,11690
48669,41552
48669,7670
48669,14203
48669,41867
48669,3271
48669,126864
48669,73141
48669,81798
48669,119251
48670,11414
48670,125447
48670,79534
48670,87796
48670,128313
48670,68689
48670,9522
48670,125611
48670,42875
48670,138971
48670,40463
48670,111356
48670,18859
48670,44476
48670,65496
48670,70352
48670,13155
48670,38846
48670,127831
48670,131345
48670,121287
48670,31945
48670,119322
48670,37788
48670,121665
48670,19567
48670,44879
48670,5103
48670,99894
48670,35043
48670,48109
48670,117347
48670,102112
48670,134743
48670,115207
48674,30890
48674,117915
48674,48167
48674,84484
48674,94330
48674,109632
48674,69649
48674,99788
48674,50608
48674,12125
48674,133013
48674,20114
48674,84269
48674,114251
48674,101170
48674,112510
48674,11712
48674,87756
48674,36675
48674,87588
48674,14496
48674,74640
48674,102276
48674,2136
48674,128521
48674,67098
48674,66204
48675,11764
48675,25572
48675,125044
48675,102928
48675,49979
48675,138841
48675,107507
48675,127234
48675,76585
48675,74330
48675,95525
48675,45504
48675,89732
48675,132248
48675,54620
48675,31721
48675,131437
48675,32824
48675,18930
48675,39593
48675,80113
48675,70555
48675,69511
48675,139962
48675,104298
48675,109375
48675,77938
48675,92568
48675,139857
48676,24021
48676,67376
48676,124166
48676,53547
48676,98359
48676,99430
48676,69489
48676,66506
48676,225
48676,109650
48676,55073
48676,65100
48676,74298
48676,2990
48676,111831
48676,56064
48676,91687
48676,136880
48676,95369
48676,91084
48676,125053
48676,137514
48676,112568
48676,80251
48676,37093
48676,115213
48676,77465
48678,39148
48678,57554
48678,34450
48678,92025
48678,31345
48678,120048
48678,13108
48678,6861
48678,28014
48678,51798
48678,14292
48678,2889
48678,6938
48678,62615
48678,98343
48678,75865
48678,138028
48678,7151
48678,79732
48678,35374
48678,37562
48678,39101
48678,120745
48678,28909
48678,74764
48678,140455
48678,96480
48678,43039
48678,70537
48678,127044
48678,15085
48678,123022
48680,130338
48680,68002
48680,85065
48680,31359
48680,65100
48680,125053
48680,88639
48680,116032
48680,115213
48680,109650
48680,131901
48680,81509
48680,96329
48680,18635
48680,111435
48680,91687
48680,136880
48680,56064
48680,4256
48680,37093
48680,111940
48680,70273
48680,114250
48680,76109
48680,121421
48681,118958
48681,53584
48681,74641
48681,44168
48681,127784
48681,49242
48681,24853
48681,64862
48681,128908
48681,69329
48681,40498
48681,44999
48681,18272
48681,120286
48681,54791
48681,66439
48681,127735
48681,124040
48681,5087
48681,70514
48681,133952
48681,103133
48681,113829
48681,91048
48681,128992
48681,72138
48681,25778
48681,73943
48681,111323
48681,72372
48681,97849
48681,122730
48683,61639
48683,90386
48683,105534
48683,82329
48683,38164
48683,74639
48683,138371
48683,131958
48683,1696
48683,10242
48683,125743
48683,140696
48683,109598
48683,116927
48683,137301
48683,12197
48683,924
48683,75781
48683,63248
48683,50432
48683,122895
48683,139847
48683,132972
48683,124255
48683,130541
48685,9932
48685,52375
48685,78684
48685,44372
48685,113481
48685,67728
48685,6962
48685,78976
48685,110504
48685,104112
48685,17319
48685,137332
48685,84306
48685,45462
48685,133212
48685,22304
48685,11496
48685,123473
48685,33682
48685,82514
48685,132316
48685,3273
48685,87474
48685,133878
48685,122427
48685,84766
48685,28243
48685,69822
48685,88614
48685,97345
48685,880
48687,96327
48687,77441
48687,139180
48687,130160
48687,37598
48687,138739
48687,97932
48687,11609
48687,3277
48687,14747
48687,36035
48687,107374
48687,108230
48687,124423
48687,53004
48687,99157
48687,16882
48687,16391
48687,86475
48687,33217
48687,1693
48687,8566
48687,127661
48687,129642
48687,105031
48687,34127
48687,23541
48687,18783
48687,65132
48687,24564
48687,136257
48687,59073
48687,122548
48688,57934
48688,2906
48688,38758
48688,87154
48688,41400
48688,7377
48688,79106
48688,34852
48688,21638
48688,79625
48688,56917
48688,67025
48688,96112
48688,113402
48688,72631
48688,107087
48688,25979
48688,8312
48688,35010
48688,109
48688,69171
48688,59042
48688,1211
48688,78642
48688,14024
48688,78725
48688,55148
48688,79596
48688,9318
48688,122248
48688,41441
48688,81109
48688,123201
48688,38064
48688,31962
48690,59685
48690,124189
48690,67964
48690,123012
48690,3949
48690,81542
48690,12951
48690,7541
48690,31582
48690,135437
48690,76070
48690,66750
48690,55019
48690,89981
48690,53274
48690,41988
48690,5380
48690,64208
48690,67274
48690,131880
48690,135590
48690,2353
48690,57017
48690,5121
48690,122859
48690,65593
48690,51465
48690,92161
48690,105086
48690,135904
48690,89193
48690,117582
48692,63105
48692,20430
48692,60144
48692,32234
48692,67964
48692,57170
48692,8864
48692,46501
48692,135904
48692,93974
48692,69184
48692,14480
48692,5322
48692,32798
48692,35679
48692,67233
48692,27632
48692,109804
48692,135437
48692,133689
48692,25159
48692,24041
48692,34151
48692,131352
48692,31825
48692,38286
48692,77074
48692,133235
48692,73058
48692,59874
48692,75205
48692,15390
48692,23190
48693,60144
48693,63105
48693,69184
48693,101335
48693,20430
48693,8864
48693,46501
48693,57170
48693,131493
48693,25159
48693,14480
48693,66750
48693,131046
48693,15390
48693,78647
48693,109804
48693,133943
48693,80709
48693,63229
48693,129914
48693,34151
48693,73058
48693,75205
48693,133689
48693,4503
48693,128090
48693,5322
48693,14944
48693,105779
48693,27632
48693,77074
48693,67477
48693,135437
48695,7156
48695,97339
48695,3713
48695,78979
48695,110339
48695,11768
48695,22300
48695,47537
48695,2754
48695,63663
48695,28685
48695,48439
48695,21474
48695,93078
48695,107794
48695,65313
48695,98525
48695,114107
48695,90258
48695,99482
48695,15970
48697,82683
48697,45272
48697,62516
48697,45231
48697,26317
48697,104324
48697,72126
48697,55527
48697,118158
48697,115411
48697,17063
48697,140777
48697,96558
48697,120527
48697,129042
48697,118951
48697,766
48697,64483
48697,28095
48697,112728
48697,54736
48697,29618
48697,7669
48697,102732
48697,115344
48697,26730
48697,119056
48697,95554
48697,121668
48698,57551
48698,119785
48698,119966
48698,114181
48698,37323
48698,96853
48698,39982
48698,29116
48698,44562
48698,62444
48698,15988
48698,18560
48698,42150
48698,112569
48698,12878
48698,36898
48698,87738
48698,33765
48698,68749
48698,135981
48698,53423
48698,84560
48698,140364
48698,56190
48698,102352
48698,73815
48698,32337
48698,95129
48698,67552
48698,89522
48698,663
48698,108277
48700,72065
48700,58763
48700,72906
48700,35367
48700,90761
48700,75988
48700,25351
48700,67101
48700,70581
48700,3592
48700,105827
48700,101145
48700,79047
48700,62506
48700,65604
48700,67520
48700,75792
48700,124863
48700,43186
48700,90239
48700,18131
48700,24110
48700,102346
48700,61572
48700,1264
48700,5230
48700,40558
48700,23395
48700,89000
48701,88624
48701,138185
48701,52289
48701,96751
48701,64130
48701,132562
48701,62251
48701,35204
48701,101480
48701,79339
48701,85599
48701,42822
48701,80611
48701,82935
48701,70519
48701,117788
48701,24525
48701,136743
48701,15930
48701,31286
48701,131454
48701,93150
48701,72928
48701,68230
48701,55467
48701,125168
48701,49474
48701,108349
48701,14198
48701,59632
48703,97728
48703,28321
48703,21098
48703,45183
48703,89961
48703,79146
48703,100947
48703,61017
48703,83696
48703,89918
48703,57933
48703,54750
48703,49808
48703,115307
48703,52345
48703,12864
48703,96625
48703,20739
48703,86925
48704,127955
48704,89234
48704,59241
48704,140736
48704,53791
48704,36785
48704,17287
48704,112588
48704,110032
48704,79898
48704,14322
48704,4432
48704,95419
48704,18610
48704,43209
48704,4366
48704,33553
48704,130915
48704,39129
48704,41275
48704,87909
48704,78954
48704,107639
48704,42168
48704,61156
48704,73661
48704,47759
48704,102654
48704,122331
48704,90647
48704,70030
48707,13558
48707,70952
48707,55258
48707,107305
48707,123292
48707,47495
48707,3941
48707,65813
48707,24882
48707,65373
48707,66906
48707,19543
48707,14606
48707,50388
48707,26836
48707,116773
48707,75576
48708,55352
48708,121026
48708,90672
48708,10402
48708,118554
48708,118030
48708,27677
48708,823
48708,69405
48708,47552
48708,108438
48708,135381
48711,117732
48711,129640
48711,32486
48711,102169
48711,61634
48711,89987
48711,17434
48711,3227
48711,80838
48711,46312
48711,108348
48711,4817
48711,131766
48711,62342
48711,91610
48711,121237
48711,38712
48711,126486
48711,46582
48711,54612
48711,108799
48711,27775
48711,108145
48711,61395
48711,49676
48711,43986
48711,117502
48711,31566
48711,75335
48711,7173
48713,72325
48713,15692
48713,107766
48713,80543
48713,94391
48713,91490
48713,40268
48713,52133
48713,30935
48713,92337
48713,82715
48713,12550
48713,123399
48713,13915
48713,6830
48713,106852
48713,52498
48713,20101
48713,50978
48713,62387
48713,48918
48713,47222
48713,56748
48713,5743
48713,6867
48713,30245
48713,103019
48713,124420
48713,54959
48713,23244
48713,26474
48713,60064
48713,11589
48717,27775
48717,46582
48717,54612
48717,126486
48717,108145
48717,129640
48717,7173
48717,31566
48717,75335
48717,71008
48717,61634
48717,89987
48717,117732
48717,80838
48717,108799
48717,70082
48717,32486
48717,61395
48717,3227
48717,71196
48717,49676
48717,84897
48717,131766
48717,102169
48717,115049
48717,62342
48717,117502
48720,86510
48720,35339
48720,131795
48720,64119
48720,129828
48720,131503
48720,127131
48720,27814
48720,128320
48720,75680
48720,19357
48720,99319
48720,132680
48720,62459
48720,117644
48720,92652
48720,86211
48720,38915
48720,20860
48720,59650
48720,71407
48720,105803
48720,88172
48720,57450
48720,37175
48720,112501
48720,65415
48720,124216
48720,12395
48720,121890
48720,126396
48721,36045
48721,72731
48721,5505
48721,53141
48721,126818
48721,125656
48721,93741
48721,119316
48721,137498
48721,110663
48721,23661
48721,51616
48721,47392
48721,90380
48721,105123
48721,131131
48721,119727
48721,25564
48721,77959
48721,78649
48721,118916
48721,70302
48721,361
48721,92868
48721,66917
48721,16467
48721,113169
48721,115106
48721,21198
48721,44170
48723,83191
48723,34709
48723,126072
48723,72328
48723,99208
48723,104868
48723,36389
48723,138814
48723,63880
48723,11830
48723,47646
48723,13301
48723,62
48723,110740
48723,80269
48723,73978
48723,11076
48723,100095
48723,107265
48723,140137
48723,21088
48723,132892
48723,71198
48723,8941
48723,83058
48723,10786
48723,119337
48723,81021
48723,3139
48723,137860
48723,79580
48724,44213
48724,119002
48724,94241
48724,138290
48724,115994
48724,6400
48724,133846
48724,94850
48724,19965
48724,80067
48724,112270
48724,54795
48724,54739
48724,50366
48724,118722
48724,110915
48724,25027
48724,37339
48724,95394
48724,53443
48724,76755
48724,114201
48724,82967
48724,83079
48724,139974
48724,79141
48724,105745
48724,97430
48724,32279
48724,23256
48724,25820
48728,139298
48728,130253
48728,11762
48728,90861
48728,82564
48728,21226
48728,65699
48728,2088
48728,95589
48728,105552
48728,17447
48728,12516
48728,112752
48728,101671
48728,37759
48728,26159
48728,23609
48728,18933
48728,46226
48728,124650
48728,19790
48728,85431
48728,106029
48728,23120
48728,33996
48728,120872
48728,20024
48728,105677
48728,63332
48728,31265
48728,75177
48730,27203
48730,44961
48730,4951
48730,10920
48730,99851
48730,50646
48730,121714
48730,21458
48730,7268
48730,36899
48730,131978
48730,64251
48730,37515
48730,20666
48730,135867
48730,18627
48730,114989
48730,111146
48730,106995
48730,106223
48730,27624
48730,100744
48730,93278
48730,79404
48730,77117
48730,6848
48730,62672
48730,54313
48730,140630
48730,116796
48730,126904
48730,72969
48730,10616
48731,108104
48731,40291
48731,12654
48731,59808
48731,22408
48731,43151
48731,106899
48731,35219
48731,118573
48731,2495
48731,101155
48731,69085
48731,135372
48731,64564
48731,125320
48731,59362
48731,65696
48731,35594
48731,49669
48731,2705
48731,114367
48731,97528
48731,105349
48731,21672
48731,1344
48731,86794
48731,81019
48731,113785
48731,106746
48731,70936
48731,55054
48731,8620
48731,66230
48731,17640
48731,90501
48734,33166
48734,16239
48734,61462
48734,113622
48734,122232
48734,27318
48734,46400
48734,101312
48734,64363
48734,43720
48734,882
48734,21124
48734,80915
48734,87314
48734,22739
48734,66139
48734,87996
48734,39215
48734,132088
48734,35618
48734,116623
48734,16583
48734,59246
48734,132441
48734,106489
48734,41891
48734,60490
48734,111743
48734,21960
48734,88638
48734,43045
48735,111128
48735,30268
48735,74195
48735,26476
48735,139662
48735,76246
48735,28843
48735,25328
48735,29473
48735,52230
48735,22293
48735,44982
48735,69282
48736,37864
48736,10704
48736,19621
48736,3065
48736,64904
48737,53547
48737,109650
48737,137514
48737,52915
48737,19743
48737,138603
48737,74921
48737,21688
48737,4256
48737,99430
48737,98938
48737,8289
48737,53393
48737,17105
48737,18635
48737,103353
48737,115213
48737,98457
48737,67376
48737,67653
48737,69489
48737,46505
48737,126732
48737,98106
48737,81465
48737,84526
48737,137042
48737,128836
48737,91687
48737,74298
48737,37093
48737,39748
48740,3706
48740,111899
48740,111383
48740,41470
48740,41578
48740,17806
48740,5949
48740,132329
48740,99720
48740,87621
48740,50030
48740,126246
48740,81460
48740,9420
48740,135382
48740,40087
48740,60679
48740,127277
48740,68185
48740,127575
48740,61580
48740,20865
48740,103225
48740,88811
48740,58746
48740,52653
48740,17455
48740,95140
48740,50036
48740,96970
48740,17894
48740,10571
48740,39436
48740,117710
48741,14082
48741,124342
48741,21018
48741,116942
48741,137997
48741,131892
48741,70177
48741,104517
48741,90845
48741,37818
48741,77089
48741,35223
48741,77914
48741,114932
48741,134323
48741,40279
48741,59781
48741,94455
48741,24545
48741,49656
48741,134154
48741,46274
48741,60846
48741,38419
48741,77795
48741,59657
48741,60468
48741,29633
48741,57952
48741,38904
48741,125083
48741,117294
48741,122112
48742,86606
48742,113106
48742,68282
48742,75125
48742,23862
48742,126465
48742,127297
48742,109793
48742,87839
48742,123051
48742,22060
48742,28495
48742,81451
48742,34066
48742,52135
48742,101743
48742,81375
48742,116211
48742,19427
48742,111775
48742,57648
48742,52622
48742,11948
48742,100568
48742,117129
48742,52826
48742,80265
48742,119847
48742,105720
48742,75637
48742,86928
48742,79449
48742,129404
48743,104766
48743,62600
48743,22596
48743,100683
48743,82620
48743,93981
48743,4962
48743,99027
48743,131697
48743,72905
48743,111920
48743,45544
48743,138482
48743,105179
48743,128612
48743,138922
48743,130461
48743,26087
48743,124730
48743,27458
48743,71469
48743,109482
48743,51782
48743,21742
48743,96031
48743,32741
48743,123216
48743,26011
48743,56950
48743,104271
48743,71991
48744,24646
48744,50553
48744,62886
48744,95225
48744,54726
48744,125002
48744,60046
48744,44234
48744,32108
48744,122377
48744,21244
48744,72476
48744,3638
48744,12950
48744,2506
48744,55979
48744,92733
48744,26422
48744,57728
48744,130073
48744,9223
48744,28522
48744,81150
48744,38256
48744,134875
48744,110657
48744,95552
48744,28639
48744,92078
48744,43264
48744,114939
48744,37088
48744,99326
48747,48237
48747,15773
48747,132633
48747,71445
48747,86196
48747,134029
48747,28797
48747,43963
48748,29286
48748,136159
48748,60458
48748,7258
48748,7360
48748,3566
48748,18380
48748,94596
48748,50890
48748,86289
48748,24345
48748,39975
48748,93944
48748,109431
48748,20133
48748,17213
48748,8951
48748,63457
48748,126571
48748,59638
48748,95486
48748,132293
48748,77583
48748,37798
48748,80767
48748,12783
48748,90389
48748,134654
48748,82957
48748,139502
48748,140130
48748,80200
48749,4778
48749,92758
48749,3709
48749,59111
48749,7659
48749,36861
48749,58078
48749,8952
48749,130781
48749,94709
48749,113487
48749,77219
48749,4219
48749,43445
48749,61010
48749,113650
48749,90928
48749,133582
48749,62505
48749,139080
48749,84714
48749,123205
48749,18208
48749,31812
48749,127359
48749,126729
48749,39764
48749,74628
48749,101850
48749,107271
48749,76404
48749,28770
48749,44365
48749,68171
48750,9060
48750,13298
48750,58158
48750,65349
48750,75742
48750,35234
48750,73473
48750,40918
48750,116824
48750,19073
48750,128806
48750,42425
48750,83935
48750,58499
48750,48402
48750,76150
48750,84291
48750,79453
48750,96922
48750,100173
48750,99453
48750,3741
48750,3012
48750,132270
48750,66640
48750,40921
48750,102069
48750,4158
48750,67741
48750,14094
48752,16923
48752,97676
48752,21754
48752,26808
48752,16285
48752,46897
48753,99414
48753,116069
48753,93221
48753,18750
48753,109896
48753,126339
48753,126158
48753,114463
48753,21283
48753,117061
48753,134596
48753,35279
48753,133629
48753,105574
48753,67546
48753,95678
48753,44806
48753,61652
48753,18144
48753,111115
48753,103696
48753,110197
48753,5871
48753,59848
48753,58533
48753,125349
48753,75828
48753,138120
48753,95442
48753,9704
48753,53868
48755,9959
48755,137301
48755,90386
48755,36289
48755,105534
48755,924
48755,66327
48755,50432
48755,63248
48755,15491
48755,10242
48755,79318
48755,1696
48755,140696
48755,97038
48755,122895
48755,38164
48755,14515
48755,45875
48755,75781
48755,124255
48755,132972
48755,138371
48755,139847
48755,130541
48757,52099
48757,63710
48757,17589
48757,53336
48757,123081
48757,51357
48757,7701
48757,95628
48757,61040
48757,3252
48757,6272
48757,85220
48757,99719
48757,5351
48757,21114
48757,67216
48757,54867
48757,42053
48757,3837
48757,96934
48757,33931
48757,90440
48757,92500
48757,38680
48757,119435
48757,117890
48757,2169
48757,55379
48757,36075
48757,45065
48758,27572
48758,48636
48758,65148
48758,110001
48758,131153
48758,7637
48758,46907
48758,90567
48758,98170
48758,85368
48758,29993
48758,10655
48758,135899
48758,38787
48758,104110
48758,72657
48758,100735
48758,10734
48758,16181
48758,46819
48758,102621
48758,7804
48758,90410
48758,8641
48758,6539
48758,79411
48758,69759
48758,7771
48759,61268
48759,126534
48759,126012
48759,108351
48759,90694
48759,58163
48759,101003
48759,35809
48759,137431
48759,36468
48759,111094
48759,46101
48759,121844
48759,93461
48759,39004
48759,59782
48759,69088
48759,105032
48759,41444
48759,78577
48759,42953
48759,95918
48759,38753
48759,104434
48759,56423
48759,1115
48759,25507
48759,72471
48759,28109
48759,106764
48759,108827
48759,63494
48759,69322
48761,108069
48761,21602
48761,81159
48761,134303
48761,39734
48761,104904
48761,134893
48761,17876
48761,2150
48762,16830
48762,127297
48762,120824
48762,113106
48762,75125
48762,34066
48762,96091
48762,119207
48762,139976
48762,123051
48762,88226
48762,101743
48762,86606
48762,67308
48762,22060
48762,122749
48762,121362
48762,52135
48762,76770
48762,100568
48762,131363
48762,126465
48762,35158
48762,52622
48762,111775
48762,22379
48762,52826
48762,63045
48762,11521
48762,121238
48762,81186
48762,6656
48763,75700
48763,68964
48763,56085
48763,99563
48763,10329
48763,103440
48763,40201
48763,127936
48763,120479
48763,52854
48763,87572
48763,57307
48763,109977
48763,138143
48764,1357
48764,71988
48764,119300
48764,100910
48764,133151
48764,97992
48764,79939
48764,12692
48764,94715
48764,98125
48764,116636
48764,16569
48764,17828
48764,2819
48764,74861
48764,15972
48764,108493
48764,50715
48764,36877
48764,79685
48764,16059
48764,114507
48764,96068
48764,70578
48765,105245
48765,111382
48765,36599
48765,135609
48765,99101
48765,111718
48765,5376
48765,49432
48765,51017
48765,327
48765,98320
48765,138259
48765,43715
48765,57269
48765,116428
48765,87142
48765,33813
48765,29938
48765,13396
48765,111816
48765,77378
48765,69224
48765,119705
48765,61600
48765,135066
48765,60673
48765,20981
48766,105182
48766,37485
48766,95099
48766,96166
48766,122761
48766,103748
48766,92526
48766,45577
48766,4178
48766,72558
48766,77736
48766,123034
48766,37646
48767,81830
48767,73184
48767,52408
48767,81217
48767,27439
48767,39795
48767,18225
48767,54873
48767,49923
48767,135668
48767,47394
48767,12874
48767,55139
48767,59358
48767,138078
48767,46133
48767,45119
48767,38684
48767,10450
48767,132043
48767,20161
48767,39677
48767,68744
48767,57867
48767,126470
48767,80618
48767,7077
48767,25268
48771,33417
48771,43887
48771,66187
48771,109189
48771,63023
48771,46013
48771,127687
48771,73538
48771,124286
48771,50861
48771,115537
48773,101520
48773,107652
48773,132210
48773,118670
48773,80545
48773,116505
48773,20022
48773,119794
48773,46027
48773,53883
48773,103174
48773,51178
48773,95604
48773,16325
48773,73145
48773,124043
48773,87652
48773,106307
48773,131917
48773,137487
48773,135028
48773,73077
48773,19836
48773,23777
48773,63417
48773,61011
48773,53916
48773,57169
48773,129263
48773,3235
48773,118206
48773,28132
48774,41014
48774,30016
48774,72472
48774,73907
48774,118727
48774,91231
48774,46944
48774,57023
48774,79192
48774,134179
48774,122134
48774,34254
48774,25670
48774,117125
48774,98509
48774,84364
48774,126804
48774,139292
48774,116296
48774,108924
48774,36022
48774,65011
48774,89858
48774,12058
48774,87251
48774,7091
48774,29394
48774,110795
48774,91647
48774,102996
48774,56005
48774,123039
48774,3398
48775,107543
48775,111719
48775,38658
48775,100585
48775,38382
48775,90081
48775,65782
48775,56658
48775,89878
48775,38161
48775,47054
48775,133679
48775,57690
48775,58288
48775,1941
48775,13139
48775,112428
48775,5156
48775,87633
48775,7276
48775,100437
48775,32834
48775,132045
48775,56120
48775,116889
48775,115718
48775,116063
48775,135763
48775,27617
48775,103727
48775,1968
48775,8158
48775,129276
48775,135262
48775,119805
48776,5090
48776,97615
48776,44197
48776,70352
48776,138971
48776,11414
48776,87796
48776,18859
48776,128313
48776,44476
48776,111356
48776,30417
48776,74276
48776,43966
48776,121586
48776,79534
48776,44514
48776,20533
48776,92698
48776,63945
48776,65983
48776,63682
48776,121665
48776,36612
48776,67688
48776,19567
48776,40463
48776,135195
48776,31442
48777,123453
48777,60910
48777,49133
48777,76065
48777,50351
48777,42717
48777,135193
48777,28209
48777,65516
48777,60389
48777,119682
48777,76211
48777,125358
48777,140404
48777,114448
48777,87276
48777,53829
48777,129745
48777,334
48778,81953
48778,2330
48778,32214
48778,108497
48778,114345
48778,96686
48778,120892
48778,56163
48778,135276
48778,72666
48778,10888
48778,67837
48778,53182
48778,71457
48778,8889
48778,89862
48778,75618
48778,15244
48778,94958
48778,88999
48778,15595
48778,63197
48778,102491
48778,42709
48778,96304
48778,34799
48778,8811
48778,96812
48778,78262
48778,99030
48778,37377
48778,140624
48780,237
48780,77995
48780,59318
48780,28410
48780,8146
48780,128329
48780,24531
48780,113573
48780,99897
48780,8500
48780,137670
48780,83429
48780,89441
48780,110292
48780,36087
48780,89690
48780,39149
48780,129882
48780,51556
48780,94189
48780,20667
48780,52946
48780,13251
48780,67015
48780,79375
48780,95201
48780,61508
48780,114705
48780,36912
48780,82391
48780,45718
48780,82889
48781,87307
48781,85601
48781,62561
48781,55012
48781,81936
48781,14726
48781,115258
48781,83133
48781,93870
48781,575
48783,127157
48783,92626
48783,85513
48783,64059
48783,115918
48783,9270
48783,70499
48783,110434
48783,124599
48783,79663
48783,53869
48783,127227
48783,122860
48783,99552
48783,129241
48783,46307
48783,24270
48783,7233
48783,27038
48783,22208
48783,20530
48783,20330
48783,61784
48783,95647
48783,14914
48783,87292
48783,33105
48783,140588
48783,89068
48786,54662
48786,12712
48786,66617
48786,76515
48786,83162
48786,86144
48786,101398
48786,64065
48786,4934
48786,102344
48786,44448
48786,85740
48786,129141
48786,14867
48786,2697
48786,93456
48786,123199
48786,99413
48786,19504
48786,12616
48786,106126
48786,128753
48786,89754
48786,136660
48788,134421
48788,86090
48788,49717
48788,35350
48788,136972
48788,44234
48788,5310
48788,90649
48788,37088
48788,13777
48788,75433
48788,89721
48788,129605
48788,132285
48788,39703
48788,17138
48788,86919
48788,32108
48788,73791
48788,85725
48788,58998
48788,134875
48788,105753
48788,20689
48788,77068
48788,90086
48788,16144
48788,16075
48788,62382
48788,130158
48788,34217
48788,33831
48788,108473
48788,105617
48792,135027
48792,122201
48792,3713
48792,3938
48792,58319
48792,33882
48792,114283
48792,136489
48792,35502
48792,47537
48792,71656
48792,83692
48792,90258
48792,78455
48792,44801
48792,9510
48792,129784
48792,50208
48792,47784
48792,94690
48792,68101
48792,102206
48792,90946
48792,27652
48792,97859
48792,116133
48792,25241
48792,1686
48792,119540
48792,72360
48792,52685
48792,113424
48793,99723
48793,122268
48793,3797
48793,121972
48793,67177
48793,26521
48793,102355
48793,1263
48793,94158
48793,107857
48793,69031
48793,131773
48793,9510
48793,100023
48793,84540
48793,116133
48793,118765
48793,75071
48793,105958
48793,40266
48793,113424
48793,1704
48793,13659
48793,43044
48793,33882
48793,98695
48793,85987
48793,122201
48793,12394
48793,58024
48796,32477
48796,99589
48796,121000
48796,25531
48796,73065
48796,97261
48796,4431
48796,16145
48796,59436
48796,44098
48796,127124
48796,127048
48796,20429
48796,122400
48796,102835
48796,77620
48796,106183
48796,137628
48796,17567
48796,139913
48796,137421
48796,51732
48796,21531
48796,8099
48796,16333
48796,121552
48796,62576
48796,137823
48796,136964
48796,136568
48797,120144
48797,51979
48797,52784
48797,107785
48797,25467
48797,43749
48797,72597
48797,69615
48797,87215
48797,120665
48797,37283
48797,54937
48797,9812
48797,63145
48797,103860
48797,131110
48797,134966
48797,13443
48797,12341
48797,98770
48797,12579
48797,79221
48797,117439
48797,29811
48797,67610
48797,1085
48797,15251
48797,10721
48797,116251
48797,110264
48797,28181
48797,5543
48797,51885
48798,83110
48798,74580
48798,12813
48798,41499
48798,1934
48798,46333
48798,87622
48798,31871
48798,66371
48798,97537
48798,85282
48798,1064
48798,105762
48798,106067
48798,115491
48798,122980
48798,127523
48798,133257
48798,73359
48798,62105
48798,62689
48798,46020
48798,42232
48798,36551
48798,21815
48798,20947
48798,12307
48798,6777
48798,6456
48798,2979
48798,133685
48798,63612
48798,22082
48798,51003
48800,27781
48800,51035
48800,138676
48800,129021
48800,22758
48800,37554
48800,72824
48800,62087
48800,5406
48800,81562
48800,86031
48800,53456
48800,83708
48800,79978
48800,116677
48800,13803
48800,68262
48800,5640
48800,59501
48800,33612
48800,139802
48800,96175
48800,94397
48800,5936
48800,113511
48800,31988
48800,32166
48802,89703
48802,83162
48802,54662
48802,12712
48802,129141
48802,85740
48802,66617
48802,76515
48802,28215
48802,4934
48802,29790
48802,102620
48802,38514
48802,35973
48802,17139
48802,97192
48802,14867
48802,109769
48802,139104
48802,61170
48804,137345
48804,77875
48804,55285
48804,36648
48804,74784
48804,100710
48804,100395
48804,124136
48804,82721
48804,4127
48804,108801
48804,31439
48804,31045
48804,18378
48804,129248
48804,32973
48804,84438
48804,26606
48804,19060
48804,2198
48804,105852
48804,122799
48804,134280
48804,140564
48804,64284
48804,13567
48804,113467
48804,53669
48804,95203
48804,82124
48805,38419
48805,137997
48805,124342
48805,37818
48805,131892
48805,70177
48805,104517
48805,90845
48805,77089
48805,116942
48805,60846
48805,77914
48805,114932
48805,78500
48805,59781
48805,59657
48805,21018
48805,40279
48805,134154
48805,49656
48805,35223
48805,46274
48805,94455
48805,68420
48805,24545
48805,14082
48805,60468
48805,77795
48805,90809
48805,38904
48805,117294
48805,125083
48805,122112
48806,1473
48806,49783
48806,94676
48806,81037
48806,10577
48806,60942
48806,10844
48806,4168
48806,6969
48806,112156
48806,94562
48806,87611
48806,68960
48806,126553
48806,93426
48806,135442
48806,123796
48806,102145
48806,129255
48806,81480
48806,1503
48806,93750
48806,73278
48806,12643
48806,16764
48806,93813
48806,107734
48806,51819
48806,8530
48806,7251
48806,23875
48806,18299
48806,18268
48808,98095
48808,44811
48808,112788
48808,55383
48808,1666
48808,36605
48808,2586
48808,90074
48808,100899
48808,89890
48808,64623
48808,85315
48808,4514
48808,52202
48808,63988
48808,94329
48808,89248
48808,86
48808,56615
48808,11079
48808,84439
48808,45998
48808,97226
48808,34005
48808,31686
48808,42258
48808,105726
48808,48627
48808,84
48810,24467
48810,10062
48810,23093
48810,103602
48810,58104
48810,123309
48810,65907
48810,51656
48810,28849
48810,115389
48810,15965
48810,137091
48810,110233
48810,29429
48810,96491
48810,83375
48810,119173
48810,78367
48810,50095
48810,33603
48810,6056
48811,59258
48811,100672
48811,66249
48811,75668
48811,15038
48811,18462
48811,135057
48811,25117
48811,93463
48811,140688
48811,138941
48811,11857
48811,48124
48811,137289
48811,13736
48813,84176
48813,25325
48813,133850
48813,51114
48813,36956
48813,93494
48813,21205
48813,54892
48813,83433
48813,59321
48813,4679
48813,123905
48813,118260
48813,77298
48813,75966
48813,136066
48813,110217
48813,85851
48813,136230
48813,17359
48813,8916
48813,49401
48813,39520
48813,42105
48813,37167
48813,69913
48813,19792
48813,36498
48813,18147
48813,8318
48815,27949
48815,29826
48815,13612
48815,48652
48815,72498
48815,2222
48815,115790
48815,82916
48815,97311
48815,21883
48815,12476
48815,27676
48815,5819
48815,10540
48815,39457
48815,134447
48815,86318
48815,138382
48815,43162
48815,77784
48815,91766
48815,72898
48815,33317
48815,57101
48815,133001
48815,27750
48815,85353
48815,6951
48815,129007
48815,57083
48815,65925
48817,42151
48817,50945
48817,91472
48817,37561
48817,37309
48817,103693
48817,137606
48817,6616
48817,6158
48817,28486
48817,77242
48817,32628
48817,115046
48817,110199
48817,95511
48817,18799
48817,54644
48817,23863
48817,53775
48817,26554
48817,122911
48817,59032
48817,53507
48817,117402
48817,96822
48817,16733
48817,62954
48817,133504
48817,37438
48817,76347
48819,138839
48819,60875
48819,83173
48819,17344
48819,138615
48819,36142
48819,77151
48819,76196
48819,62823
48819,57098
48819,111783
48819,106418
48819,41325
48819,81643
48819,58232
48819,97732
48819,126108
48819,101467
48819,71827
48819,134393
48819,4558
48819,77291
48819,79919
48819,15571
48819,44416
48819,132203
48819,126910
48820,80336
48820,84002
48820,90058
48820,154
48820,3447
48820,49447
48820,91330
48820,7064
48820,49682
48820,28908
48820,17382
48820,106384
48820,16246
48820,29049
48820,52812
48820,24656
48820,14643
48820,10642
48820,16417
48820,40598
48820,27992
48820,19413
48820,89105
48820,77154
48820,18306
48820,135640
48820,67110
48820,39466
48820,104781
48820,117448
48820,89667
48820,85147
48820,234
48821,113806
48821,78019
48821,85826
48821,41927
48821,39068
48821,11043
48821,95629
48821,55830
48821,39805
48821,15856
48821,85614
48821,123233
48821,1311
48821,89700
48821,121787
48821,14593
48821,44451
48821,67084
48821,119620
48821,5614
48821,108039
48821,73441
48821,40915
48821,90687
48821,127864
48821,128486
48821,25756
48821,44429
48821,67259
48821,70475
48821,13245
48821,124438
48821,30951
48823,53547
48823,19743
48823,59081
48823,95369
48823,21688
48823,17105
48823,81465
48823,98106
48823,54818
48823,13668
48823,37093
48823,115213
48823,2990
48823,111831
48823,109650
48823,74298
48823,126732
48823,46505
48823,8289
48825,125009
48825,14339
48825,112368
48825,49932
48825,76344
48825,49453
48825,77724
48825,50551
48825,118354
48825,36436
48825,80223
48825,115074
48825,566
48825,85608
48825,19840
48825,19964
48825,78912
48825,111607
48825,55341
48825,63017
48825,96386
48825,98205
48825,102964
48825,17852
48825,54263
48825,123610
48826,119879
48826,131491
48826,6434
48826,3782
48826,21717
48826,2975
48826,25792
48826,67415
48826,23972
48826,3835
48826,88681
48826,2812
48826,61305
48826,62206
48826,98970
48826,82695
48826,38413
48826,41519
48826,34052
48826,132766
48826,60771
48826,104973
48826,94835
48826,44927
48826,98546
48826,86536
48826,15995
48826,37202
48826,81883
48826,15386
48826,125825
48826,26882
48829,65218
48829,70999
48829,58163
48829,41366
48829,140006
48829,12785
48829,16118
48829,24168
48829,97986
48829,123264
48829,48019
48829,97054
48829,137855
48829,106764
48829,52527
48829,109222
48829,71581
48829,90694
48829,113788
48829,120787
48829,126012
48829,133275
48829,68363
48829,34790
48829,56348
48829,63494
48829,8085
48829,69371
48829,64884
48829,32624
48829,92211
48829,11974
48829,27230
48829,15223
48830,24646
48830,122377
48830,60046
48830,50553
48830,95225
48830,54726
48830,62886
48830,37088
48830,12950
48830,125002
48830,2506
48830,44234
48830,72476
48830,81150
48830,32108
48830,134875
48830,28522
48830,99326
48830,9223
48830,42674
48830,43264
48830,28639
48830,35975
48830,57728
48830,92733
48830,26422
48830,21244
48830,92078
48830,3638
48830,115096
48830,55979
48830,130073
48830,95552
48830,110657
48830,114939
48831,134152
48831,104504
48831,50435
48831,43718
48831,32516
48831,118182
48831,28229
48831,52119
48831,80502
48831,56638
48831,2053
48831,133682
48831,62003
48831,60050
48831,10719
48831,93539
48831,109021
48831,49789
48831,45609
48831,86032
48831,30304
48831,101926
48831,53917
48831,106919
48834,1495
48834,31166
48834,59322
48834,48375
48834,55050
48834,139360
48834,48522
48834,62237
48834,79235
48834,39957
48834,9894
48834,95182
48834,68833
48834,37304
48834,12357
48834,15770
48834,25236
48834,66803
48834,89367
48834,83364
48834,125957
48834,102874
48834,3962
48834,38837
48834,1561
48834,63276
48834,10177
48834,63108
48834,15230
48834,115848
48834,129926
48834,16765
48837,124166
48837,85065
48837,53547
48837,79068
48837,125053
48837,58136
48837,17105
48837,59081
48837,19743
48837,74921
48837,21688
48837,131901
48837,84526
48837,24021
48837,116455
48837,65100
48837,56064
48837,39748
48837,53393
48837,103353
48837,81465
48837,50623
48837,88553
48837,130532
48837,8289
48837,136025
48837,121421
48837,1260
48837,75285
48837,37093
48837,2990
48837,77465
48839,118960
48839,101011
48839,139704
48839,84243
48839,27085
48839,12277
48839,96807
48839,29745
48839,9593
48839,25892
48839,7604
48839,13681
48839,56016
48839,139200
48839,126816
48839,46559
48839,43667
48839,131366
48839,136280
48839,62520
48839,74930
48839,62158
48839,35765
48839,54069
48839,50014
48839,136977
48839,39005
48839,116624
48840,135426
48840,121775
48840,108610
48840,107280
48840,42574
48840,36202
48840,7540
48840,94465
48840,94032
48840,62649
48840,33353
48840,20999
48840,39505
48840,78034
48840,82713
48840,43625
48840,69423
48840,129759
48840,6375
48840,20597
48840,20737
48840,63827
48840,10396
48840,61104
48840,125976
48842,48004
48842,90920
48842,7377
48842,106230
48842,79106
48842,124778
48842,63604
48842,2906
48842,3775
48842,113402
48842,87490
48842,96112
48842,41400
48842,54359
48842,33509
48842,57125
48842,21638
48842,80579
48842,134288
48842,40048
48842,14024
48842,25979
48842,35010
48842,7895
48842,78642
48842,59042
48842,120248
48842,98719
48842,123584
48842,19150
48842,128155
48842,8374
48842,38064
48843,130154
48843,12571
48843,50284
48843,83077
48843,109099
48843,63808
48843,33180
48843,133342
48843,84830
48843,24637
48843,61322
48843,21043
48843,64529
48843,17453
48843,114149
48843,20659
48843,92181
48843,58215
48843,77147
48843,48117
48843,112271
48843,7972
48843,27974
48843,17997
48843,107406
48843,95132
48843,105613
48843,60800
48843,38482
48843,137285
48843,53140
48843,50047
48843,102656
48843,107164
48845,51081
48845,88959
48845,114964
48845,64666
48845,8572
48845,119495
48845,119257
48845,108233
48845,102628
48845,90008
48845,89585
48845,76200
48845,54757
48845,30052
48845,11406
48845,79918
48845,104343
48845,114591
48845,121099
48845,34809
48845,131504
48845,50668
48846,93700
48846,80091
48846,99119
48846,87838
48846,23436
48846,11504
48846,88174
48846,17402
48846,7638
48846,138237
48846,34142
48846,40367
48846,120609
48846,83679
48846,15520
48846,53100
48846,125934
48846,128645
48846,47519
48846,49064
48846,39987
48846,67400
48846,45688
48846,138568
48846,4897
48846,46111
48846,38944
48846,77452
48846,129910
48846,1285
48848,1389
48848,67407
48848,123040
48848,60853
48848,62513
48848,45597
48848,91396
48848,128362
48848,53586
48848,74033
48848,37322
48848,131619
48848,9671
48848,49964
48848,126328
48848,10516
48848,48541
48849,2390
48849,112595
48849,121682
48849,136556
48849,109941
48849,83682
48849,82704
48849,54160
48849,3354
48849,21162
48849,95178
48849,129298
48849,124226
48849,116922
48849,43930
48849,21548
48849,72356
48849,11176
48849,1659
48849,133851
48849,18950
48849,136979
48849,31610
48849,72347
48849,13704
48849,88688
48849,125748
48849,62437
48849,56216
48849,15982
48849,1440
48849,22391
48852,80329
48852,111090
48852,22412
48852,120148
48852,91307
48852,2646
48852,44216
48852,122836
48852,6210
48853,78971
48853,33444
48853,125048
48853,37803
48853,136583
48853,12770
48853,27493
48853,1767
48853,94357
48853,131715
48853,28411
48853,135220
48853,77505
48853,83799
48853,23535
48853,108949
48853,65468
48853,30705
48853,101495
48853,13230
48853,125208
48853,26279
48853,12750
48853,125340
48853,129208
48853,43604
48853,30433
48853,50158
48853,133691
48853,127634
48853,68335
48857,9709
48857,7238
48857,82202
48857,91473
48857,507
48857,101790
48857,77768
48857,11007
48857,41959
48857,52508
48857,32411
48857,71006
48862,71111
48862,53436
48862,92300
48862,13389
48862,122145
48862,57103
48862,54591
48862,122140
48862,124733
48862,2885
48862,23555
48862,22475
48862,80051
48862,9413
48862,14778
48862,135790
48862,24778
48862,643
48862,22039
48862,48971
48862,28624
48862,96533
48862,53948
48862,30745
48862,109211
48862,129162
48862,95613
48862,36560
48862,77868
48862,18499
48862,46204
48864,69954
48864,82093
48864,12382
48864,123836
48864,140607
48864,10706
48864,65474
48864,40585
48864,85572
48864,1536
48864,51916
48864,56922
48864,123123
48864,131700
48864,76233
48864,9285
48864,24420
48864,51487
48864,59100
48864,108136
48867,23268
48867,105408
48867,7919
48867,15994
48867,126657
48867,126719
48867,36427
48867,90730
48867,56042
48867,70606
48867,125311
48867,60084
48867,61529
48867,64762
48867,138600
48867,31643
48867,74754
48867,10996
48867,135499
48867,53494
48867,70078
48867,70934
48867,35264
48867,30950
48867,32112
48867,38725
48867,6439
48867,7880
48867,78838
48867,23212
48867,44923
48867,69261
48868,136571
48868,132143
48868,49166
48868,113363
48868,34641
48868,93779
48868,84495
48868,10848
48868,128319
48868,38480
48868,71565
48868,53269
48868,72968
48868,1540
48868,111013
48868,113857
48868,61453
48868,41736
48868,72302
48868,45210
48868,27295
48868,8370
48868,74914
48868,10115
48868,67387
48868,39836
48868,86784
48868,12981
48868,18476
48868,106331
48868,49136
48868,69096
48869,74242
48869,40738
48869,37786
48869,130837
48869,86608
48869,80597
48869,84459
48869,61815
48869,40502
48869,20881
48869,33926
48869,75320
48869,124347
48869,117170
48869,11604
48869,38105
48869,47215
48869,17899
48869,106839
48869,1157
48869,71096
48869,108340
48869,17350
48869,48581
48869,34648
48869,103261
48869,78628
48869,95096
48869,138454
48869,42504
48869,104932
48869,112823
48869,43315
48869,128365
48871,21150
48871,140304
48871,28943
48871,48512
48871,2899
48871,35504
48871,115562
48871,58015
48871,82051
48871,25746
48871,68658
48871,51555
48871,112519
48871,114177
48871,51974
48871,90665
48871,54476
48871,51653
48871,28070
48871,45412
48871,55158
48871,5927
48871,12507
48871,90509
48871,51585
48871,52463
48871,125859
48871,3988
48871,50151
48871,100473
48871,31381
48871,12976
48872,124342
48872,137997
48872,116942
48872,37818
48872,14082
48872,35223
48872,70177
48872,104517
48872,90845
48872,131892
48872,77089
48872,114932
48872,134323
48872,78500
48872,38419
48872,24545
48872,49656
48872,134154
48872,60846
48872,68420
48872,59781
48872,77914
48872,102130
48872,29633
48872,57952
48872,38904
48872,90809
48872,125083
48874,96799
48874,7609
48874,675
48874,44636
48874,118432
48874,3172
48874,88547
48874,44963
48874,71982
48874,47019
48874,95908
48874,96587
48874,38532
48874,76683
48874,108755
48874,39719
48874,10294
48874,120476
48874,129537
48874,103667
48874,27739
48874,105634
48874,29804
48874,78620
48874,105525
48874,78413
48874,125140
48874,109862
48874,15455
48874,42553
48874,26792
48874,36190
48874,75754
48874,29777
48876,71475
48876,63677
48876,69972
48876,15378
48876,24799
48876,69195
48876,133249
48876,121028
48876,88720
48876,38350
48876,93598
48876,45988
48876,14631
48876,112472
48876,59168
48876,80107
48876,41059
48876,3059
48876,3911
48876,122108
48876,158
48876,110008
48876,117115
48876,31635
48876,95937
48876,71649
48876,9320
48876,64755
48876,59281
48876,74453
48876,105833
48876,118468
48877,128699
48877,68164
48877,28879
48877,139602
48877,105692
48877,87684
48877,98007
48877,102225
48877,3671
48877,45475
48877,30646
48877,59473
48877,133547
48877,102375
48877,82913
48877,126861
48877,49421
48877,85029
48877,21669
48877,56015
48877,71873
48877,71793
48877,13510
48877,54997
48877,109556
48877,35410
48877,101527
48877,60226
48877,123457
48877,10198
48878,39312
48878,120019
48878,100800
48878,111837
48878,31463
48878,10493
48878,82930
48878,11583
48878,93121
48878,100234
48878,85358
48878,128945
48878,139435
48878,60392
48878,35432
48878,99979
48878,32818
48878,53113
48878,33339
48878,100390
48879,22139
48879,78741
48879,34178
48879,78944
48879,47595
48879,131320
48879,99833
48879,123596
48879,50116
48879,49923
48879,59395
48879,118927
48879,130850
48879,81217
48879,123250
48879,55139
48879,6597
48879,84711
48879,42570
48879,108913
48879,70143
48879,85611
48879,113724
48879,101986
48879,38883
48879,7077
48882,112427
48882,130982
48882,6448
48882,7542
48882,54298
48882,70154
48882,24858
48882,72594
48882,22628
48882,45714
48882,95396
48882,53325
48882,11402
48882,23059
48882,36532
48882,12038
48882,45502
48882,3972
48883,138437
48883,113327
48883,8756
48883,40960
48883,31962
48883,125822
48885,42694
48885,108049
48885,81821
48885,118084
48885,68649
48885,50206
48885,97508
48885,62848
48885,93646
48885,56333
48885,84167
48885,134178
48885,48369
48885,86602
48885,108386
48885,99221
48885,20531
48885,100686
48885,986
48885,53590
48885,48925
48885,114006
48885,4287
48885,116710
48885,88377
48885,5687
48885,36855
48885,28313
48885,10855
48885,136349
48886,93547
48886,100633
48886,9264
48886,86149
48886,136175
48886,86335
48886,69881
48886,18177
48886,8780
48886,27589
48886,128357
48886,63909
48886,83442
48886,56079
48886,70497
48886,14551
48886,95335
48886,28207
48886,33657
48886,100024
48886,83459
48886,42306
48886,117026
48886,106017
48886,114024
48886,22167
48886,138228
48886,62307
48886,1097
48886,105005
48886,112194
48886,71845
48886,31840
48887,9373
48887,28689
48887,3601
48887,92942
48887,29830
48887,90821
48887,126477
48887,15928
48887,37162
48887,3973
48887,4419
48887,130664
48887,100545
48887,134557
48887,119050
48887,21329
48887,68226
48887,100468
48887,88336
48887,59830
48887,116270
48887,69040
48887,99
48887,89283
48887,34094
48887,127327
48887,40835
48887,132074
48887,103950
48887,29067
48889,13149
48889,101763
48889,107546
48889,101583
48889,113583
48889,128290
48890,95182
48890,59322
48890,7011
48890,22013
48890,37304
48890,68833
48890,79235
48890,31166
48890,72189
48890,88316
48890,62237
48890,131740
48890,15770
48890,110189
48890,31486
48890,79537
48890,48375
48890,43657
48890,25236
48890,8797
48890,102874
48890,90836
48890,77411
48890,62726
48890,97386
48890,103197
48892,8508
48892,138722
48892,14960
48892,92161
48892,44027
48895,38363
48895,51876
48895,134609
48895,134685
48895,6838
48895,80393
48895,94534
48895,49656
48895,68420
48895,134154
48895,110263
48895,126968
48895,68777
48895,133661
48895,64169
48895,66253
48895,138106
48895,57952
48895,16131
48895,71026
48896,125713
48896,135475
48896,126930
48896,127076
48896,96701
48896,22563
48896,26298
48896,135950
48896,96565
48896,94707
48896,68131
48896,136716
48896,81372
48896,9231
48896,7480
48896,50423
48896,41165
48896,9519
48896,77848
48896,61229
48896,19553
48896,33249
48896,97138
48896,10664
48896,32997
48896,85350
48896,81784
48896,13198
48897,50930
48897,138935
48897,97575
48897,88483
48897,80043
48897,83658
48897,55613
48897,106781
48897,26000
48897,76753
48897,131533
48897,26131
48897,115539
48897,26946
48898,64519
48898,114895
48898,131909
48898,52603
48898,104192
48898,55273
48898,34185
48898,84018
48898,86407
48898,27063
48898,96769
48898,138705
48898,20263
48898,57694
48898,23077
48898,9403
48898,35154
48898,35459
48898,114815
48898,129096
48898,67849
48898,136699
48898,78896
48898,53217
48898,730
48898,44570
48898,83988
48898,74164
48898,64296
48898,30721
48898,71704
48898,117370
48899,57997
48899,59779
48899,32625
48899,40974
48899,35245
48899,52838
48899,127482
48899,104087
48899,23697
48899,19731
48899,8212
48899,40629
48899,48090
48899,12248
48899,11066
48899,36029
48899,24996
48899,32243
48899,56417
48899,88345
48899,44693
48899,9253
48899,44497
48902,72503
48902,17460
48902,33428
48902,36763
48902,135426
48902,88613
48902,39505
48902,20737
48902,98689
48902,70312
48902,57010
48902,73888
48902,36202
48902,16308
48902,75260
48902,94032
48902,13705
48902,131951
48902,62649
48902,67291
48902,131436
48902,72839
48902,107535
48902,126249
48902,13067
48902,8206
48903,66945
48903,104
48903,33737
48903,46751
48903,125173
48903,127299
48903,73811
48903,18237
48903,5365
48903,76778
48903,79032
48903,135671
48903,47640
48903,90262
48903,31834
48903,81631
48903,102133
48903,26365
48904,29293
48904,106265
48904,19507
48904,71985
48904,37708
48904,126411
48904,65384
48904,136871
48904,2842
48904,140296
48904,36172
48904,79462
48904,33924
48904,135610
48904,89456
48904,56208
48904,104293
48904,107074
48904,56143
48904,51530
48904,54107
48904,7649
48904,61392
48904,4326
48904,76879
48904,81047
48904,21132
48906,106561
48906,60898
48906,58838
48906,106910
48906,106230
48906,112799
48906,79596
48906,78725
48906,55148
48906,127988
48906,7377
48906,92202
48906,37749
48906,11462
48906,140087
48906,41400
48906,100105
48906,104528
48906,109877
48906,64620
48906,107100
48906,67281
48906,130175
48906,40040
48906,57125
48906,36784
48906,109048
48906,40048
48906,31272
48906,15001
48906,11631
48906,42171
48906,31962
48906,117884
48906,101598
48908,24863
48908,91759
48908,42087
48908,87513
48908,90963
48908,138559
48908,116308
48908,96371
48908,8660
48908,41841
48908,19538
48908,40083
48908,55286
48908,135389
48908,139809
48908,67653
48908,84110
48908,129983
48908,75447
48908,114250
48908,62638
48908,104006
48908,89334
48908,65642
48908,96039
48908,76130
48908,46418
48908,86912
48908,26127
48908,117252
48908,125995
48908,11683
48908,136135
48908,117673
48909,136972
48909,130336
48909,37088
48909,111432
48909,98216
48909,32108
48909,129843
48909,72670
48909,120535
48909,59729
48909,61512
48909,101276
48909,106894
48909,105753
48909,90086
48909,40804
48909,53930
48909,90649
48909,91169
48909,135168
48909,20689
48909,62382
48909,132285
48909,33831
48909,1249
48909,102315
48909,16144
48909,37182
48909,87339
48909,105617
48909,89721
48909,45331
48909,100312
48910,138908
48910,36057
48910,23819
48910,97244
48910,65207
48910,115525
48910,15030
48910,60746
48910,30528
48910,9027
48910,46951
48910,85978
48910,9440
48910,51980
48910,123699
48910,130646
48910,34026
48910,40209
48910,58600
48910,115234
48910,75809
48910,118666
48910,103036
48910,58094
48910,36183
48910,72122
48910,59389
48910,16128
48910,56761
48910,78814
48910,134406
48912,31951
48912,140601
48912,16477
48912,3599
48912,57428
48912,63132
48912,135420
48912,33233
48912,93276
48912,81598
48912,37823
48912,22859
48912,86930
48912,119042
48912,66541
48912,128890
48912,64336
48912,31724
48912,49822
48912,103417
48912,58783
48912,130558
48912,50184
48912,101865
48912,122129
48912,131935
48912,112060
48912,112876
48912,38759
48912,116304
48914,134152
48914,50435
48914,43718
48914,104504
48914,32516
48914,27115
48914,118182
48914,23350
48914,50408
48914,28229
48914,52119
48914,80502
48914,133682
48914,2053
48914,62003
48914,60050
48914,10719
48914,57469
48914,109021
48914,118465
48914,76534
48914,45609
48914,119536
48914,30304
48914,53917
48914,101926
48914,78215
48914,106919
48914,16149
48914,93539
48914,49789
48916,72709
48916,5358
48916,21579
48916,58946
48916,15997
48916,50404
48916,116881
48916,69956
48916,99393
48916,63985
48916,87886
48916,84604
48916,41677
48916,69610
48916,10050
48916,36111
48916,139419
48916,50583
48916,106562
48916,43313
48916,41406
48916,61955
48916,137469
48916,78133
48916,45706
48916,32080
48916,50409
48916,58603
48916,4469
48919,69670
48919,89878
48919,7032
48919,13139
48919,41484
48919,50554
48919,132490
48919,40286
48919,11957
48919,97704
48920,131207
48920,132515
48920,120489
48920,95992
48920,134057
48920,107859
48920,87144
48920,123177
48920,39219
48920,37883
48920,22841
48920,128938
48920,11859
48920,35461
48920,120230
48920,67936
48920,4113
48920,79407
48920,118900
48920,138761
48920,28267
48920,26743
48920,110332
48920,127088
48920,50307
48920,11912
48920,55316
48920,17685
48920,57893
48920,23801
48920,36156
48920,113787
48921,14336
48921,113051
48921,66013
48921,71380
48921,124277
48921,52908
48921,110728
48921,37628
48921,31400
48921,8894
48921,15715
48921,7861
48921,139675
48921,12097
48921,83874
48921,59587
48921,14523
48921,118456
48921,111546
48921,33074
48921,59730
48921,110592
48921,61253
48921,26355
48921,80151
48921,8159
48921,98107
48921,135188
48921,113143
48921,99596
48921,16827
48921,25095
48921,50720
48923,52269
48923,268
48923,79424
48923,7807
48923,44358
48923,14938
48923,67777
48923,25927
48923,50888
48923,117736
48923,84810
48923,42409
48923,102915
48923,54626
48923,3334
48923,47522
48923,105985
48923,131322
48923,116876
48923,24977
48923,24491
48923,48929
48923,22258
48923,53423
48923,112521
48923,62570
48923,28396
48923,92688
48927,30949
48927,11991
48927,94188
48927,71373
48927,8343
48927,820
48927,9252
48927,54705
48927,130029
48927,119580
48927,58735
48927,6087
48927,96091
48927,68994
48927,13317
48927,65270
48927,52819
48927,114820
48927,139250
48927,78919
48927,108184
48927,117931
48927,87660
48927,127957
48927,122668
48927,81636
48927,35919
48927,91645
48927,63256
48927,47607
48927,46569
48927,42106
48927,120152
48927,118993
48927,134910
48928,94127
48928,105787
48928,90139
48928,35962
48928,104817
48930,81489
48930,10595
48930,116406
48930,132991
48930,81760
48930,122187
48930,43321
48930,109684
48930,106196
48930,8004
48930,403
48930,91102
48930,131393
48930,7627
48930,123355
48930,82074
48930,38168
48930,75348
48930,777
48930,66428
48930,26274
48930,130586
48930,64004
48930,108946
48930,2632
48930,73537
48930,115134
48930,87362
48930,37198
48931,43575
48931,9768
48931,57948
48931,46527
48931,69256
48931,17478
48931,69420
48931,118410
48931,115263
48931,48658
48933,32752
48933,135423
48933,162
48933,21708
48933,130559
48933,71174
48933,34241
48933,52203
48933,38898
48933,112422
48933,95085
48933,21344
48933,41066
48933,117509
48933,122060
48933,26006
48933,83043
48933,8409
48933,104257
48933,18255
48933,17880
48933,16745
48933,98860
48933,20969
48933,87006
48933,102633
48933,117793
48933,30261
48933,69364
48933,49959
48933,107404
48934,80994
48934,72396
48934,44872
48934,61194
48934,97358
48935,45118
48935,135449
48935,131385
48935,2334
48935,79876
48935,115087
48935,4872
48935,35587
48935,80183
48935,93471
48935,136630
48935,78608
48935,9218
48935,101574
48935,72283
48935,50740
48937,120931
48937,94716
48937,126169
48937,111345
48937,35258
48937,44320
48937,62815
48937,91908
48937,137173
48937,124446
48937,19616
48937,31748
48937,10748
48937,33741
48937,23182
48937,35321
48937,119868
48937,103276
48937,118550
48937,94447
48937,52671
48937,28888
48937,129212
48937,14090
48937,74072
48937,48601
48937,73763
48937,102120
48937,31801
48937,2290
48937,87461
48937,104388
48937,80654
48941,33103
48941,137919
48941,123220
48941,2427
48941,74181
48941,26874
48941,94911
48941,127066
48941,132453
48941,26226
48941,45328
48941,71526
48941,99909
48941,28798
48941,102562
48941,46048
48941,105432
48941,15574
48941,62779
48941,23139
48941,92835
48941,102583
48941,49231
48941,31383
48941,34762
48941,110578
48941,80212
48941,53901
48941,58092
48941,4066
48942,103684
48942,55589
48942,100905
48942,100774
48942,16443
48942,49470
48942,58192
48942,69245
48942,97095
48942,52360
48942,114510
48942,138813
48942,132995
48942,69077
48942,108756
48942,102607
48942,125424
48942,94859
48942,13293
48942,54308
48942,61339
48942,122081
48942,55031
48942,10271
48942,42231
48942,57871
48942,39229
48943,20271
48943,123960
48943,125699
48943,129771
48943,119683
48943,23699
48943,13739
48943,15225
48943,14274
48943,70665
48943,11669
48943,99532
48943,59357
48943,31434
48943,100720
48943,124688
48943,30185
48944,37543
48944,37124
48944,20295
48944,62726
48944,1495
48944,48522
48944,107909
48944,31486
48944,25236
48944,38837
48944,12357
48944,66803
48944,79537
48944,27142
48944,31166
48944,88316
48944,42011
48944,59322
48944,55050
48944,62237
48944,79235
48944,110189
48944,37304
48944,72189
48944,90836
48944,68833
48944,43611
48944,102874
48944,113761
48944,85321
48944,83364
48944,67724
48944,39329
48945,120679
48945,115950
48945,103646
48945,64539
48945,97327
48945,55685
48945,101044
48945,48279
48945,73742
48945,112728
48945,54736
48945,55770
48945,125402
48945,13920
48945,4956
48945,14954
48945,120538
48945,10699
48945,77476
48945,69713
48945,37127
48945,26730
48945,123769
48945,118553
48945,9201
48945,82344
48945,122247
48945,134319
48945,64928
48945,17425
48946,137997
48946,21018
48946,24545
48946,124342
48946,116942
48946,37818
48946,77089
48946,131892
48946,114932
48946,104517
48946,90845
48946,70177
48946,59781
48946,60846
48946,77914
48946,14082
48946,26248
48946,49656
48946,134154
48946,35223
48946,38419
48946,40279
48946,90809
48946,68420
48946,125083
48946,60468
48946,122112
48946,59657
48946,77795
48946,117294
48946,94455
48946,46274
48947,8629
48947,72231
48947,48082
48947,41228
48947,110561
48947,59443
48947,138295
48947,90992
48947,85700
48947,97385
48947,75000
48947,139239
48947,124452
48947,89353
48947,124148
48947,110415
48947,95651
48947,86698
48947,126463
48947,83947
48947,4649
48947,5996
48947,129554
48947,115013
48947,4202
48947,58146
48947,59646
48947,96141
48947,139739
48947,15026
48947,122913
48948,56655
48948,68378
48948,135711
48948,120469
48948,114788
48948,88644
48948,89427
48948,91854
48948,47287
48948,111478
48948,52676
48948,125420
48948,134115
48948,3335
48948,29228
48948,129832
48948,72925
48948,65911
48948,64882
48948,3
48948,19740
48948,40371
48948,12587
48948,103010
48948,71843
48948,51058
48948,137503
48948,84316
48948,126238
48948,100213
48948,133017
48948,71020
48948,123053
48948,68128
48949,14186
48949,109879
48949,121561
48949,15610
48949,63431
48949,140384
48950,5540
48950,55440
48950,60339
48950,619
48950,77625
48950,8076
48950,112967
48950,83409
48950,88675
48950,45183
48950,27466
48950,47066
48950,71954
48950,132767
48950,107199
48950,137833
48950,33169
48950,93519
48950,118689
48950,23795
48950,82536
48950,89961
48950,34741
48950,22164
48950,64538
48950,117163
48950,72497
48950,52345
48950,48993
48950,12864
48950,16758
48950,86925
48951,137547
48951,19767
48951,66053
48951,9209
48951,50591
48951,103083
48951,133770
48951,54933
48951,137623
48951,30811
48951,110677
48952,107690
48952,33783
48952,60250
48952,10886
48952,56632
48952,55974
48952,6256
48952,48095
48952,124594
48952,5450
48952,120131
48952,83154
48952,135612
48952,17748
48952,59671
48952,88895
48952,86532
48952,129056
48952,59046
48952,7700
48952,96159
48952,88998
48952,35685
48952,28152
48952,4038
48952,121960
48952,62668
48952,54342
48954,57690
48954,111719
48954,38658
48954,100585
48954,89878
48954,38161
48954,132045
48954,102251
48954,248
48954,88671
48954,65782
48954,130414
48954,95078
48954,42755
48954,119805
48954,132490
48954,109309
48954,7276
48954,83831
48954,33815
48954,78841
48954,98465
48954,97704
48954,100437
48954,52851
48954,125254
48954,12005
48954,31768
48955,21219
48955,33138
48955,3271
48955,139776
48955,69680
48955,84767
48955,33683
48955,79044
48955,64610
48955,73141
48955,27421
48955,81798
48955,41867
48955,35956
48955,75631
48955,48937
48955,7670
48955,74804
48955,11690
48955,59263
48955,54080
48955,120624
48955,100255
48955,14798
48955,110600
48955,126864
48955,41552
48955,58859
48955,119251
48955,132055
48955,2933
48956,47249
48956,13015
48956,89641
48956,40933
48956,93917
48956,95142
48956,16665
48956,10815
48956,41041
48956,107705
48956,21568
48956,35269
48956,127056
48956,42248
48956,112142
48956,109575
48956,67877
48956,88244
48956,31666
48956,13128
48956,25834
48956,108981
48956,66310
48956,40870
48956,102715
48956,75684
48956,47818
48956,124184
48956,12496
48956,95752
48956,88948
48956,57768
48960,82897
48960,103908
48960,19807
48960,131350
48960,14912
48960,100748
48960,67140
48960,99844
48960,53266
48960,134845
48960,125744
48960,30435
48960,98347
48960,99219
48960,18410
48960,100664
48960,97432
48960,61946
48960,112871
48960,81804
48960,90254
48960,72508
48960,139165
48960,39526
48960,8134
48960,67619
48960,129643
48960,7432
48962,128198
48962,130588
48962,131949
48962,136488
48962,138685
48962,59363
48962,9143
48962,3122
48962,65243
48962,7648
48962,126365
48962,136320
48962,26109
48962,55548
48962,37059
48962,36624
48962,21416
48962,66838
48962,107149
48962,134427
48962,99465
48962,45739
48962,68011
48962,116604
48962,93204
48962,23924
48962,139981
48963,38842
48963,114863
48963,14444
48963,55605
48963,8948
48963,26763
48963,33333
48963,79899
48963,92136
48963,34435
48963,5205
48963,67507
48963,18838
48963,92423
48963,38369
48963,78990
48963,7776
48963,56546
48965,81489
48965,21835
48965,403
48965,11294
48965,7627
48965,87595
48965,106196
48965,2632
48965,123355
48965,64004
48965,20745
48965,60267
48965,362
48965,26274
48965,38168
48967,44360
48967,80424
48967,128048
48967,39859
48967,89299
48967,70370
48967,121481
48967,589
48967,109933
48967,41628
48967,107472
48967,107563
48967,106787
48967,31852
48967,50825
48967,137675
48967,85112
48967,6039
48967,57477
48967,15454
48967,63253
48967,99085
48967,56188
48967,53912
48967,82411
48967,128579
48967,119167
48967,124644
48967,89439
48967,89765
48967,76143
48967,24143
48968,55613
48968,63778
48968,106186
48968,73613
48968,138935
48968,47573
48968,44090
48968,49548
48968,97575
48968,50349
48968,78179
48968,85011
48968,106781
48968,26000
48968,97600
48968,63393
48968,1933
48968,75711
48968,3409
48968,72458
48968,22079
48968,22832
48968,41626
48968,12056
48968,71969
48968,19352
48968,66028
48970,1435
48970,103405
48970,113300
48970,60073
48970,139669
48970,72693
48970,64587
48970,79579
48970,66158
48970,94539
48970,132846
48970,113938
48970,87695
48970,63987
48970,88756
48970,20110
48970,108788
48970,80049
48970,91377
48970,17829
48970,77186
48970,37804
48970,25265
48970,11391
48970,101684
48970,9347
48970,129452
48970,69284
48970,97007
48970,104696
48970,24079
48970,82783
48970,102787
48973,50775
48973,100531
48973,75111
48973,13289
48973,87602
48973,16293
48973,103053
48973,85087
48973,2493
48973,99143
48973,122109
48973,80636
48973,94254
48973,43927
48973,95197
48973,126760
48973,97525
48973,71042
48973,37570
48973,65061
48973,53288
48973,34183
48973,88782
48973,34409
48973,6286
48973,67591
48973,54002
48973,96997
48973,47908
48973,36487
48973,109588
48973,136105
48973,66931
48973,39778
48975,13674
48975,107846
48975,45896
48975,118766
48975,23552
48975,85430
48975,24519
48975,92927
48975,42265
48975,22471
48975,100081
48975,65704
48975,21443
48975,81720
48975,139719
48975,32114
48975,13019
48975,88778
48975,131203
48975,122582
48975,67949
48975,68601
48975,70838
48975,5961
48975,560
48975,127861
48975,47556
48975,10418
48975,45410
48975,135726
48975,91620
48975,68206
48975,108213
48980,342
48980,26662
48980,66856
48980,38373
48980,134716
48980,115743
48980,31759
48980,56106
48980,98384
48980,25378
48980,138796
48980,75812
48980,137936
48980,38614
48980,106194
48980,31283
48980,959
48980,108237
48980,17133
48980,80218
48980,80150
48980,116270
48980,134557
48980,34540
48980,53962
48980,38451
48980,118476
48980,40835
48980,83241
48980,21329
48981,2137
48981,129046
48981,133833
48981,90066
48981,105125
48981,139170
48981,81420
48981,73600
48981,91280
48981,121540
48981,65379
48981,125517
48981,99369
48981,16092
48981,64286
48981,86374
48981,87013
48981,40202
48981,85061
48981,72749
48981,30333
48981,111982
48981,1835
48981,52235
48981,140809
48981,102215
48981,67152
48981,41907
48981,111080
48981,85502
48981,17881
48981,119128
48986,30124
48986,93580
48986,93404
48986,38306
48986,63351
48986,32750
48986,126286
48986,114879
48986,137967
48986,65726
48986,86449
48986,31993
48986,97654
48986,32188
48986,25565
48986,123515
48986,28041
48986,62527
48986,32113
48986,50234
48986,135219
48986,53445
48986,98565
48986,85261
48986,105243
48986,122432
48986,138312
48987,79140
48987,137558
48987,79417
48987,82933
48987,127863
48987,95093
48987,118638
48987,52775
48987,26141
48987,78478
48987,85458
48987,109689
48987,44865
48987,115684
48987,103316
48988,34942
48988,75941
48988,119824
48988,70811
48988,74838
48988,107351
48988,75467
48988,106439
48988,90987
48988,116497
48988,10819
48988,119772
48988,50949
48988,20634
48988,60878
48988,63053
48988,76743
48988,34967
48988,7410
48988,29138
48988,53720
48988,24504
48988,74998
48988,65690
48988,106455
48988,81992
48988,109377
48988,134977
48988,117317
48988,90135
48991,46399
48991,131101
48991,86229
48991,103870
48991,106644
48991,14379
48991,71123
48991,8944
48991,3587
48991,64133
48991,84584
48991,5893
48991,98836
48991,27010
48992,31123
48992,131607
48992,93357
48992,80377
48992,102347
48992,113830
48992,20563
48992,131106
48992,28878
48992,99489
48992,130028
48992,98884
48992,18026
48992,79749
48992,8729
48992,26203
48992,2323
48992,114196
48992,114399
48992,126567
48992,1110
48992,4598
48992,57594
48992,119238
48992,79014
48992,32919
48993,85184
48993,67278
48993,25577
48993,55901
48993,57669
48993,58604
48993,82878
48993,118823
48993,133167
48993,65636
48993,31999
48993,94997
48993,76444
48993,25217
48993,38338
48994,44493
48994,25827
48994,86107
48994,76226
48994,69392
48994,41225
48994,82767
48994,6559
48994,21219
48994,96753
48994,11976
48994,208
48994,66464
48994,124751
48994,27853
48994,124845
48994,8903
48994,2037
48994,58845
48994,69730
48994,64115
48994,58568
48994,69226
48994,39486
48994,92368
48994,52669
48994,99161
48994,106484
48994,127898
48994,131346
48994,120586
48994,25069
48994,43183
48997,100223
48997,61745
48997,90283
48997,65425
48997,14955
48997,129378
48997,69671
48997,41992
48997,44600
48997,41277
48997,88740
48997,136922
48997,133133
48997,16148
48997,106177
48997,28576
48997,79010
48997,82153
48997,90298
48997,138896
48997,76288
48997,104759
48997,117933
48997,63443
48997,25731
48997,96702
48997,128614
48997,126154
48997,130894
48997,99032
48997,52569
48997,55943
48997,124207
48997,62704
48998,31486
48998,22013
48998,59322
48998,42011
48998,27142
48998,107909
48998,48522
48998,1495
48998,23721
48998,62237
48998,62726
48998,38837
48998,9894
48998,137685
48998,37304
48998,102874
48998,68833
48998,110189
48998,43657
48998,77411
48998,88316
48998,31166
48998,55050
48998,66803
48998,79235
48998,43611
48998,118976
48998,85321
48998,113761
48998,47769
48998,39329
48998,67724
48999,125262
48999,64184
48999,73669
48999,26097
48999,26907
48999,7513
48999,48741
48999,96912
49002,66330
49002,76558
49002,93349
49002,107332
49002,13584
49002,99730
49002,119520
49002,57859
49002,80907
49002,70865
49002,59160
49002,80345
49002,97864
49002,87045
49002,68466
49002,118845
49002,6584
49003,124166
49003,419
49003,31359
49003,85065
49003,84526
49003,119127
49003,116455
49003,79953
49003,1535
49003,136025
49003,131901
49003,65100
49003,98359
49003,137042
49003,56064
49003,108433
49003,95369
49003,28818
49003,69489
49003,98557
49003,88553
49003,225
49003,111435
49003,46505
49003,111831
49003,74298
49003,91687
49003,117751
49003,131344
49003,80251
49003,77465
49003,39748
49004,136008
49004,75840
49004,121066
49004,41761
49004,38918
49004,4352
49004,39932
49004,121744
49004,23690
49004,90662
49004,75654
49004,94855
49004,14534
49004,76822
49004,41098
49004,98914
49004,81192
49004,64809
49004,88894
49004,11569
49004,136133
49004,108782
49004,131802
49004,67817
49004,126958
49004,52693
49004,132400
49004,83616
49004,134718
49004,119004
49004,63467
49004,136766
49004,40978
49005,29953
49005,82394
49005,17253
49005,96099
49005,100586
49005,67813
49005,115048
49005,34873
49005,11284
49005,99806
49005,48230
49005,5847
49005,40380
49005,113586
49005,66829
49005,90879
49005,40442
49005,67887
49005,108963
49005,12912
49005,3046
49005,21062
49005,22700
49005,133165
49005,372
49005,86629
49005,69688
49005,27855
49005,2733
49005,88899
49005,26507
49005,70196
49008,40843
49008,42659
49008,90271
49008,115240
49008,33880
49008,53092
49008,44718
49008,138981
49008,29552
49008,63175
49008,132355
49008,12371
49008,127307
49008,94355
49008,123649
49008,120041
49008,117306
49008,2964
49008,119611
49008,36216
49008,136582
49008,86150
49008,17718
49008,91606
49008,77847
49008,118293
49008,99017
49008,47883
49008,47801
49008,71783
49009,41320
49009,9660
49009,14695
49009,20873
49009,7576
49009,100041
49009,41146
49009,2452
49009,63886
49009,74839
49009,140772
49009,63948
49009,71498
49009,8109
49009,59818
49009,103435
49009,65183
49009,72371
49009,81401
49009,26595
49012,114418
49012,44555
49012,90688
49012,64257
49012,116481
49012,4162
49012,8632
49012,118646
49012,78419
49012,43559
49012,132592
49012,113826
49012,83754
49012,58653
49012,17928
49012,139523
49012,10847
49012,138426
49012,32350
49012,85706
49012,53574
49012,112188
49012,71987
49012,132926
49014,124342
49014,116942
49014,21018
49014,77089
49014,37818
49014,24545
49014,104517
49014,134323
49014,59781
49014,60846
49014,131892
49014,70177
49014,40279
49014,14082
49014,38419
49014,49656
49014,134154
49014,90845
49014,114932
49014,26248
49014,102130
49014,77795
49014,60468
49014,78500
49014,122112
49014,59657
49014,90809
49014,38904
49014,68420
49014,125083
49014,46274
49014,94455
49015,43966
49015,41585
49015,133729
49015,13878
49015,79534
49015,111356
49015,42875
49015,11414
49015,74276
49015,77109
49015,18859
49015,131345
49015,38846
49015,125611
49015,92698
49015,44197
49015,9522
49015,13155
49015,41368
49015,137592
49015,37788
49015,127831
49015,31945
49015,18569
49015,121665
49015,40463
49015,31442
49015,99894
49015,35043
49015,33163
49015,135195
49015,117347
49015,68783
49021,18873
49021,60785
49021,67489
49021,2771
49021,83351
49021,43830
49021,87698
49021,59017
49021,105640
49021,96926
49021,134836
49021,19005
49021,30851
49021,440
49021,59976
49021,12609
49021,45395
49021,64108
49021,70726
49021,122622
49021,100924
49021,133599
49021,128734
49021,33439
49021,14669
49021,21708
49021,55145
49021,16745
49021,58030
49021,99970
49021,104257
49023,71594
49023,29498
49023,38585
49023,23977
49023,117224
49023,70444
49023,139931
49023,139677
49023,14130
49023,47030
49023,124025
49023,117777
49023,35199
49023,46021
49023,138200
49023,21951
49023,68036
49023,72830
49023,75974
49023,69999
49023,29551
49023,70301
49023,117691
49023,52185
49023,105582
49023,275
49023,77719
49023,11194
49023,124122
49023,8164
49023,34447
49024,120986
49024,1628
49024,103508
49024,5569
49024,39422
49024,73549
49024,121067
49027,130457
49027,129638
49027,125840
49027,8929
49027,26858
49027,43300
49027,132257
49027,93955
49027,46365
49027,16737
49027,95659
49027,7057
49027,55590
49027,94283
49027,34077
49027,131087
49027,15981
49027,28355
49027,113789
49027,33718
49027,127091
49027,60067
49027,74695
49027,43070
49029,100047
49029,73886
49029,83334
49029,82319
49029,6523
49029,8687
49029,113293
49029,62243
49029,7799
49029,104634
49029,137148
49029,78590
49029,48284
49029,101112
49029,117242
49029,40008
49029,9101
49029,57482
49029,35547
49029,136005
49029,30020
49029,105604
49029,117114
49029,104085
49029,75670
49029,33060
49029,12781
49029,5722
49029,56746
49029,24820
49029,119644
49029,32695
49029,51794
49029,137955
49030,18334
49030,48014
49030,27377
49030,53838
49030,13670
49030,109086
49030,113980
49030,14756
49030,22693
49030,26936
49030,98762
49030,118712
49031,41562
49031,49561
49031,70677
49031,114169
49031,34391
49031,103941
49031,6238
49031,116646
49031,58860
49031,59493
49031,39094
49031,34931
49031,37513
49031,36272
49031,106260
49031,32187
49031,23140
49031,80820
49031,65765
49031,132401
49031,52492
49031,111629
49031,8757
49032,14780
49032,47954
49032,46571
49032,101002
49032,116019
49032,60745
49032,42782
49032,132818
49032,69469
49032,16788
49032,15804
49032,134732
49033,28812
49033,18007
49033,56176
49033,24925
49033,17144
49033,87481
49033,130916
49033,138913
49033,61072
49033,46293
49033,136335
49033,118420
49033,139173
49033,18384
49036,38018
49036,32061
49036,130398
49036,92960
49036,46854
49036,26145
49037,37124
49037,102874
49037,62726
49037,31486
49037,66803
49038,47776
49038,19305
49038,65175
49038,115926
49038,122180
49038,10426
49038,24174
49038,120259
49038,30857
49038,54030
49038,110985
49038,100053
49038,71000
49038,3987
49038,58497
49038,38516
49038,121004
49038,107381
49038,103464
49038,64163
49038,28737
49038,126880
49038,29192
49038,84425
49038,61199
49038,130738
49038,132761
49039,95182
49039,66803
49039,42011
49039,1495
49039,107909
49039,48522
49039,23721
49039,31486
49039,62726
49039,38837
49039,103807
49039,12357
49039,72189
49039,110189
49039,43657
49039,27142
49039,10177
49039,85321
49039,130173
49039,102874
49039,113761
49039,25236
49039,22013
49039,83364
49039,8797
49039,47270
49039,67724
49039,14530
49039,39329
49039,78694
49039,64602
49039,115848
49040,107431
49040,9415
49040,74010
49040,52686
49040,99752
49040,74214
49040,53251
49040,85670
49040,15504
49040,27663
49040,77670
49040,93307
49040,116116
49040,36595
49040,109015
49043,35543
49043,42766
49043,41808
49043,66798
49043,27350
49043,87248
49043,41280
49043,22744
49043,126445
49043,90287
49043,127377
49043,55047
49043,92828
49043,44126
49043,102205
49043,1564
49043,62189
49043,29395
49043,130704
49043,139555
49043,67945
49043,124494
49043,4606
49043,82768
49044,98810
49044,19183
49044,103675
49044,139118
49044,129109
49044,140685
49044,10758
49044,106216
49044,63662
49044,111744
49044,17305
49044,70622
49044,57977
49044,139811
49044,104719
49044,4822
49044,34290
49044,92855
49044,59108
49044,43413
49044,120916
49044,125269
49044,130025
49044,88696
49044,47422
49044,65792
49044,20417
49044,103539
49044,20111
49044,65979
49045,91823
49045,123615
49045,27418
49045,104647
49045,83150
49045,47496
49045,97543
49045,81445
49045,84158
49045,89620
49045,106164
49045,33794
49045,58021
49045,90173
49045,99184
49045,138955
49045,28575
49045,45865
49045,81205
49045,41941
49045,58190
49045,112175
49045,46857
49045,132259
49045,20447
49047,55114
49047,30200
49047,10109
49047,140673
49047,92553
49047,90495
49047,44305
49047,134621
49047,94612
49047,92037
49047,26934
49047,94491
49047,30547
49047,92187
49047,137375
49047,112008
49047,68241
49047,124857
49047,6031
49047,68506
49047,105690
49047,22684
49047,101042
49047,86086
49047,129812
49047,103511
49047,10053
49047,71364
49047,34275
49047,129703
49047,77805
49047,129085
49047,127738
49048,62463
49048,65752
49048,104208
49048,39476
49048,57528
49048,124158
49048,66503
49048,3705
49048,108363
49048,37720
49048,79069
49048,60186
49048,452
49048,131803
49048,29486
49048,31042
49048,102608
49048,15746
49048,123825
49048,119663
49048,98608
49048,2191
49048,43094
49048,117853
49048,85207
49048,94075
49048,36546
49048,71370
49048,63845
49048,42703
49048,77970
49048,102816
49048,27391
49048,56084
49049,53547
49049,98106
49049,19743
49049,59081
49049,6427
49049,17105
49049,98938
49049,103353
49049,81465
49049,54818
49049,13668
49049,28818
49049,69489
49049,2990
49049,105701
49049,4256
49049,109650
49049,18635
49049,113624
49049,115213
49049,37093
49049,111831
49049,8289
49049,108433
49049,137042
49049,14041
49049,46505
49052,77192
49052,131410
49052,94837
49052,66829
49052,57385
49052,63454
49052,42013
49052,108658
49052,119306
49052,136917
49052,105570
49052,136287
49052,92749
49052,12167
49052,117232
49052,121285
49052,95519
49052,63848
49052,82151
49052,21062
49052,43987
49052,78541
49052,99360
49052,128115
49052,56111
49052,46288
49052,103037
49052,3674
49052,29006
49052,123424
49052,133134
49052,126157
49053,21733
49053,97513
49053,104276
49053,130375
49053,92921
49053,128620
49053,37256
49053,81228
49053,30566
49053,60653
49053,85708
49053,68356
49053,75725
49053,91889
49053,17537
49053,37636
49053,89617
49053,77650
49053,140251
49053,47046
49053,134782
49053,12948
49053,57281
49053,13018
49053,108959
49053,107657
49053,41857
49053,95906
49053,120261
49053,88199
49053,86514
49053,104415
49053,73429
49055,139021
49055,106807
49055,101144
49055,5872
49055,115059
49055,126458
49055,35407
49055,81316
49055,104469
49055,83404
49055,133389
49055,12222
49055,75837
49055,35006
49055,107439
49055,84533
49055,12196
49055,135657
49055,33352
49055,106798
49055,22664
49055,28829
49055,29887
49055,53278
49055,75475
49055,85150
49055,117493
49055,64158
49055,93008
49055,126511
49055,136203
49056,37124
49056,20295
49056,43657
49056,95182
49056,27142
49056,48375
49056,62726
49056,31486
49056,1495
49056,107909
49056,21470
49056,79537
49056,38837
49056,62237
49056,22013
49056,23721
49056,77411
49056,66803
49056,85321
49056,90377
49056,37304
49056,102874
49056,110189
49056,47769
49056,25985
49056,64602
49056,94699
49056,78694
49056,37726
49056,1561
49056,115848
49056,136042
49058,10585
49058,58060
49058,130499
49058,100171
49058,64547
49058,84378
49058,79329
49058,63097
49058,87270
49058,18018
49058,46291
49058,37128
49058,85765
49058,44224
49058,123370
49058,93595
49058,58072
49058,6413
49058,52445
49058,48384
49058,65769
49058,45808
49058,75764
49058,69967
49058,120781
49060,3706
49060,17894
49060,117280
49060,61580
49060,126246
49060,35472
49060,10571
49060,117710
49060,13905
49060,103225
49062,56184
49062,55772
49062,52750
49062,40376
49062,129841
49062,6152
49062,43521
49062,1893
49062,32065
49062,95774
49062,32502
49062,38150
49062,121718
49062,136885
49062,59507
49062,24400
49062,1252
49062,96170
49065,130839
49065,45219
49065,5408
49065,100042
49065,2190
49065,4050
49065,64161
49065,112393
49065,122775
49065,66136
49065,56067
49065,69890
49065,132885
49068,49121
49068,138857
49068,2485
49068,127762
49068,66795
49069,81901
49069,98257
49069,33238
49069,64923
49069,72109
49069,47589
49069,93677
49069,9382
49069,4808
49069,102934
49069,39412
49069,90823
49069,24995
49069,86788
49069,106707
49069,114482
49069,124214
49069,48413
49069,103672
49069,98855
49069,109082
49069,90435
49069,90598
49069,46555
49069,72775
49069,64030
49069,47485
49069,139217
49069,6248
49069,78846
49069,83037
49072,2088
49072,125094
49072,112752
49072,17447
49072,90861
49072,139298
49072,21226
49072,18933
49072,110951
49072,12516
49072,96728
49072,11762
49072,130253
49072,87300
49072,10148
49072,105552
49072,19790
49072,75177
49072,23609
49075,79318
49075,80833
49075,19469
49075,110300
49075,137301
49075,23723
49075,125557
49075,95434
49075,61639
49075,38164
49075,9959
49075,15491
49075,29677
49075,113371
49075,135410
49075,125743
49075,10132
49075,122895
49075,15448
49075,55774
49075,118968
49075,42996
49075,66476
49075,93272
49075,73515
49075,51641
49075,128632
49075,124255
49075,81028
49075,33095
49075,130541
49077,21155
49077,98239
49077,110738
49077,3213
49077,71181
49077,90730
49077,79740
49077,118655
49077,138450
49077,118641
49077,61529
49077,98736
49077,80475
49077,62160
49077,35817
49077,17633
49077,25070
49077,1230
49077,87936
49077,23212
49077,7880
49077,64762
49077,53494
49077,131893
49077,135499
49077,47744
49077,126462
49077,60277
49077,30593
49077,78838
49077,7527
49083,44213
49083,119002
49083,50366
49083,110915
49083,139974
49083,79141
49083,54795
49084,100777
49084,21120
49084,106104
49084,129867
49084,113631
49084,137886
49084,115152
49084,132728
49084,103125
49084,122158
49084,73832
49084,124038
49084,84815
49084,6513
49084,55676
49084,105401
49084,40135
49084,75132
49084,82568
49085,113044
49085,94393
49085,135221
49085,104547
49085,17265
49085,38306
49085,15665
49085,14871
49085,121830
49085,97548
49085,129026
49085,51572
49085,69517
49085,75657
49085,101638
49085,136868
49085,128856
49085,2328
49085,124504
49085,114185
49085,10248
49085,101018
49085,13209
49085,62736
49085,123412
49085,8412
49085,129362
49085,19829
49085,8963
49085,11140
49085,25044
49087,101427
49087,27469
49087,47425
49087,22264
49087,102712
49088,94708
49088,47254
49088,9327
49088,77865
49088,132328
49088,135002
49088,45423
49088,54976
49088,111071
49088,97913
49088,8646
49088,67856
49088,16407
49088,77725
49088,66200
49088,121127
49088,55428
49088,118965
49088,29981
49088,56865
49088,140277
49088,31270
49088,60540
49088,137312
49088,119748
49088,76315
49088,125920
49088,122631
49088,112273
49090,124750
49090,15955
49090,43942
49090,67835
49090,63541
49090,19894
49090,16085
49090,8214
49090,77511
49090,128608
49090,84321
49090,14027
49090,25719
49090,121834
49090,14276
49090,126030
49090,14703
49090,39184
49090,80237
49090,36093
49092,43657
49092,48375
49092,25236
49092,22013
49092,79537
49092,110189
49092,27142
49092,90836
49092,66803
49092,1495
49092,107909
49092,23721
49092,102874
49092,113761
49092,31486
49092,38837
49092,37124
49092,37543
49092,95182
49092,31166
49092,77411
49092,42011
49092,59322
49092,55050
49092,62726
49092,62237
49092,79235
49092,67724
49092,37304
49092,68833
49092,85321
49092,83364
49092,63276
49092,39329
49092,78694
49094,77738
49094,94234
49094,136383
49094,15316
49094,125535
49094,53871
49094,110362
49094,63315
49094,51164
49094,43037
49094,25224
49094,35053
49094,59906
49094,5349
49094,111642
49094,87038
49094,32133
49094,1214
49094,110997
49094,124844
49094,68347
49096,130976
49096,121251
49096,116733
49096,16568
49096,76444
49096,55672
49096,31020
49096,25577
49096,80299
49096,118334
49096,68522
49096,57669
49096,67278
49096,78918
49096,74586
49096,55901
49096,25217
49096,94997
49096,78567
49096,85022
49096,25855
49096,38338
49096,15115
49096,82940
49096,30317
49096,41498
49096,75499
49096,3328
49096,3058
49096,65636
49096,94922
49096,31999
49096,104929
49097,46043
49097,27872
49097,19338
49097,80387
49097,84318
49097,37887
49097,124877
49097,20768
49097,21380
49097,31867
49097,10490
49097,87024
49097,36015
49097,111679
49097,107623
49097,48878
49097,133728
49097,22911
49097,105742
49097,98507
49097,103190
49097,12535
49097,68054
49097,52041
49097,61570
49097,1041
49097,30979
49097,103401
49097,2574
49097,99285
49097,137456
49098,94803
49098,7547
49098,131836
49098,28783
49098,6887
49098,79257
49098,99705
49098,136611
49098,133782
49098,69716
49098,69704
49098,121199
49098,139878
49098,23652
49098,105412
49098,108291
49098,105303
49098,213
49098,136474
49098,103007
49098,122490
49098,126379
49098,14077
49098,105165
49098,58537
49098,96425
49098,75211
49098,36494
49098,123991
49098,69396
49098,28894
49098,69130
49098,52091
49099,138178
49099,115503
49099,109103
49099,77775
49099,43405
49099,68984
49099,51760
49099,40211
49099,91134
49099,64596
49099,107399
49099,119123
49099,12977
49099,25529
49099,45634
49099,85189
49099,43016
49099,35872
49099,66652
49099,133774
49099,47059
49099,114930
49099,13716
49099,49280
49099,135186
49099,15871
49099,29263
49099,53438
49099,54140
49099,88321
49099,108112
49099,46464
49099,92057
49100,113318
49100,45264
49100,62826
49100,28614
49100,126163
49100,137648
49100,126842
49100,133909
49100,90679
49100,84319
49100,87255
49100,135741
49100,13279
49100,73017
49100,32317
49100,64031
49100,42000
49100,3194
49100,62148
49100,3803
49100,44338
49100,64413
49101,6971
49101,102248
49101,115091
49101,10805
49101,11492
49101,79092
49101,59753
49101,86193
49101,39109
49101,88670
49101,14105
49101,131598
49101,47672
49101,25020
49101,8480
49101,129063
49101,72561
49101,71391
49101,5999
49101,18034
49101,119958
49101,136001
49101,83060
49101,58836
49101,5016
49101,33012
49101,31084
49101,103431
49101,85922
49101,14943
49101,38228
49101,81963
49102,66831
49102,7671
49102,74344
49102,81252
49102,140258
49102,100669
49102,83102
49102,68683
49102,48462
49102,104509
49102,31156
49102,111506
49102,106301
49102,67266
49102,93947
49102,130972
49102,119944
49102,15047
49102,52520
49102,109609
49102,136308
49102,116529
49102,75822
49102,111152
49102,21271
49102,73724
49102,75081
49102,23526
49102,26847
49102,40420
49104,106801
49104,135969
49104,65607
49104,29549
49104,103749
49104,89600
49104,125012
49104,28817
49104,32363
49104,4966
49104,135686
49104,61598
49104,121402
49104,67013
49104,104736
49104,61472
49104,117443
49104,126858
49104,62472
49104,29980
49104,59717
49104,11603
49104,135025
49104,138937
49104,119656
49104,134022
49105,81489
49105,106196
49105,11294
49105,132991
49105,81760
49105,2632
49105,72841
49105,14173
49105,7627
49105,87595
49105,20745
49105,82074
49105,64004
49105,21835
49105,38168
49105,87362
49105,123355
49105,26274
49105,362
49105,60267
49106,80930
49106,80778
49106,106304
49106,34728
49106,33083
49106,43456
49106,70521
49106,54906
49106,61015
49106,107174
49106,2356
49106,9456
49106,87188
49106,10552
49106,81767
49106,109237
49106,90224
49106,43997
49106,90439
49106,139764
49106,37733
49106,131608
49106,63562
49106,81762
49106,15716
49106,8243
49106,118366
49106,18107
49106,82328
49106,123948
49106,4297
49106,110977
49107,118766
49107,59098
49107,100081
49107,132817
49107,70683
49107,11948
49107,78866
49107,91254
49107,12183
49107,70903
49107,86858
49107,85894
49107,67161
49107,71216
49108,37582
49108,5375
49108,79096
49108,29012
49108,77136
49108,84614
49108,63528
49108,45411
49108,16699
49108,54239
49108,80168
49108,36684
49108,109648
49108,94546
49108,104657
49108,34819
49108,40788
49108,99477
49108,113564
49108,29008
49108,42274
49108,18906
49108,86780
49108,131302
49108,30725
49108,27708
49108,81495
49108,84548
49108,97123
49108,19070
49108,66147
49109,59781
49109,94455
49109,46274
49109,40279
49109,77795
49109,60468
49109,59657
49109,122112
49109,117294
49110,69910
49110,84421
49110,15035
49110,105337
49110,56960
49110,84452
49110,4440
49110,135507
49110,120702
49110,108624
49110,98128
49110,50294
49110,68108
49110,88604
49110,2962
49110,76276
49110,79653
49110,23960
49110,25538
49110,116960
49110,72852
49110,134064
49110,90175
49110,9657
49110,72145
49110,98103
49110,34148
49113,56270
49113,100569
49113,58990
49113,128224
49113,32626
49113,79008
49113,47085
49113,100921
49113,110910
49113,95331
49113,120604
49113,45554
49113,102090
49113,68854
49113,63279
49113,120160
49113,58401
49113,100665
49113,93867
49113,70272
49113,47869
49113,42035
49113,114255
49113,125450
49113,140726
49113,77292
49113,7881
49114,55272
49114,28662
49114,48394
49114,45911
49114,121857
49114,135132
49114,5040
49114,102285
49114,20153
49114,461
49114,112733
49114,69549
49114,69745
49114,26096
49114,61876
49114,11862
49114,55511
49114,83022
49114,128607
49114,14386
49114,7062
49114,109169
49114,16382
49114,5816
49114,60319
49114,87294
49115,41976
49115,81854
49115,7156
49115,99723
49115,111322
49115,65313
49115,138360
49115,89200
49115,78979
49115,42414
49115,65758
49115,35048
49115,107857
49115,117420
49115,3197
49115,69031
49115,31233
49115,88593
49115,107794
49115,47877
49115,11768
49115,43044
49115,29426
49115,75071
49115,83625
49115,74516
49115,60833
49115,1704
49115,85987
49115,88914
49115,18602
49115,34820
49116,59590
49116,35123
49116,10110
49116,30684
49116,121102
49116,63164
49116,111389
49116,100209
49116,19265
49116,6652
49116,138455
49116,1646
49117,57615
49117,139257
49117,30960
49117,47161
49117,87604
49117,1477
49117,519
49118,68689
49118,79534
49118,13878
49118,30417
49118,13155
49118,44197
49118,41585
49118,77109
49118,65983
49118,20533
49118,119322
49118,114777
49118,130968
49118,40463
49118,31442
49118,18569
49118,31945
49118,15884
49118,134786
49118,35043
49118,94382
49118,63945
49118,131079
49118,19567
49118,135195
49118,68783
49118,37788
49118,134743
49118,99894
49118,102112
49118,115207
49118,33163
49119,101880
49119,8617
49119,18791
49119,46370
49119,103888
49119,33801
49119,17669
49119,89054
49121,135551
49121,134686
49121,22471
49121,107846
49121,88226
49121,20136
49121,16826
49121,135487
49121,88219
49121,81451
49121,13674
49121,42265
49121,76443
49121,74882
49121,21443
49121,95292
49121,94080
49121,122582
49121,70683
49121,39355
49121,13019
49121,47556
49121,47359
49121,88778
49121,127861
49121,5961
49121,68206
49121,91620
49121,108213
49121,135726
49121,10418
49121,68601
49121,560
49122,19909
49122,55624
49122,45198
49122,31867
49122,129561
49122,36008
49122,74535
49122,37887
49122,112001
49122,110122
49122,66638
49122,32163
49122,4060
49122,57455
49122,87143
49122,36015
49122,10490
49122,92442
49122,18217
49122,79349
49122,24833
49122,68054
49122,124795
49122,48404
49122,90461
49122,6485
49122,103190
49122,101245
49122,131170
49122,52898
49122,94315
49123,136159
49123,50890
49123,17213
49123,7258
49123,3566
49123,24345
49123,18380
49123,86289
49123,140130
49123,7360
49123,39975
49123,82957
49123,93944
49123,109431
49123,20133
49123,130018
49123,8951
49123,74130
49123,94596
49123,59638
49123,29286
49123,95486
49123,37798
49123,77583
49123,12347
49123,60458
49123,80767
49123,56685
49123,90389
49123,134654
49123,107316
49124,78550
49124,35390
49124,75958
49124,79706
49124,137655
49124,108324
49124,15282
49124,9165
49124,49110
49124,117235
49124,73453
49124,85963
49124,140487
49124,108567
49124,52894
49124,64837
49124,81696
49124,129180
49125,43885
49125,6967
49125,104767
49125,26259
49125,115940
49125,51580
49125,56058
49125,130015
49125,61360
49125,40423
49125,17304
49125,88920
49125,120641
49125,91775
49130,37124
49130,79537
49130,43657
49130,62726
49130,37543
49130,31486
49130,22013
49130,27142
49130,42011
49130,110189
49130,90836
49130,90377
49130,25236
49130,1495
49130,107909
49130,131740
49130,38837
49130,12357
49130,48375
49130,102874
49130,95182
49130,77411
49130,59322
49130,62237
49130,79235
49130,67724
49130,37304
49130,72189
49130,68833
49130,113761
49130,85321
49130,83364
49130,39329
49132,124342
49132,37818
49132,104517
49132,114932
49132,137997
49132,77089
49132,24545
49132,134323
49132,116942
49132,131892
49132,70177
49132,102130
49132,134154
49132,90845
49132,21018
49132,49656
49132,14082
49132,35223
49132,90809
49132,38904
49132,78500
49132,57952
49132,26248
49132,68420
49132,125083
49132,38419
49132,77914
49132,59781
49132,40279
49133,50459
49133,40331
49133,64012
49133,131099
49133,48764
49133,44576
49133,69961
49133,137039
49133,123660
49133,110550
49133,134310
49133,11870
49133,8241
49133,125382
49133,136382
49133,32769
49133,72914
49133,45056
49133,47165
49133,24827
49133,117503
49133,47242
49133,92501
49133,97331
49133,19104
49133,82405
49133,16447
49133,3752
49133,80989
49133,28851
49133,39319
49133,96787
49133,68560
49133,15650
49134,73848
49134,108068
49134,115319
49134,220
49134,118300
49134,132611
49134,91336
49134,39827
49134,11522
49134,90756
49134,122737
49134,107069
49134,10134
49134,76623
49134,48280
49134,26448
49134,46486
49134,117339
49134,79781
49134,10901
49134,36312
49134,3054
49134,120309
49134,81395
49134,24515
49134,61220
49134,50725
49134,55430
49134,50205
49134,8799
49134,78793
49134,52391
49134,52829
49135,4867
49135,6052
49135,92039
49135,36558
49135,90120
49135,32831
49135,59978
49135,6861
49135,26372
49135,34450
49135,41247
49135,84539
49135,70899
49135,41682
49135,136844
49135,104843
49135,84503
49135,117062
49135,104470
49135,64685
49135,91591
49135,37337
49135,71107
49135,116392
49135,27313
49135,49742
49135,115378
49135,93829
49135,18551
49135,128637
49135,96480
49136,127133
49136,129413
49136,55815
49136,99783
49136,88617
49136,74642
49136,57817
49139,11473
49139,28183
49139,73982
49139,72292
49139,89016
49139,5733
49139,77845
49139,132196
49139,117469
49139,85141
49139,45313
49139,112085
49139,58077
49139,35973
49139,134989
49139,107212
49139,14331
49139,140145
49139,134907
49139,137994
49139,76209
49139,113933
49139,4047
49139,27951
49139,33570
49139,72679
49139,67388
49139,114847
49139,12001
49139,71438
49139,129331
49139,39717
49139,139723
49140,16324
49140,57294
49140,110622
49140,45744
49140,72581
49140,102158
49140,15815
49140,128898
49140,135618
49140,80893
49140,83802
49140,14308
49142,64666
49142,108233
49142,62515
49142,8850
49142,119257
49142,90008
49142,89585
49142,11406
49142,91130
49142,50796
49142,6453
49142,102628
49142,14612
49142,8572
49142,114964
49142,34809
49142,52637
49142,119495
49142,10605
49142,90489
49142,76200
49142,54757
49142,20889
49142,134439
49142,65688
49142,114591
49142,88959
49142,104343
49145,18928
49145,106380
49145,47571
49145,56440
49145,117160
49145,44543
49145,83353
49145,51223
49145,67339
49145,112024
49145,55425
49145,81322
49145,85306
49145,10782
49145,4835
49145,112836
49145,133110
49145,34306
49145,71215
49145,107870
49145,84918
49145,8149
49145,77245
49145,10810
49145,100548
49145,71156
49145,37467
49147,57997
49147,40974
49147,19731
49147,8212
49147,8951
49147,16020
49147,3566
49147,94596
49147,126571
49149,8962
49149,32887
49149,25476
49149,38291
49149,30338
49149,101984
49149,126665
49149,47179
49149,11102
49149,25075
49149,30593
49149,62400
49149,100685
49149,138470
49149,84122
49149,38750
49149,1707
49149,72492
49149,33977
49149,24559
49150,109341
49150,115720
49150,42279
49150,77718
49150,26664
49150,60039
49150,75405
49150,117297
49150,49503
49150,84529
49150,10373
49150,26314
49150,41060
49150,91266
49150,43022
49150,59294
49150,90474
49150,4031
49150,94069
49150,30742
49150,25388
49150,57230
49150,47719
49150,52521
49150,117321
49150,70837
49151,97050
49151,30200
49151,55114
49151,44305
49151,30547
49151,133494
49151,68952
49151,22441
49151,58255
49151,124857
49151,25143
49151,77123
49151,121726
49151,92553
49151,26934
49151,92037
49151,94612
49151,94491
49151,71364
49151,34275
49151,99073
49151,112008
49151,15779
49151,68241
49151,82660
49151,140673
49151,41806
49151,105690
49151,68506
49151,86086
49151,130320
49151,10053
49151,52893
49151,77805
49152,64543
49152,46069
49152,100579
49152,62952
49152,58485
49152,138698
49152,14980
49152,88049
49152,115730
49152,71716
49152,130588
49152,133908
49152,3656
49152,120423
49152,72310
49152,128427
49152,52709
49152,110965
49152,31979
49152,60195
49152,135652
49152,128198
49152,36153
49152,111358
49152,120107
49152,93014
49152,82884
49152,113097
49152,23735
49152,23087
49153,80091
49153,38612
49153,115598
49153,115630
49153,10517
49153,40367
49153,49064
49153,104055
49153,125934
49153,23436
49153,137180
49153,46111
49153,4897
49153,38944
49153,136971
49153,24693
49153,67400
49153,114018
49153,140241
49153,88174
49153,120609
49153,38065
49153,139522
49153,77452
49153,45688
49153,129910
49153,1935
49153,62500
49153,97323
49153,90871
49154,28285
49154,21997
49154,87513
49154,132295
49154,121317
49154,105326
49154,71759
49154,31144
49154,128150
49154,84462
49154,50811
49154,8660
49154,139114
49154,59540
49154,33534
49154,56750
49154,120022
49154,77484
49154,132431
49154,91759
49154,81913
49154,4533
49154,78434
49154,95621
49154,67590
49154,40537
49154,75914
49154,77356
49154,126202
49154,69878
49154,116421
49154,99922
49154,22900
49160,63600
49160,32917
49160,81907
49160,30723
49160,81877
49160,67682
49160,45129
49160,73570
49160,102969
49160,138609
49160,36360
49160,4493
49160,122407
49160,106243
49160,8483
49160,28664
49160,45543
49160,128825
49160,79712
49160,59891
49160,5148
49160,79246
49160,98293
49160,80374
49160,112246
49160,62395
49160,99505
49160,48563
49160,73867
49160,113029
49160,120784
49160,133951
49160,12054
49160,59631
49162,62565
49162,137623
49162,50808
49162,11940
49162,98429
49162,134503
49162,111991
49162,91041
49162,7271
49162,86802
49162,117764
49162,115569
49162,98946
49162,83177
49162,83391
49162,76974
49162,34279
49162,8958
49162,12655
49162,63707
49162,138011
49162,76302
49162,110677
49162,36755
49162,40876
49163,40274
49163,59808
49163,39378
49163,81019
49163,116451
49163,22740
49163,16479
49163,73039
49163,2705
49163,12121
49163,31655
49163,52018
49163,127580
49163,106899
49163,100581
49163,49554
49163,2495
49163,29063
49163,115401
49163,135372
49163,1344
49163,2869
49163,75119
49163,110335
49163,129069
49163,108104
49163,95770
49163,113921
49163,122691
49163,138986
49163,51821
49163,30211
49163,53169
49164,45242
49164,129268
49164,882
49164,65833
49164,113622
49164,16239
49164,61462
49164,80915
49164,27318
49164,21124
49164,42586
49164,54150
49164,66139
49164,6641
49164,6103
49164,12214
49164,43271
49164,121485
49164,67617
49164,3661
49164,97307
49164,87996
49164,19187
49164,28015
49164,10286
49164,117549
49164,128291
49165,43405
49165,68984
49165,115503
49165,85189
49165,138178
49165,91134
49165,40211
49165,109103
49165,64596
49165,87826
49165,133774
49165,25529
49165,119123
49165,107399
49165,12977
49165,45634
49165,77775
49165,66652
49165,47059
49165,51760
49165,13716
49165,49280
49165,40235
49165,29263
49165,43016
49165,53438
49165,88321
49165,54140
49165,73041
49165,46464
49165,137407
49165,126612
49167,86311
49167,29856
49167,130154
49167,15787
49167,122038
49167,83077
49167,39417
49167,18330
49167,102656
49167,27974
49167,50284
49167,113853
49167,30995
49167,133342
49167,134556
49167,21043
49167,33180
49167,139435
49167,12571
49167,57587
49167,110190
49167,122972
49167,86492
49167,101785
49167,67453
49167,107164
49167,120426
49167,92210
49167,5475
49167,100687
49167,103062
49167,100390
49167,8422
49167,77507
49169,53409
49169,86637
49169,33384
49169,80110
49169,51459
49169,93222
49169,139854
49169,50706
49169,136950
49169,74649
49169,90436
49169,117961
49169,7886
49169,13846
49169,109427
49169,18904
49169,100022
49169,131513
49169,71240
49169,27456
49169,47710
49170,78182
49170,114370
49170,70720
49170,90873
49170,64414
49170,45450
49170,18611
49170,12560
49170,120968
49170,79303
49170,120356
49170,35308
49170,25498
49170,68837
49170,5116
49170,50810
49170,848
49170,7958
49170,113920
49170,91402
49170,39016
49170,72344
49170,49817
49170,45021
49170,79311
49170,40230
49170,22790
49170,2103
49170,23776
49170,3376
49170,2652
49171,45261
49171,911
49171,38306
49171,35836
49171,93580
49171,138063
49171,9754
49171,49258
49171,23803
49171,122788
49171,14871
49171,24437
49171,95229
49171,136868
49171,32188
49171,132047
49171,122798
49171,8702
49171,93251
49171,114185
49171,58747
49171,121309
49171,101638
49171,86803
49171,56784
49171,124504
49171,79075
49171,18102
49171,120562
49171,52840
49172,107785
49172,52784
49172,43749
49172,120144
49172,120665
49172,103860
49172,105559
49172,134966
49172,63145
49172,50162
49172,13443
49172,138176
49172,43594
49172,128085
49172,51979
49172,12341
49172,79221
49172,12579
49172,117439
49172,69615
49172,61934
49172,79841
49172,110264
49172,29811
49172,72597
49172,15251
49172,13973
49172,109270
49172,28181
49172,69352
49172,51885
49172,74166
49172,131110
49172,5543
49173,36427
49173,118655
49173,79740
49173,69937
49173,120851
49173,1497
49173,8161
49173,110940
49173,62433
49173,14536
49173,112274
49173,3858
49173,57945
49173,34214
49173,17633
49173,98862
49173,21419
49173,92137
49173,28604
49173,135779
49173,14878
49173,13603
49173,31643
49173,47744
49173,32112
49173,44923
49173,138550
49173,79026
49173,25070
49173,30950
49173,7051
49173,88957
49174,134210
49174,91497
49174,60590
49174,96163
49174,60048
49174,85724
49174,110105
49174,76901
49174,50298
49174,7611
49174,101024
49174,121239
49174,75671
49174,70218
49174,44743
49174,59933
49174,98098
49174,133243
49174,100009
49174,102498
49174,38611
49174,40058
49174,140406
49174,94358
49175,126809
49175,70987
49175,134166
49175,139464
49175,132979
49175,64975
49175,116974
49175,25154
49175,30277
49175,77061
49175,31459
49175,100806
49175,4834
49175,84191
49175,43441
49175,80919
49177,49783
49177,10577
49177,103942
49177,93426
49177,110413
49177,93813
49177,113452
49177,52571
49177,75238
49177,26508
49177,107734
49177,8530
49177,92614
49177,39126
49177,53672
49177,23372
49177,96595
49177,135332
49177,23875
49177,64830
49177,103390
49177,18268
49177,109989
49177,139983
49177,17379
49177,12704
49177,29242
49177,55520
49177,137231
49177,19252
49177,12881
49179,10089
49179,61705
49179,25785
49179,94235
49179,91240
49179,27592
49179,70602
49179,67050
49179,44245
49179,20890
49179,113135
49179,46723
49179,10364
49179,38077
49179,35694
49179,46381
49179,46893
49179,112504
49179,18175
49179,12873
49180,89526
49180,44979
49180,34684
49180,132157
49180,91976
49180,83100
49180,42925
49180,43011
49180,15697
49180,89159
49180,45370
49180,35356
49180,26852
49180,130599
49180,100040
49180,48528
49180,135888
49180,56809
49180,39899
49180,26025
49180,91947
49180,35064
49180,86272
49180,112481
49180,121031
49180,123863
49180,128171
49180,130024
49180,78674
49180,93255
49180,90618
49180,100135
49180,102697
49182,137997
49182,124342
49182,104517
49182,114932
49182,21018
49182,24545
49182,131892
49182,90845
49182,77089
49182,37818
49182,70177
49182,116942
49182,78500
49182,60846
49182,35223
49182,59781
49182,49656
49182,134154
49182,90809
49182,68420
49182,26248
49182,40279
49182,14082
49182,38419
49182,125083
49182,77795
49182,60468
49182,94455
49182,46274
49182,122112
49182,117294
49182,59657
49184,133509
49184,8917
49184,110258
49184,13934
49184,31135
49184,121696
49184,27686
49184,96974
49184,48233
49184,109868
49184,85555
49184,30487
49184,139000
49184,20937
49184,103982
49184,15608
49184,59056
49184,116852
49184,30986
49184,53904
49184,99025
49184,37790
49184,94897
49184,46320
49184,120238
49184,44421
49184,79437
49184,45693
49184,92090
49184,72873
49184,120274
49184,2353
49184,73379
49185,67144
49185,103812
49185,68153
49185,43228
49185,74580
49185,22541
49185,93795
49185,35495
49185,96104
49185,72106
49185,93609
49185,24096
49185,9775
49185,34304
49185,97689
49185,43757
49185,12915
49185,108225
49185,51517
49185,52839
49185,122659
49185,27619
49185,14437
49185,9222
49185,44798
49185,7264
49185,84955
49185,58555
49185,51899
49185,18280
49185,14770
49185,119508
49185,87622
49185,22659
49186,64523
49186,74494
49186,86485
49186,136706
49186,82972
49186,36644
49186,76710
49186,110118
49186,82853
49186,81325
49186,100477
49188,63791
49188,77148
49188,82362
49188,71354
49188,30401
49188,57532
49188,35324
49188,78745
49188,69992
49188,103929
49188,32020
49188,125610
49188,36445
49188,112792
49188,9454
49188,88458
49188,69809
49188,96412
49188,38487
49188,94824
49188,54862
49188,42467
49188,67277
49188,29662
49188,110496
49188,23319
49188,135076
49191,60144
49191,63105
49191,20430
49191,69184
49191,133943
49191,66750
49191,57170
49191,20587
49191,133689
49191,8864
49191,93974
49191,46501
49191,96206
49191,25159
49191,14480
49191,32798
49191,109804
49191,78647
49191,24041
49191,4503
49191,75205
49191,131493
49191,34151
49191,5322
49191,133235
49191,59721
49191,77074
49191,15390
49191,27632
49191,67233
49191,35679
49191,129914
49191,79475
49192,69043
49192,138263
49192,10329
49192,75700
49192,84521
49192,99563
49192,72506
49192,86614
49192,32344
49193,101880
49193,8617
49193,17669
49193,46370
49193,103888
49194,105869
49194,41865
49194,11600
49194,92380
49194,42062
49194,80691
49194,43171
49194,138246
49194,17929
49198,124652
49198,83134
49198,118755
49198,63928
49198,105476
49198,12425
49198,86622
49199,88263
49199,83107
49199,132332
49199,121377
49199,132958
49199,120300
49199,114218
49199,88514
49199,837
49199,88268
49199,41994
49199,117141
49199,139132
49199,77437
49199,111026
49199,99687
49199,133422
49199,139105
49199,139442
49199,56053
49199,42041
49200,85457
49200,21633
49200,13088
49200,110811
49200,77552
49200,128482
49200,51153
49200,43980
49200,137569
49200,95731
49200,55219
49200,80479
49200,107347
49200,62639
49200,76063
49200,104928
49200,7327
49201,105177
49201,132525
49201,93990
49201,19235
49201,114690
49201,101134
49201,139880
49201,100889
49201,29862
49201,66928
49201,54876
49201,123667
49201,27928
49201,132750
49201,30803
49201,127443
49201,79782
49201,17793
49201,23135
49201,109085
49201,37004
49201,94389
49201,25183
49201,77526
49201,115123
49201,128978
49201,80607
49203,134684
49203,71593
49203,120730
49203,128571
49203,80357
49203,26306
49203,3744
49203,138181
49203,112336
49203,132406
49203,27631
49203,8937
49203,81130
49203,92961
49203,86623
49203,86257
49203,139910
49203,123108
49203,46222
49203,102896
49203,138877
49203,56796
49203,48729
49203,30563
49203,53038
49203,120765
49203,26833
49203,105866
49203,9627
49203,55834
49203,101204
49203,69580
49208,97501
49208,62143
49208,54602
49208,4099
49208,42951
49208,5604
49208,70066
49208,30299
49208,22150
49208,156
49208,132271
49208,108507
49209,30618
49209,22578
49209,63812
49209,21808
49209,27699
49209,112479
49209,55791
49209,82604
49209,5286
49209,52209
49209,66606
49209,10763
49209,139917
49209,43440
49209,62326
49209,137751
49209,124234
49209,58217
49209,45851
49209,57445
49209,121675
49209,106236
49209,108751
49209,23073
49209,121101
49209,134883
49209,34020
49211,9027
49211,130646
49211,123699
49211,27069
49211,97799
49211,92100
49211,82816
49211,60725
49211,13189
49211,64821
49211,122153
49211,34026
49211,58600
49211,103036
49211,100503
49211,40209
49211,93035
49211,13158
49211,134406
49211,22312
49211,114009
49211,140042
49211,139427
49211,19675
49211,96284
49211,118564
49211,115234
49211,45552
49211,118666
49211,56431
49212,135172
49212,100157
49212,57911
49212,87068
49212,67030
49212,131175
49212,79153
49212,128942
49212,65413
49212,81259
49212,19701
49212,139374
49212,6986
49212,66131
49212,132217
49212,40192
49212,100760
49212,41161
49212,382
49212,80478
49212,95668
49212,45020
49212,34424
49212,46820
49212,65629
49212,103200
49212,59875
49212,28681
49212,87181
49212,139320
49212,64422
49212,6927
49214,27788
49214,118188
49214,96426
49214,4106
49214,4435
49214,49601
49214,105336
49214,123706
49215,94516
49215,97628
49215,117906
49215,57511
49215,19755
49215,17746
49215,55627
49215,94120
49215,97606
49215,68589
49215,119324
49216,110367
49216,63507
49216,129796
49216,92238
49216,96963
49216,25353
49216,132877
49216,48944
49216,95358
49216,125574
49216,59118
49216,129908
49216,66332
49216,11537
49216,126850
49216,48580
49216,128300
49216,112760
49216,46471
49216,63209
49216,139750
49216,132463
49216,101939
49216,66964
49216,104582
49216,8275
49216,131936
49216,86729
49216,77578
49216,43001
49217,63621
49217,77389
49217,3262
49217,92516
49217,21592
49217,95509
49217,111672
49217,45199
49217,72858
49217,52065
49217,1124
49217,36865
49217,68139
49217,95218
49217,8690
49217,47313
49217,65049
49217,110771
49217,77313
49217,104244
49217,71399
49217,48312
49217,121124
49217,102545
49218,5131
49218,106582
49218,130850
49218,96513
49218,15607
49218,62510
49218,79033
49218,69022
49218,54873
49218,27439
49218,9046
49218,100594
49218,139281
49218,65855
49218,73184
49218,66358
49218,101697
49218,87788
49218,69450
49218,106258
49218,22737
49218,47842
49218,49000
49218,26130
49218,109731
49218,137189
49218,30422
49218,39047
49219,36045
49219,52683
49219,72731
49219,53141
49219,36412
49219,80422
49219,126818
49219,79240
49219,5505
49219,15802
49219,110663
49219,105123
49219,46393
49219,25564
49219,137498
49219,131131
49219,13483
49219,122299
49219,125656
49219,16499
49219,119316
49219,47392
49219,90380
49219,119727
49219,78649
49219,43028
49219,51616
49219,121049
49219,62417
49219,64949
49219,44170
49219,66917
49223,39576
49223,110759
49223,102679
49223,116793
49223,36992
49223,77037
49223,105139
49223,134259
49223,92649
49223,105140
49223,65481
49223,138204
49223,23121
49223,13580
49223,99801
49223,58027
49223,115148
49223,41421
49223,7244
49223,19388
49223,11486
49223,9992
49223,62946
49223,4302
49223,88969
49223,75913
49223,63511
49223,36466
49223,66444
49223,80748
49223,46859
49223,128461
49226,8236
49226,121718
49226,14153
49226,128027
49226,93492
49226,45206
49226,27407
49226,119033
49226,51890
49226,43521
49226,59507
49226,72068
49226,70790
49226,29860
49226,25769
49226,15857
49226,35930
49226,110524
49226,136885
49226,51399
49226,25928
49226,38150
49226,17552
49226,129434
49226,94317
49226,88585
49226,42373
49226,137497
49226,24196
49226,96170
49226,44815
49226,97906
49226,65441
49228,1230
49228,126657
49228,105408
49228,41278
49228,139197
49228,4875
49228,90730
49228,10746
49228,86639
49228,126719
49228,71181
49228,139366
49228,23212
49228,138600
49228,70606
49228,62160
49228,53494
49228,35817
49228,77935
49228,60084
49228,106262
49228,61529
49228,44923
49228,78838
49228,25416
49228,74754
49228,135499
49228,38725
49228,135779
49228,48671
49228,125311
49228,69261
49230,44737
49230,90312
49230,107174
49230,17637
49230,101276
49230,95225
49230,56330
49230,78675
49230,62886
49230,123948
49230,26357
49230,109237
49230,45548
49230,102144
49230,100386
49230,37742
49230,106248
49230,73297
49230,87339
49230,67269
49230,110458
49230,94210
49230,45604
49230,21244
49230,26422
49230,90439
49230,129843
49230,57728
49230,127058
49230,89721
49230,49114
49230,51227
49230,130158
49230,131660
49231,118896
49231,11196
49231,36161
49231,38161
49231,83279
49231,65469
49231,130205
49231,117161
49231,90451
49231,48321
49231,8386
49231,112428
49231,109309
49231,79738
49231,73337
49231,7276
49231,60148
49231,38058
49231,15483
49231,15630
49231,24011
49231,36441
49231,39854
49231,135763
49231,80373
49231,43285
49231,86004
49231,110957
49231,75268
49231,131151
49231,52851
49231,130189
49231,12005
49237,24743
49237,85000
49237,45882
49237,103663
49237,66858
49237,98723
49237,55669
49237,139131
49237,118445
49237,109958
49237,116435
49238,85877
49238,130381
49238,19341
49238,24545
49238,37818
49238,38124
49238,21018
49238,77089
49238,6973
49238,26711
49238,34016
49238,59537
49238,26248
49238,95346
49238,124429
49238,3389
49238,127791
49238,109066
49238,127201
49238,43535
49238,98917
49238,133397
49238,59642
49238,69169
49238,78669
49238,120307
49238,100654
49238,75382
49238,43163
49238,15207
49238,117294
49238,28940
49239,131712
49239,14154
49239,41854
49239,81759
49239,108742
49239,123941
49239,95711
49239,121774
49239,116554
49239,102908
49239,5163
49239,128050
49239,16552
49239,62689
49239,28460
49239,99178
49239,38803
49239,12906
49239,65025
49239,36196
49239,28128
49239,50204
49239,95728
49239,39435
49239,85080
49239,57968
49239,136088
49239,55259
49239,128655
49239,110789
49239,19321
49239,96890
49241,53436
49241,114194
49241,57384
49241,92300
49241,84839
49241,71111
49241,66914
49241,82810
49241,14778
49241,7385
49241,54591
49241,111028
49241,59192
49241,13389
49241,96533
49241,122140
49241,124733
49241,122145
49241,57103
49241,9413
49241,119309
49241,35157
49241,135790
49241,28624
49241,45848
49241,46204
49241,2885
49241,73040
49241,110519
49241,22475
49241,134748
49241,34547
49242,64017
49242,133846
49242,54739
49242,44213
49242,94241
49242,138973
49242,80067
49242,119002
49242,50366
49242,54795
49242,110915
49242,96517
49242,37339
49242,115994
49242,6400
49242,122468
49242,114201
49242,62868
49242,89202
49242,978
49242,19965
49242,79141
49242,42207
49242,15064
49242,139974
49242,3754
49242,85930
49242,105745
49242,38769
49242,97430
49242,4581
49242,23256
49242,10494
49243,67239
49243,37958
49243,88977
49243,56751
49243,37309
49243,53746
49243,16733
49243,62528
49243,22651
49243,27704
49243,103693
49243,26554
49243,62954
49243,62640
49243,76347
49243,104120
49243,26326
49243,42151
49243,96822
49243,133504
49243,137606
49243,53507
49243,32628
49243,91472
49243,50945
49244,28633
49244,62243
49244,117242
49244,30020
49244,78590
49244,83334
49244,95879
49244,8687
49244,28539
49244,51794
49244,115836
49244,56746
49244,131852
49244,74932
49244,40008
49244,101112
49244,32695
49244,6523
49244,82319
49244,61484
49244,29630
49244,100047
49244,108092
49244,117114
49244,104085
49244,113293
49244,135285
49244,76571
49244,5453
49244,64981
49244,24820
49244,137955
49244,90168
49244,119644
49245,18670
49245,64798
49245,4372
49245,64104
49245,41602
49245,51505
49245,54758
49245,22886
49245,90238
49245,38332
49245,121017
49245,124572
49245,110901
49245,83533
49245,137367
49245,35469
49245,69558
49245,52977
49245,105173
49245,70437
49245,98560
49245,102408
49245,92440
49245,26712
49245,8748
49245,62270
49245,138777
49245,50454
49245,29680
49245,24157
49245,125055
49245,49945
49246,105559
49246,120665
49246,44176
49246,63145
49246,80211
49246,70778
49246,9624
49246,79221
49246,12579
49246,69352
49246,38484
49246,80970
49246,99484
49246,95031
49246,78200
49246,112292
49246,54937
49246,138112
49246,134383
49246,28939
49246,103860
49246,10797
49246,106845
49246,78599
49246,110264
49246,51979
49246,9812
49246,12911
49246,74221
49246,63071
49246,51885
49246,139162
49246,67610
49246,28181
49248,30125
49248,62809
49248,70658
49248,57362
49248,57549
49248,84816
49248,26333
49248,118013
49248,81007
49248,90591
49248,91399
49248,7590
49248,23209
49248,132654
49248,26533
49248,66363
49248,109456
49248,76341
49248,132106
49248,138505
49248,122526
49248,26387
49248,20942
49248,98564
49248,45358
49248,6755
49248,8535
49248,52541
49248,11691
49248,23751
49248,123403
49248,124958
49248,32581
49249,7659
49249,4778
49249,3709
49249,59111
49249,130781
49249,88535
49249,8952
49249,3321
49249,90928
49249,94709
49249,43445
49249,58078
49249,137056
49249,61010
49249,36861
49249,113487
49249,4219
49249,113650
49249,92758
49249,84714
49249,33762
49249,133582
49249,62505
49249,18208
49249,107271
49249,77219
49249,139080
49249,101850
49249,31812
49249,39764
49249,76404
49249,74628
49249,126729
49249,28770
49249,68171
49252,9521
49252,7707
49252,31513
49252,2074
49252,23907
49252,23562
49252,76015
49252,31475
49252,69092
49252,120848
49252,123041
49252,132658
49252,118590
49252,69884
49252,1274
49252,97209
49252,60203
49252,136511
49252,139769
49252,23169
49252,54362
49252,71346
49252,65230
49252,102050
49252,112762
49252,138170
49252,104223
49252,84796
49252,71081
49252,24066
49252,101546
49252,16589
49254,118836
49254,47625
49254,105713
49254,30707
49254,58937
49254,133369
49254,55198
49254,67451
49254,101759
49254,119175
49254,116919
49254,101254
49254,50797
49254,78605
49254,97087
49254,2194
49254,21122
49254,82035
49254,23076
49254,10611
49254,66278
49254,51777
49254,37057
49254,52011
49254,103462
49254,117652
49254,72569
49254,103742
49255,78080
49255,9194
49255,20698
49255,35780
49255,94692
49255,16097
49255,24215
49255,15943
49255,26626
49255,33599
49255,38729
49255,68552
49255,11021
49255,75901
49255,14124
49255,101141
49256,32407
49256,113820
49256,35331
49256,90490
49256,71089
49256,77035
49256,82473
49256,8086
49256,17713
49256,75347
49256,31516
49256,3261
49256,47773
49256,22553
49256,36213
49256,41601
49256,101965
49256,133394
49256,17433
49256,39475
49256,32913
49256,134419
49256,128422
49256,55850
49256,92521
49256,80646
49256,16897
49256,2463
49256,12019
49256,68197
49256,18723
49256,106347
49257,133943
49257,32234
49257,63105
49257,20430
49257,81542
49257,60144
49257,135904
49257,136813
49257,66750
49257,131046
49257,134811
49257,63327
49257,3556
49257,32798
49257,135590
49257,14480
49257,75205
49257,133689
49257,135437
49257,101252
49257,29927
49257,131352
49257,31825
49257,106495
49257,101812
49257,27632
49257,133235
49257,35679
49257,24041
49257,59874
49257,66957
49257,77074
49257,129914
49258,59322
49258,42011
49258,1495
49258,39957
49258,62237
49258,9894
49258,12357
49258,38837
49258,110189
49258,79537
49258,31166
49258,79235
49258,85321
49258,43611
49258,130173
49258,125957
49258,12177
49258,90836
49258,62726
49258,113761
49258,22013
49258,25985
49258,64044
49258,128010
49258,83364
49258,8797
49258,47769
49258,52587
49258,67724
49258,115848
49258,67389
49258,78694
49259,55222
49259,10828
49259,92222
49259,50966
49259,39247
49259,140640
49259,79567
49259,36072
49259,19870
49259,125581
49259,11510
49259,119407
49259,49348
49259,92029
49259,1286
49259,29764
49259,99990
49259,98266
49259,67727
49259,50149
49259,31583
49259,6704
49259,118795
49259,105961
49259,4688
49259,12478
49263,107599
49263,62324
49263,32226
49263,62068
49263,92558
49263,135730
49263,75016
49263,91099
49264,8161
49264,98239
49264,32887
49264,104625
49264,130807
49264,57584
49264,45080
49264,5002
49264,31169
49264,100685
49264,62400
49264,16649
49264,106819
49265,118749
49265,104546
49265,52203
49265,125993
49265,79395
49265,19823
49265,17592
49265,20969
49265,59058
49265,38898
49265,81199
49265,96337
49265,85491
49265,117509
49265,114017
49265,79155
49265,102740
49265,66560
49265,49316
49265,20850
49265,61296
49265,23347
49265,114204
49265,66785
49265,85514
49265,47614
49265,111047
49265,120763
49265,107404
49265,26006
49265,28018
49265,84469
49266,19827
49266,96207
49266,77220
49266,4130
49266,41095
49266,101978
49266,43461
49266,68985
49267,77973
49267,87912
49267,81034
49267,122531
49267,34298
49267,42938
49267,119255
49267,98674
49267,29033
49267,44901
49267,84164
49267,121811
49267,17911
49267,4858
49267,82757
49267,41019
49267,11063
49267,50302
49267,37729
49267,116652
49267,128817
49267,18669
49267,85091
49267,101654
49267,90901
49267,59011
49267,117249
49267,2488
49267,72871
49267,102313
49267,30376
49269,104902
49269,31586
49269,20150
49269,21202
49269,69609
49269,67530
49269,33763
49269,45699
49269,70626
49269,120069
49269,25992
49269,119837
49271,20084
49271,64704
49271,14943
49271,107428
49271,6971
49271,10805
49271,20197
49271,104188
49271,13323
49271,3893
49271,45461
49271,70274
49271,39474
49271,102248
49271,46223
49271,23327
49271,22491
49271,24644
49271,133719
49271,67428
49271,27405
49271,130672
49271,44587
49271,134004
49271,102666
49271,26872
49271,111664
49271,54680
49271,7793
49271,133631
49271,109065
49271,102885
49273,87293
49273,29182
49273,52111
49273,79338
49273,86522
49273,133499
49273,105104
49273,96809
49273,86680
49273,36335
49273,58167
49273,12808
49273,50472
49273,140816
49273,75860
49273,80259
49273,123449
49273,16815
49273,124443
49273,96707
49273,66737
49273,43369
49273,132563
49273,91906
49273,38329
49273,2787
49273,33201
49273,84635
49273,140570
49273,118038
49273,66893
49273,55360
49273,46556
49274,57001
49274,65235
49274,118424
49274,80666
49274,47102
49274,16738
49274,86180
49274,61950
49274,75716
49274,49210
49274,115077
49274,137852
49274,65779
49274,16263
49274,110546
49274,135010
49274,51418
49274,119349
49274,112575
49274,139626
49274,101592
49274,61179
49274,53845
49274,99214
49274,64598
49274,56200
49274,73027
49274,34860
49274,62955
49274,66223
49274,126549
49274,12651
49274,139310
49275,140295
49275,122662
49275,30026
49275,63155
49275,75642
49275,10920
49275,4221
49275,54351
49275,137079
49275,91398
49275,46816
49275,70125
49275,126904
49275,138201
49275,131978
49275,101700
49275,9783
49275,137926
49275,93278
49275,48633
49275,134491
49275,65532
49275,106995
49275,1120
49275,10616
49275,79404
49275,100744
49275,70423
49275,14107
49275,29622
49275,126643
49275,140690
49278,50164
49278,49287
49278,30529
49278,74963
49278,70443
49278,21869
49278,26032
49278,62375
49278,29878
49278,32858
49278,73882
49278,117997
49278,148
49278,39979
49278,31198
49278,105062
49278,102289
49278,127216
49278,124051
49278,128083
49278,116609
49278,54817
49278,29311
49278,25405
49278,67441
49278,66826
49278,1
49278,79113
49278,4624
49278,87649
49278,53219
49278,34811
49278,11654
49278,63309
49281,113641
49281,79600
49281,70662
49281,92802
49281,36999
49281,43835
49281,78977
49281,64795
49281,73691
49282,73577
49282,2448
49282,77142
49282,6329
49282,122146
49282,92795
49282,130757
49282,120128
49282,37036
49282,103578
49282,20946
49282,95147
49282,139404
49282,36034
49282,87328
49282,113191
49282,83321
49282,5825
49282,62037
49282,115090
49282,103841
49282,125602
49282,91565
49282,73224
49282,8823
49282,114116
49282,22362
49283,65235
49283,57001
49283,118424
49283,110546
49283,51418
49283,62955
49283,47102
49283,80666
49283,16738
49283,126306
49283,4579
49283,49210
49283,16263
49283,86180
49283,105449
49283,61950
49283,135010
49283,75716
49283,126549
49283,66223
49283,139626
49283,65779
49283,7196
49283,64598
49283,53845
49283,61179
49283,137852
49283,123092
49283,86277
49283,139310
49283,73027
49283,12651
49283,56200
49286,105408
49286,23268
49286,3213
49286,4875
49286,1230
49286,15994
49286,61529
49286,77935
49286,126719
49286,125311
49286,10746
49286,70839
49286,53494
49286,139197
49286,71376
49286,37346
49286,126657
49286,139366
49286,35264
49286,135499
49286,86639
49286,41712
49286,78838
49286,7527
49286,64762
49286,74754
49286,6439
49286,80475
49286,138600
49286,121267
49286,69261
49286,106262
49286,23212
49287,65615
49287,46200
49287,122390
49287,96885
49287,18969
49287,41813
49287,129407
49287,133278
49287,102524
49287,77580
49290,9437
49290,68813
49290,132925
49290,63812
49290,118507
49290,56820
49290,118235
49290,68530
49290,106236
49290,122734
49290,40441
49290,60824
49290,55195
49290,96610
49290,57903
49290,82688
49290,32842
49290,7532
49290,84914
49291,82688
49291,134086
49291,122651
49291,82404
49291,57114
49291,40441
49291,92101
49291,122734
49291,68530
49291,119399
49291,134831
49291,64913
49291,118507
49291,115669
49291,57903
49291,28383
49291,121675
49291,3820
49291,134883
49291,68813
49291,62542
49291,118235
49291,26734
49291,84914
49291,124234
49292,40898
49292,126734
49292,1015
49292,54082
49292,92662
49292,66780
49292,96445
49292,69438
49292,63769
49292,91186
49292,20713
49292,55526
49292,107302
49292,127733
49292,92085
49292,112865
49292,136095
49292,37211
49292,67991
49292,43890
49292,45205
49292,68655
49292,29809
49292,125458
49292,115018
49294,4516
49294,49552
49294,31450
49294,25007
49294,14429
49294,61672
49294,121921
49294,124735
49296,85616
49296,85424
49296,77430
49296,76186
49296,136571
49296,113363
49296,97718
49296,34641
49296,136931
49296,128319
49296,45176
49296,66736
49296,38480
49296,53269
49296,62618
49296,7864
49296,101304
49296,72302
49296,140519
49296,42346
49296,137395
49296,4017
49296,28064
49296,13466
49296,78578
49296,23918
49296,41736
49296,93912
49296,39836
49296,1802
49296,49166
49296,58117
49297,126263
49297,103701
49297,6767
49297,79714
49297,101302
49297,3703
49297,117741
49297,69552
49297,9574
49297,28612
49297,29053
49297,125450
49297,76713
49297,133291
49298,20136
49298,135487
49298,88219
49298,134686
49298,22471
49298,74882
49298,21443
49298,139719
49298,13019
49298,10418
49298,47556
49298,127861
49298,88778
49298,5961
49298,68206
49298,68601
49298,108213
49298,135726
49298,560
49300,127523
49300,65567
49300,99805
49300,75834
49300,79150
49300,136541
49300,81988
49300,138416
49300,31912
49300,3928
49300,27942
49300,133502
49300,129970
49300,123546
49300,119602
49300,116928
49300,109253
49300,114470
49300,93538
49300,86947
49300,3390
49300,6562
49300,16397
49300,67626
49300,66401
49300,1501
49300,85562
49300,93026
49300,59528
49300,60053
49300,15672
49300,17762
49300,124518
49301,36811
49301,84815
49301,105401
49301,68047
49301,122158
49301,21120
49301,106104
49301,100777
49301,113631
49301,132728
49301,5727
49301,115152
49301,129867
49301,58292
49301,89934
49301,84216
49301,137886
49301,6513
49301,136542
49301,103125
49301,35091
49304,89359
49304,98239
49304,140239
49304,89046
49304,90730
49304,126719
49304,36871
49304,31336
49304,7523
49304,58833
49304,62433
49304,73778
49304,7880
49304,114304
49304,13603
49304,79026
49304,92663
49304,135779
49305,109370
49305,48225
49305,87355
49305,86218
49305,129378
49305,1764
49305,98252
49305,53747
49305,28576
49305,38780
49305,42549
49305,105102
49305,95608
49305,128643
49305,134721
49305,41884
49305,95533
49305,43723
49305,100742
49305,86053
49305,38318
49305,69091
49305,130722
49305,126730
49305,126154
49305,138494
49305,55943
49305,91664
49305,15633
49305,99032
49305,57996
49305,62704
49305,124207
49306,52692
49306,82243
49306,3814
49306,131240
49306,33899
49306,58991
49306,98073
49306,15855
49306,2918
49306,23560
49306,116969
49306,75752
49306,34765
49306,30575
49306,61766
49306,47761
49306,52304
49306,46436
49306,130677
49306,66669
49310,28845
49310,5585
49310,19595
49310,119846
49310,51041
49310,73568
49310,74948
49310,88396
49310,41391
49310,64409
49310,105178
49310,60761
49310,7742
49310,7082
49310,6092
49310,71117
49310,79127
49310,107921
49310,25349
49314,126937
49314,53235
49314,8560
49314,93725
49314,120134
49314,71928
49314,40929
49314,71023
49314,138174
49314,31002
49314,90015
49314,42073
49314,74799
49314,111108
49314,65482
49314,56013
49314,94133
49314,15415
49314,58759
49314,128688
49314,117333
49314,49122
49314,52479
49314,29900
49314,27665
49314,30139
49314,19167
49314,67431
49314,81681
49314,132981
49314,136400
49314,128569
49314,5827
49315,91172
49315,743
49315,113108
49315,124224
49315,18651
49315,64074
49315,76856
49315,46279
49315,16687
49315,140337
49315,65799
49315,38926
49315,109576
49315,140239
49315,22131
49315,90583
49317,106831
49317,13977
49317,2275
49317,93595
49317,135165
49317,21103
49317,87929
49317,126035
49317,84378
49317,79329
49317,18018
49317,44224
49317,91394
49317,63101
49317,113274
49317,46832
49317,123370
49317,98033
49317,91210
49317,16607
49317,85718
49317,111454
49317,100171
49317,140694
49317,6413
49317,123712
49317,65769
49317,81774
49317,120781
49317,17774
49319,133227
49319,30867
49319,50912
49319,117787
49319,7659
49319,126103
49319,128529
49319,1563
49319,110402
49319,79968
49319,132974
49319,136686
49319,77219
49319,40814
49319,67367
49319,27040
49319,11668
49319,68723
49319,43624
49319,111336
49319,106560
49319,31548
49319,17345
49319,74782
49319,64541
49319,101051
49321,419
49321,79068
49321,68002
49321,125053
49321,89951
49321,119197
49321,66506
49321,119127
49321,84526
49321,112568
49321,91687
49321,98359
49321,55073
49321,65100
49321,111940
49321,116455
49321,67376
49321,136025
49321,56064
49321,225
49321,111435
49321,136880
49321,62168
49321,1535
49321,117012
49321,1260
49321,117751
49321,109594
49321,98557
49321,77465
49321,131344
49321,80251
49322,55047
49322,41808
49322,62189
49322,127377
49322,29410
49322,90287
49322,126445
49322,22744
49322,87248
49322,66798
49322,102205
49322,41280
49322,44126
49322,35543
49322,92828
49322,29395
49322,42766
49322,129033
49322,67945
49322,27350
49322,130704
49322,4606
49325,80034
49325,13674
49325,61695
49325,28495
49325,116211
49325,85430
49325,6202
49325,116176
49325,19465
49325,140120
49325,115954
49325,122589
49325,11991
49325,100081
49325,68282
49325,72473
49325,75125
49325,57648
49325,119207
49325,135565
49325,54979
49325,8343
49325,110786
49325,100238
49325,122749
49325,23862
49325,64020
49325,22379
49325,23095
49325,25036
49325,28399
49325,6656
49326,85089
49326,2980
49326,6140
49326,115831
49326,91021
49326,85163
49326,34160
49326,18418
49326,120379
49326,17526
49326,6907
49326,105913
49326,132031
49326,92634
49326,22007
49326,20433
49326,122462
49326,935
49326,130456
49326,58003
49326,26996
49326,89519
49326,40392
49326,83318
49326,74551
49326,86859
49326,71366
49326,11678
49326,135200
49326,35221
49326,54611
49326,97135
49326,50691
49326,14796
49326,112059
49327,85841
49327,96101
49327,31732
49327,30432
49327,93885
49327,66719
49327,87601
49327,22450
49327,21972
49327,24146
49327,86791
49327,110908
49327,114312
49327,113926
49327,89963
49327,100731
49327,126376
49327,104433
49327,18641
49327,119053
49327,61553
49327,10666
49327,39740
49327,132201
49327,24738
49327,128758
49327,7817
49327,104431
49327,46706
49327,132691
49327,137183
49329,85089
49329,115831
49329,22007
49329,77723
49329,92634
49329,34160
49329,85163
49329,91021
49329,18418
49329,2980
49329,112059
49329,50691
49329,130456
49329,17526
49329,935
49329,120379
49329,126217
49329,76580
49329,75990
49329,57094
49329,17635
49329,6140
49329,4662
49329,122462
49329,83318
49329,55544
49329,57778
49329,89141
49329,126869
49329,3969
49329,86859
49329,35221
49329,135200
49330,13641
49330,123300
49330,34300
49330,6340
49330,72675
49330,121786
49330,17499
49330,133986
49330,118673
49330,101452
49330,60845
49330,128377
49330,74781
49330,8665
49330,105426
49330,133453
49330,52995
49330,126178
49330,122228
49330,51042
49330,83165
49330,140435
49330,136304
49330,93894
49330,48418
49330,17900
49330,66568
49330,101424
49330,135654
49331,120612
49331,82508
49331,139303
49331,115202
49331,69543
49331,130803
49331,16003
49331,125090
49331,120070
49331,81839
49331,110032
49331,22051
49331,93540
49331,122323
49331,19585
49331,67551
49331,52198
49331,100931
49331,34404
49331,64908
49331,91411
49331,48339
49331,98706
49331,29288
49331,125270
49331,59458
49331,68484
49331,111670
49331,105092
49331,122924
49331,76737
49332,124166
49332,419
49332,68002
49332,79068
49332,137514
49332,111508
49332,66506
49332,31359
49332,131901
49332,65100
49332,17105
49332,59081
49332,69489
49332,85065
49332,62168
49332,125053
49332,91084
49332,18085
49332,136025
49332,112568
49332,91687
49332,136880
49332,67569
49332,77465
49332,131344
49332,67376
49332,56064
49332,117751
49332,18635
49332,111831
49332,80251
49332,39748
49333,68964
49333,84521
49333,69043
49333,75700
49333,99563
49333,138263
49333,56085
49333,9632
49333,10329
49333,138143
49333,68283
49333,63437
49333,127936
49333,120479
49333,87572
49333,32344
49333,124749
49333,72506
49333,103440
49333,57307
49334,45952
49334,2597
49334,14811
49334,49009
49334,121651
49334,129804
49334,58061
49335,69283
49335,122371
49335,58118
49335,27102
49335,125483
49335,111618
49335,109774
49335,105372
49335,118487
49335,119985
49335,1951
49335,984
49335,66283
49335,64205
49335,57926
49335,121376
49335,27288
49335,8901
49335,110253
49335,138781
49335,70290
49335,82803
49335,91245
49335,125870
49335,51591
49335,32354
49335,28319
49337,114364
49337,93406
49337,17018
49337,2501
49337,18142
49337,43185
49337,101586
49337,72980
49337,45508
49337,101334
49337,19823
49337,17592
49337,129233
49337,102206
49337,54045
49337,98783
49337,69364
49337,88593
49339,117064
49339,107169
49339,7003
49339,74117
49339,27211
49339,130910
49339,93122
49339,75440
49340,4141
49340,20379
49340,112900
49340,108448
49340,67402
49340,62083
49340,9288
49340,23881
49340,94655
49340,79811
49340,140138
49340,17926
49340,85251
49340,97851
49340,86992
49340,102333
49340,103757
49340,95553
49340,117037
49340,109916
49340,104631
49340,82928
49340,95643
49340,81934
49340,89892
49340,81581
49340,24665
49340,140163
49340,140078
49340,53972
49340,42912
49340,108794
49340,73768
49340,48399
49341,95292
49341,42693
49341,30949
49341,117990
49341,19465
49341,75125
49341,86606
49341,109793
49341,123641
49341,118800
49341,94188
49341,34066
49341,104333
49341,127297
49341,52622
49341,88226
49341,119207
49341,110302
49341,101743
49341,106222
49341,139976
49341,86342
49341,65788
49341,125423
49341,76770
49341,90770
49341,121785
49341,64020
49341,15634
49341,8992
49341,117129
49341,127488
49341,117931
49341,6080
49341,81862
49342,37598
49342,88771
49342,101445
49342,33217
49342,96327
49342,53004
49342,85902
49342,120962
49342,16551
49342,53367
49342,139180
49342,36035
49342,130160
49342,108230
49342,99157
49342,77441
49342,11609
49342,65132
49342,105031
49342,12401
49342,24663
49342,138739
49342,23682
49342,18783
49342,136257
49342,128188
49342,23541
49342,8566
49342,127661
49342,34127
49342,45008
49342,59073
49342,131421
49343,52018
49343,108104
49343,113921
49343,122691
49343,51821
49343,114919
49343,2869
49343,115401
49343,95770
49343,138986
49343,49554
49343,101155
49343,2495
49343,135372
49343,12654
49343,94128
49343,2705
49343,86794
49343,1344
49343,65696
49343,53169
49343,29063
49343,95817
49343,106899
49343,110335
49344,35646
49344,94532
49344,37742
49344,16939
49344,111432
49344,96081
49344,87342
49344,6809
49344,48360
49344,124763
49344,72670
49344,67792
49344,98216
49344,129843
49344,135040
49344,106653
49344,26190
49344,91169
49344,71784
49344,2091
49344,12224
49344,99629
49344,47283
49344,42499
49344,7651
49344,100110
49344,13511
49344,7941
49344,100312
49344,87339
49344,115096
49344,131660
49344,114939
49345,67140
49345,103908
49345,134845
49345,101406
49345,130468
49345,125744
49345,81804
49345,15609
49345,24092
49345,19807
49345,114209
49345,131350
49345,5293
49345,8134
49345,54116
49345,106647
49345,13760
49345,30435
49345,67619
49345,82897
49345,99844
49345,72508
49345,98347
49345,129643
49345,97432
49345,61946
49345,90254
49345,139165
49345,62587
49345,7432
49345,18410
49345,109612
49347,83823
49347,11085
49347,40164
49347,103209
49347,101629
49347,121158
49347,89646
49347,129913
49347,15529
49347,32956
49347,56129
49347,116010
49347,41435
49347,110156
49347,122609
49347,18259
49347,98992
49347,30917
49347,67413
49347,104029
49347,123962
49347,127371
49347,54270
49348,21362
49348,33802
49348,58464
49348,120509
49348,32410
49348,117971
49348,9752
49348,715
49348,54077
49348,110218
49348,44736
49348,99722
49348,135544
49348,135439
49348,72121
49348,53533
49348,28805
49348,3279
49348,55728
49348,46526
49348,30931
49348,74283
49348,16715
49348,140003
49348,72135
49348,9469
49348,849
49348,16260
49348,33968
49348,1723
49348,110844
49348,140541
49353,104526
49353,132061
49353,75562
49353,9813
49353,70213
49353,77643
49353,65332
49353,136720
49353,57936
49353,5947
49353,40222
49353,10438
49353,57986
49353,43672
49353,110375
49353,30082
49353,100401
49353,6992
49353,101015
49353,24499
49353,35328
49353,64373
49353,58079
49353,9128
49353,54517
49353,102366
49353,41564
49353,35505
49353,96994
49353,134568
49353,15705
49356,1120
49356,21458
49356,68893
49356,14710
49356,63162
49356,17913
49356,126643
49356,140582
49356,60302
49357,19919
49357,58795
49357,12979
49357,12199
49357,85628
49357,87347
49357,54396
49357,43725
49357,96368
49357,61077
49357,110291
49357,113766
49357,135488
49359,80367
49359,89442
49359,89855
49359,130014
49359,137294
49359,75786
49359,139372
49359,56744
49359,59065
49359,77001
49359,109705
49359,138397
49359,49533
49359,111806
49359,123464
49359,134537
49359,23974
49359,79827
49359,32377
49359,80111
49359,31231
49359,78209
49359,59297
49359,133007
49359,115452
49359,65053
49359,66432
49360,96853
49360,23453
49360,28771
49360,122528
49360,97225
49360,95383
49360,115088
49360,3547
49360,50258
49362,31761
49362,30016
49362,41014
49362,57023
49362,120282
49362,41402
49362,79192
49362,103996
49362,91231
49362,34254
49362,117125
49362,122134
49362,126804
49362,139292
49362,36022
49362,68155
49362,98509
49362,110795
49362,11393
49362,38086
49362,116296
49362,7091
49362,119888
49362,69988
49362,102996
49362,12058
49362,75303
49362,42440
49362,108924
49362,97841
49362,136858
49362,25670
49362,87251
49363,73333
49363,124202
49363,94209
49363,64165
49363,130803
49363,101443
49364,108152
49364,52204
49364,94446
49364,65535
49364,21231
49364,111905
49364,27952
49364,111997
49364,2312
49364,80863
49364,41632
49364,138555
49364,125641
49364,1474
49364,42127
49364,15439
49364,140396
49364,52283
49364,74272
49364,13398
49364,10681
49364,107698
49364,113504
49364,124538
49364,74022
49364,73138
49364,119669
49364,27221
49364,134459
49365,123424
49365,117232
49365,121285
49365,56662
49365,10216
49365,92256
49365,37282
49365,136287
49365,108658
49365,65146
49365,97491
49365,114118
49365,126157
49365,133790
49366,122795
49366,77605
49366,23150
49366,24003
49366,140723
49366,17853
49366,100913
49366,9312
49366,69294
49366,19598
49366,26804
49366,20299
49366,123209
49366,37278
49366,82482
49366,38183
49366,124441
49366,63347
49366,52801
49366,11244
49366,130249
49366,66769
49366,5739
49366,11726
49366,93383
49366,89148
49366,16096
49366,122138
49366,75069
49367,136008
49367,75840
49367,130692
49367,76822
49367,79892
49367,39932
49367,139835
49367,129457
49367,120608
49367,57518
49367,75654
49367,14534
49367,41098
49367,140758
49367,81192
49367,79245
49367,27700
49367,11569
49367,136133
49367,108782
49367,67817
49367,64809
49367,51470
49367,41775
49367,119905
49367,41823
49367,132400
49367,23690
49367,40325
49367,91233
49367,33634
49367,136766
49367,40978
49368,106313
49368,125091
49368,90768
49368,106891
49368,34162
49368,8781
49368,86872
49368,37651
49368,101462
49368,138541
49368,95559
49368,75660
49368,95348
49368,74313
49368,129694
49368,90631
49368,64690
49368,133230
49368,134887
49368,137215
49368,86329
49368,78654
49368,46163
49368,109639
49368,76121
49371,96805
49371,102486
49371,129964
49371,116492
49371,85845
49371,107432
49371,48560
49371,96634
49371,40694
49371,41798
49371,93975
49371,10832
49371,88176
49371,29412
49371,34335
49371,15078
49371,127854
49371,25776
49371,87965
49371,134704
49371,79125
49371,125595
49372,65855
49372,119588
49372,81830
49372,81217
49372,130850
49372,5131
49372,83438
49372,124483
49372,65520
49372,30562
49372,83953
49372,15607
49372,47308
49372,118395
49372,79033
49372,21839
49372,73184
49372,62510
49372,54873
49372,12228
49372,98803
49372,39047
49372,30422
49372,39677
49372,100594
49372,96513
49372,101697
49372,137189
49372,135753
49372,81654
49372,131404
49373,73745
49373,21808
49373,10107
49373,32358
49373,57114
49373,5286
49373,139917
49373,10763
49373,121350
49373,32842
49373,122734
49373,40441
49373,113229
49373,112101
49373,34020
49373,58217
49373,66606
49373,106236
49373,94194
49373,27525
49373,82404
49373,137264
49373,69607
49373,126073
49373,121675
49373,134883
49373,98323
49373,82688
49374,43735
49374,868
49374,84316
49374,3002
49374,3335
49374,125420
49374,72769
49374,68378
49374,19740
49374,55248
49374,55348
49374,39442
49374,134879
49374,88716
49374,71843
49374,75383
49374,64882
49374,71020
49374,68128
49374,103664
49374,100213
49374,51058
49374,63809
49374,74477
49374,95994
49374,123053
49374,109334
49374,20769
49374,126238
49375,80777
49375,96504
49375,89957
49375,16774
49375,135623
49375,57158
49375,26978
49375,86824
49375,90187
49375,13438
49375,103880
49375,85470
49375,62048
49375,69717
49375,41559
49375,112885
49375,25631
49375,84855
49375,638
49375,6930
49375,63990
49375,55844
49375,96467
49375,119720
49375,47580
49375,34764
49377,51588
49377,17714
49377,96957
49377,88081
49377,118778
49377,60750
49377,103074
49377,28603
49377,104061
49377,91634
49377,125176
49377,24723
49377,136018
49377,136399
49377,125941
49377,30231
49377,40702
49377,1575
49377,7310
49377,62314
49377,104494
49377,124020
49377,73471
49377,94124
49377,119196
49377,34168
49377,92352
49377,124993
49377,129484
49377,5119
49377,17310
49378,64012
49378,131099
49378,48764
49378,50459
49378,123660
49378,125382
49378,134310
49378,45056
49378,69961
49378,40331
49378,47165
49378,32769
49378,24827
49378,63449
49378,72914
49378,110550
49378,28851
49378,92501
49378,16447
49378,19104
49378,82405
49378,37462
49378,68560
49378,3752
49378,96787
49378,80989
49378,39319
49378,69114
49381,115503
49381,25529
49381,64596
49381,43405
49381,109103
49381,45634
49381,77775
49381,116173
49381,68984
49381,91134
49381,51760
49381,40211
49381,23642
49381,13716
49381,107399
49381,137407
49381,138178
49381,66652
49381,49280
49381,88321
49381,87826
49381,47059
49381,12977
49381,85189
49381,135186
49381,89157
49381,97581
49381,126612
49381,92057
49381,58804
49381,111092
49382,93351
49382,6522
49382,19317
49382,35546
49382,52393
49382,65031
49382,65938
49382,32767
49382,64113
49384,69937
49384,53494
49384,17633
49384,2531
49384,78624
49384,47786
49384,30338
49384,30878
49384,124242
49384,59175
49384,10608
49384,65219
49384,12940
49384,64657
49384,4472
49384,101588
49384,4571
49384,131893
49384,13603
49384,448
49384,103515
49384,44686
49384,90610
49384,135774
49384,42556
49384,43441
49384,2087
49384,109846
49384,19826
49384,121395
49384,39284
49385,75700
49385,87519
49385,69043
49385,68964
49385,110994
49385,56085
49385,14231
49385,68283
49385,10329
49385,9632
49385,40201
49385,42474
49385,127936
49385,105942
49385,6457
49385,72133
49385,131243
49385,72100
49385,46165
49385,26831
49385,23128
49385,33979
49385,52854
49385,109977
49385,57307
49386,79315
49386,105880
49386,60237
49386,10446
49386,127571
49386,31708
49386,31911
49386,84369
49386,80957
49386,36752
49386,84145
49386,103113
49386,127300
49386,36964
49386,7282
49386,44536
49386,6064
49386,32251
49386,134515
49386,5249
49390,63011
49390,30236
49390,71932
49390,84360
49390,116932
49390,105978
49390,134142
49390,135275
49390,120666
49390,36419
49390,121474
49390,111017
49390,94294
49390,6806
49390,92509
49390,233
49390,114029
49390,4284
49390,130096
49390,49253
49390,132810
49390,124646
49390,52952
49390,50955
49390,16510
49390,131045
49390,96260
49390,102872
49390,63080
49390,100469
49393,135484
49393,3614
49393,137676
49393,25494
49393,125830
49393,39226
49393,24
49393,34818
49393,102899
49393,58090
49393,81595
49393,42579
49393,41175
49393,42647
49393,50718
49393,134026
49393,87004
49393,109634
49393,78058
49393,59472
49393,95903
49393,96884
49393,65528
49393,40370
49393,43647
49393,1317
49393,21936
49393,54787
49393,65994
49393,134422
49394,33934
49394,23097
49394,16060
49394,128564
49394,44442
49394,26451
49394,33332
49394,120593
49394,90880
49394,51415
49394,2640
49394,66341
49394,18004
49399,23648
49399,109346
49399,46029
49399,92432
49399,65456
49399,23777
49399,19157
49399,37420
49399,34221
49399,28877
49399,124602
49399,86717
49399,7065
49399,54187
49399,4301
49399,110836
49399,101446
49399,20173
49399,37330
49399,137646
49399,117835
49399,103595
49399,94988
49399,126942
49399,55859
49399,108023
49399,128272
49401,52732
49401,130658
49401,32548
49401,9676
49401,117112
49401,15186
49401,42926
49401,136076
49401,24164
49401,80052
49401,14535
49401,46221
49401,84736
49401,96916
49401,122713
49401,124555
49401,57632
49401,61801
49401,1189
49401,88820
49401,87469
49401,69188
49401,73627
49401,92030
49401,58080
49401,137703
49401,123213
49401,116861
49401,15284
49401,37481
49401,2714
49402,30514
49402,134224
49402,21193
49402,19766
49402,36874
49402,132653
49402,65311
49402,60545
49403,17460
49403,88613
49403,33428
49403,98689
49403,135426
49403,36763
49403,57010
49403,67291
49403,126249
49403,72503
49403,131951
49403,8206
49403,73888
49403,33353
49403,13705
49403,16308
49403,75260
49403,39505
49403,20737
49403,62649
49403,131436
49403,70312
49403,107535
49403,72839
49403,94032
49403,36202
49403,13067
49404,125744
49404,100664
49404,67140
49404,24092
49404,19807
49404,131350
49404,5293
49404,134845
49404,30435
49404,39526
49404,106647
49404,14912
49404,8134
49404,99844
49404,98347
49404,53266
49404,99219
49404,129643
49404,18410
49404,90254
49404,109612
49404,112871
49404,97432
49404,7432
49404,139165
49404,67619
49406,120572
49406,82289
49406,44381
49406,333
49406,124612
49406,28260
49406,127812
49406,85836
49406,4081
49406,89448
49406,16730
49406,69426
49406,76728
49406,37003
49406,79340
49406,124276
49406,137429
49406,126197
49406,48454
49406,15458
49406,83447
49406,14259
49406,139112
49406,30535
49406,62608
49406,117224
49406,77528
49406,103166
49406,29649
49406,104419
49406,38585
49406,8164
49408,59228
49408,46498
49408,18209
49408,26079
49408,502
49408,107568
49408,29158
49408,11651
49408,58539
49408,97510
49408,78735
49408,18561
49408,42354
49408,4055
49408,4236
49408,39336
49408,9722
49408,86568
49408,115532
49408,48881
49408,123291
49408,121961
49408,66368
49408,79244
49408,81524
49408,54274
49408,47267
49408,86487
49408,140802
49408,17421
49408,99215
49408,132987
49410,113503
49410,91281
49410,17903
49410,110648
49410,15872
49410,112239
49410,119739
49410,15878
49410,20276
49410,84768
49410,28456
49410,93758
49410,1161
49410,84938
49410,58228
49410,137009
49410,87059
49410,8852
49410,67944
49410,135290
49412,74514
49412,885
49412,78613
49412,91611
49412,92705
49412,118084
49412,82435
49412,59780
49412,93033
49412,120146
49412,65019
49412,2704
49412,16934
49412,62561
49412,99221
49412,68795
49412,50417
49412,59454
49412,91871
49412,138069
49412,138758
49412,91848
49412,53590
49412,69911
49412,93055
49412,129396
49412,111268
49412,32068
49412,91981
49412,115123
49412,41688
49417,131917
49417,132210
49417,80545
49417,103174
49417,101520
49417,33828
49417,3724
49417,57169
49417,106307
49417,73145
49417,87652
49417,46027
49417,37540
49417,96808
49417,19157
49417,94988
49417,75907
49417,19836
49417,63417
49417,53883
49417,11359
49417,34221
49417,20022
49417,123898
49417,52703
49417,56573
49417,37330
49417,3235
49417,118206
49417,123583
49417,56697
49417,128272
49418,34942
49418,65690
49418,106455
49418,12747
49418,31737
49418,92802
49418,103756
49418,29138
49418,123435
49418,42488
49418,64795
49418,80671
49418,79600
49418,83212
49418,121337
49418,58416
49418,90135
49419,89728
49419,26069
49419,20051
49419,122918
49419,41792
49419,36069
49419,121074
49419,94793
49419,111996
49419,8178
49419,69012
49419,75820
49419,60370
49419,87779
49419,54813
49419,88239
49419,47887
49419,13947
49419,87157
49419,14448
49419,59123
49419,127632
49419,168
49419,33124
49419,94545
49419,17831
49419,85738
49419,104997
49419,7607
49419,67342
49419,6275
49419,62335
49420,36171
49420,73745
49420,54438
49420,104455
49420,32969
49420,57845
49420,22578
49420,15351
49420,6128
49420,1426
49420,40441
49420,126950
49420,68813
49420,34020
49420,57114
49420,41944
49420,112479
49420,52209
49420,139747
49420,123227
49420,108751
49420,82404
49420,10763
49420,84914
49420,32842
49420,23073
49420,139418
49420,82688
49420,112101
49420,57903
49420,77210
49420,134831
49420,112658
49421,135420
49421,69069
49421,57363
49421,28438
49421,115880
49421,35994
49421,539
49421,68805
49421,96225
49421,112876
49421,120417
49421,45874
49421,28645
49421,51049
49421,78130
49421,19785
49421,70549
49421,131453
49421,93958
49421,9856
49421,38759
49421,97436
49421,110645
49421,105499
49421,23574
49421,34564
49421,104304
49421,15540
49421,20187
49421,81023
49421,19311
49421,21623
49421,93650
49423,104089
49423,123177
49423,26743
49423,85336
49423,24074
49423,102652
49423,37883
49423,87144
49423,36833
49423,11926
49423,91258
49423,73969
49423,124662
49423,67936
49423,46144
49423,58873
49423,23801
49423,55316
49423,67531
49424,73356
49424,48678
49424,100523
49424,113892
49424,75748
49424,94807
49424,9016
49424,25570
49424,135446
49424,86205
49424,128946
49424,122455
49424,15976
49424,24430
49424,95788
49424,136428
49424,39789
49424,97072
49424,17768
49424,51541
49424,36263
49424,21318
49424,54947
49424,115194
49424,108811
49424,13992
49424,140645
49424,69487
49424,22632
49424,45658
49424,109478
49424,12822
49425,68468
49425,4340
49425,91
49425,110746
49425,97257
49425,51133
49425,67657
49425,74792
49425,82327
49425,128692
49425,107879
49425,104261
49425,32549
49425,105963
49425,50452
49425,78547
49427,5279
49427,72236
49427,112071
49427,5178
49427,105893
49427,101494
49427,131861
49427,93245
49427,115346
49427,65478
49427,14423
49427,15127
49427,114812
49427,105122
49427,119858
49427,25958
49427,2259
49427,79576
49427,15274
49427,67248
49427,51999
49427,14320
49427,126179
49427,81519
49427,58936
49427,19452
49427,119945
49428,17253
49428,34873
49428,71739
49428,11284
49428,113586
49428,115048
49428,67813
49428,96099
49428,70196
49428,25566
49428,140436
49428,71662
49428,48230
49428,25684
49428,67887
49428,100586
49428,40380
49428,8456
49428,22700
49428,40442
49428,69688
49428,27855
49428,26507
49428,29953
49428,3046
49428,82394
49428,108963
49428,2902
49428,12912
49428,46883
49428,5847
49428,76087
49428,17967
49430,109576
49430,28731
49430,38910
49430,87618
49430,4571
49430,91714
49430,65799
49430,38926
49430,16687
49430,42855
49430,92307
49430,25154
49430,14242
49430,70987
49430,89536
49430,139464
49430,39825
49430,82136
49430,34036
49430,53665
49430,17810
49430,94751
49430,64975
49430,72077
49430,119751
49430,128447
49430,1595
49430,84191
49433,110554
49433,115147
49433,75335
49433,53650
49433,69341
49433,111476
49433,116944
49433,108799
49433,39578
49433,124285
49433,29715
49433,44091
49433,129223
49433,106977
49433,16883
49436,88251
49436,68976
49436,29859
49436,123986
49436,93666
49436,75476
49436,17166
49436,86970
49436,80381
49436,76428
49436,55359
49436,61851
49436,121177
49436,122553
49436,53355
49436,51667
49436,130066
49436,132871
49436,95952
49436,17070
49436,105774
49436,110876
49436,112260
49436,110781
49436,54148
49436,21861
49436,133298
49436,116015
49436,46927
49436,38254
49436,131315
49436,113466
49438,33453
49438,124347
49438,29378
49438,108340
49438,71096
49438,11810
49438,64408
49438,90077
49438,51347
49438,22273
49438,86608
49438,47215
49438,117170
49438,121072
49438,57865
49438,75137
49438,74800
49438,84362
49438,17899
49438,66715
49438,75320
49438,130837
49438,129075
49438,84459
49438,20881
49438,33926
49438,121976
49438,139280
49438,62688
49438,47839
49438,87705
49439,118674
49439,21450
49439,95085
49439,64517
49439,49301
49439,89144
49439,83043
49439,42981
49439,35044
49439,104679
49439,69200
49439,92965
49439,64015
49439,42292
49439,51573
49439,87421
49439,102633
49439,117793
49439,71556
49439,122060
49439,17880
49439,131510
49439,8409
49439,18255
49439,43964
49440,21805
49440,11838
49440,100473
49440,31381
49440,112519
49441,5355
49441,30762
49441,94203
49441,99726
49441,131744
49441,73816
49441,48363
49441,47637
49441,27357
49441,17493
49441,115941
49441,130141
49441,29265
49441,70834
49441,127959
49441,71488
49441,110269
49441,25370
49441,67810
49441,3189
49441,8983
49441,40335
49441,43266
49441,524
49441,135274
49441,28494
49441,100206
49441,139866
49441,90078
49441,37813
49441,118353
49442,17253
49442,5866
49442,29953
49442,96099
49442,8456
49442,34873
49442,5847
49442,131410
49442,66829
49442,11284
49442,48230
49442,40442
49442,40380
49442,57385
49442,27855
49442,67887
49442,95512
49442,71662
49442,25684
49442,76087
49442,100586
49442,70196
49442,113586
49442,69688
49442,21062
49442,22700
49442,372
49442,133165
49442,88899
49442,28585
49442,26507
49442,3046
49443,45803
49443,133631
49443,80045
49443,114648
49443,6971
49443,104188
49443,14943
49443,129727
49443,69144
49443,71019
49443,29738
49443,83328
49443,7793
49443,105334
49443,13323
49443,21533
49443,97789
49443,115091
49443,5999
49443,20084
49443,46256
49443,78148
49443,58836
49443,119958
49443,136001
49443,85922
49443,121333
49443,39112
49443,131376
49443,103431
49443,61419
49443,33012
49443,44587
49444,64140
49444,47948
49444,39653
49444,41898
49444,8073
49444,62235
49444,138552
49444,115473
49444,114907
49444,6974
49444,12694
49444,121128
49444,95479
49444,27228
49444,115517
49444,111847
49444,60094
49444,130462
49444,7067
49444,107035
49444,42513
49444,4607
49444,30383
49444,62564
49444,118632
49444,9258
49444,86663
49444,90676
49446,2833
49446,86001
49446,80544
49446,40128
49446,37083
49446,123545
49446,99758
49446,37010
49446,14502
49446,106664
49446,49707
49446,91486
49446,62665
49446,75999
49446,95816
49446,86176
49446,21188
49446,98907
49446,135044
49446,82233
49446,91866
49449,82970
49449,73760
49449,65388
49449,92445
49449,88142
49449,28528
49449,12206
49449,61444
49449,48666
49449,110779
49449,9408
49449,55435
49449,47880
49449,27426
49449,22124
49449,72510
49449,17974
49449,86798
49449,113963
49449,92797
49449,130589
49449,61627
49449,126348
49449,71050
49449,77309
49449,18993
49450,33083
49450,9987
49450,57181
49450,72057
49450,131608
49450,110346
49450,59154
49450,6271
49450,56330
49450,84802
49450,10552
49450,118366
49450,25168
49450,26357
49450,4297
49450,18107
49450,123948
49450,100892
49450,132104
49450,139764
49450,102144
49450,15716
49450,110977
49450,8243
49450,62030
49451,94188
49451,86606
49451,75125
49451,88226
49451,4780
49451,15634
49451,22607
49451,17739
49451,119207
49451,115954
49451,124191
49451,95292
49451,117990
49451,33607
49451,48877
49451,33405
49451,81375
49451,8992
49451,106872
49451,4573
49451,82439
49451,136865
49451,118755
49451,19565
49451,34683
49451,111453
49451,106222
49451,97147
49451,116460
49451,67282
49451,35696
49451,13435
49451,62167
49453,124166
49453,66506
49453,137514
49453,67569
49453,85065
49453,419
49453,65100
49453,24021
49453,67376
49453,31359
49453,68002
49453,116455
49453,79068
49453,89951
49453,112568
49453,111508
49453,136025
49453,18085
49453,91084
49453,1535
49453,136880
49453,91687
49453,98457
49453,56064
49453,98359
49453,225
49453,111940
49453,117012
49453,80251
49453,77465
49453,131344
49453,62168
49454,46794
49454,115388
49454,54845
49454,88341
49454,109739
49454,27942
49454,45126
49454,110556
49454,133502
49454,31946
49454,121897
49454,12218
49454,123880
49454,72154
49456,18651
49456,15267
49456,38910
49456,109576
49456,38926
49456,16687
49456,4571
49456,87618
49456,45966
49456,29643
49456,76856
49456,10214
49456,743
49456,53665
49456,97907
49456,65799
49456,91714
49456,28731
49456,89638
49456,82136
49456,119751
49456,128447
49456,78685
49456,90819
49456,92307
49456,42855
49456,17986
49456,39627
49456,72077
49456,43441
49457,114932
49457,124342
49457,21018
49457,137997
49457,37818
49457,104517
49457,77089
49457,116942
49457,40279
49457,59781
49457,134154
49457,38419
49457,26248
49457,24545
49457,68420
49457,90845
49457,70177
49457,46274
49457,94455
49457,131892
49457,35223
49457,102130
49457,78500
49457,49656
49457,90809
49457,38904
49457,125083
49457,59657
49457,117294
49457,60846
49457,122112
49457,60468
49457,77795
49458,95292
49458,116176
49458,115954
49458,75125
49458,124191
49458,96091
49458,123051
49458,119207
49458,65704
49458,29559
49458,8343
49458,92436
49458,16658
49458,76770
49458,118876
49458,136946
49458,119159
49458,8992
49458,96136
49458,4573
49458,41946
49458,77563
49458,11521
49458,9215
49458,100674
49458,52826
49458,100568
49458,28427
49458,6532
49458,69514
49458,117744
49458,99475
49458,91381
49458,97147
49459,63105
49459,20430
49459,69184
49459,106335
49459,46501
49459,57170
49459,14480
49459,101215
49459,78647
49459,3556
49459,32798
49459,82507
49459,8864
49459,96206
49459,91941
49459,101252
49459,101812
49459,34151
49459,77074
49459,24041
49459,27540
49459,63327
49459,5322
49459,4503
49459,15390
49459,75205
49459,133689
49459,20587
49459,4080
49459,70463
49459,41337
49459,113983
49459,63188
49461,20863
49461,38130
49461,44530
49461,122752
49461,51514
49461,21339
49461,45650
49461,96619
49461,120519
49461,34826
49461,19754
49461,6336
49461,29079
49461,15990
49461,58599
49461,54445
49461,74028
49461,47454
49461,56603
49461,91450
49462,8962
49462,38291
49462,56060
49462,117144
49462,89360
49462,107485
49462,58037
49462,2531
49462,43922
49462,27293
49462,25075
49462,126665
49462,6402
49462,117913
49462,78327
49462,72799
49462,135779
49462,15267
49462,10566
49462,47786
49462,78760
49462,28731
49462,57600
49462,31959
49462,109772
49462,114304
49462,81430
49462,3615
49462,123976
49462,92038
49462,126121
49464,50608
49464,38828
49464,94330
49464,14496
49464,112510
49464,36675
49464,99788
49464,99656
49464,84269
49464,54806
49464,133013
49464,46206
49464,117915
49464,30890
49464,72988
49464,78794
49464,125136
49464,98671
49464,106188
49464,11712
49464,69649
49464,102276
49464,101170
49464,70493
49464,111594
49464,128521
49464,13343
49464,74640
49465,84090
49465,95245
49465,47225
49465,118985
49465,97514
49465,27370
49465,87576
49465,43697
49465,96147
49465,72944
49465,34925
49465,38457
49465,56043
49465,89320
49465,37131
49465,76806
49465,124825
49465,81695
49465,51002
49465,74472
49465,124254
49465,103627
49465,86306
49465,23272
49465,23871
49465,129542
49465,16891
49465,77706
49465,24251
49465,49383
49468,92848
49468,96488
49468,13700
49468,18502
49468,71435
49468,140398
49468,101545
49468,45798
49468,53296
49468,42692
49469,61695
49469,28495
49469,136833
49469,85430
49469,140120
49469,64020
49469,13499
49469,57648
49469,68282
49469,24519
49469,116211
49469,77504
49469,86928
49469,116176
49469,70035
49469,39355
49469,80034
49469,4780
49469,59098
49469,50215
49469,100238
49469,135565
49469,8343
49469,105476
49469,134823
49469,65860
49469,100081
49469,6087
49469,25036
49469,28399
49469,131314
49469,71216
49471,127221
49471,55393
49471,3440
49471,3609
49471,81864
49471,76653
49471,32703
49471,114213
49471,1107
49471,42667
49471,138099
49471,76613
49471,32233
49471,20060
49471,96561
49471,11509
49471,12985
49471,67433
49473,116036
49473,121598
49473,116366
49473,62599
49473,36004
49473,130629
49473,36933
49473,109342
49473,48325
49473,2870
49473,109520
49473,89777
49473,40532
49473,83812
49473,70060
49473,58519
49473,34223
49473,19041
49473,95547
49473,58710
49473,122075
49473,2132
49473,43054
49473,75929
49473,95843
49473,126866
49473,132756
49473,16355
49473,81064
49473,64702
49473,43724
49474,43815
49474,46569
49474,9252
49474,91254
49474,51967
49474,112806
49474,122285
49474,137415
49474,560
49474,99236
49474,10418
49474,47556
49474,68206
49474,91620
49474,108213
49474,22830
49475,137751
49475,10107
49475,120403
49475,112479
49475,40441
49475,132696
49475,23636
49475,18601
49475,119399
49475,68813
49475,75736
49475,134586
49475,5703
49475,20192
49475,58217
49475,106236
49475,64913
49475,89579
49475,75805
49475,20871
49475,12299
49475,1426
49475,139855
49475,101078
49475,80635
49475,59461
49475,41977
49475,123227
49475,112658
49475,9589
49475,121675
49475,82688
49475,84914
49476,82149
49476,52001
49476,127578
49476,21695
49476,34555
49476,73466
49476,40356
49476,50521
49476,56783
49476,88091
49476,86210
49476,10982
49476,7486
49476,128393
49476,19072
49476,7896
49476,125696
49476,92945
49476,106321
49476,74527
49478,3178
49478,121922
49478,11316
49478,123329
49478,32346
49478,106163
49478,3316
49478,122567
49478,63540
49478,112774
49478,65793
49478,88216
49478,32102
49478,133827
49478,140537
49478,56322
49478,81349
49478,18154
49478,42489
49478,86547
49478,54926
49478,59992
49478,79693
49478,138594
49478,139738
49478,10826
49478,139185
49478,71779
49478,100409
49478,69234
49478,83047
49478,16957
49479,43607
49479,11177
49479,56248
49479,6900
49479,56949
49479,72004
49479,15033
49479,78244
49479,125488
49479,25486
49479,100939
49479,124171
49479,15025
49479,128219
49479,63854
49479,81528
49479,19543
49479,50388
49479,93477
49479,14606
49479,137156
49479,65373
49479,66906
49479,47863
49479,64424
49479,63666
49479,11164
49479,66658
49479,112919
49479,105804
49479,80933
49479,77923
49481,125744
49481,134845
49481,101406
49481,130468
49481,100748
49481,103908
49481,81804
49481,15609
49481,99219
49481,67140
49481,100664
49481,13760
49481,114209
49481,80832
49481,131350
49481,24092
49481,82897
49481,54116
49481,106647
49481,14912
49481,39526
49481,62587
49481,99844
49481,128339
49481,72508
49481,98347
49481,129643
49481,18410
49481,97432
49481,61946
49481,7432
49481,112871
49482,135551
49482,118800
49482,24519
49482,16826
49482,118766
49482,61695
49482,34066
49482,134686
49482,22471
49482,78866
49482,22431
49482,77504
49482,34578
49482,39355
49482,69514
49482,11948
49482,74882
49482,22607
49482,88219
49482,20136
49482,21443
49482,131203
49482,106872
49482,81720
49482,67161
49482,122582
49482,13019
49482,560
49482,10418
49482,47556
49482,97147
49482,108213
49483,17809
49483,91984
49483,15363
49483,81496
49483,74205
49483,51436
49483,58839
49483,121993
49483,44540
49483,43255
49483,26523
49483,30921
49483,113536
49483,58271
49483,62435
49483,99333
49483,113016
49483,107528
49483,95267
49483,75675
49483,46192
49483,91760
49483,44678
49483,97771
49483,136564
49483,74071
49483,121299
49483,94761
49483,99381
49483,57228
49483,118696
49483,74622
49485,30179
49485,53853
49485,110435
49485,92402
49485,107194
49485,98094
49485,128630
49485,83997
49485,3234
49485,138628
49485,65529
49485,97522
49485,99082
49485,27798
49485,99955
49485,26263
49485,134908
49485,47370
49485,59462
49485,68670
49485,21299
49485,12250
49485,43382
49485,73371
49485,63666
49485,36126
49485,65661
49485,70559
49485,28643
49485,109017
49485,24552
49485,139945
49485,67999
49487,34747
49487,17494
49487,15047
49487,37126
49487,103563
49487,21712
49487,37936
49487,44217
49487,130972
49487,51131
49487,119944
49487,108668
49487,108089
49487,78513
49487,133164
49487,44574
49487,75822
49487,73724
49487,89101
49487,75298
49488,136469
49488,91601
49488,248
49488,93978
49488,108191
49488,9801
49488,97704
49488,60274
49488,11957
49488,140202
49488,57690
49488,11297
49488,89878
49488,27617
49488,116063
49488,26016
49488,37450
49488,102251
49488,98465
49488,125343
49488,58819
49488,135249
49488,88671
49488,132490
49488,13139
49488,41484
49488,39503
49488,28414
49488,55264
49488,108094
49488,12346
49488,40412
49488,132045
49489,929
49489,28648
49489,97858
49489,103124
49489,99441
49489,129454
49489,103881
49489,10263
49489,51538
49489,119858
49489,59578
49489,113680
49489,98717
49489,54682
49489,66510
49489,70797
49489,83491
49489,58936
49489,124281
49489,106856
49489,424
49489,82609
49490,100056
49490,82493
49490,45580
49490,45932
49490,1903
49490,94424
49490,108506
49490,56019
49490,98813
49492,21943
49492,133501
49492,126529
49492,63458
49492,1683
49492,130362
49492,89422
49492,112088
49492,136466
49492,107015
49492,47181
49492,22820
49492,138885
49493,38346
49493,33591
49493,52283
49493,126818
49493,88389
49493,2094
49493,47864
49493,96772
49493,14840
49493,6642
49493,3628
49493,94584
49493,91667
49493,77254
49493,130594
49493,18294
49493,14180
49493,48913
49493,117772
49493,104310
49493,81787
49493,45731
49493,92868
49493,51883
49493,17580
49493,51616
49493,115106
49493,49855
49493,86248
49493,10642
49493,53172
49493,100549
49493,16246
49495,105386
49495,72697
49495,936
49495,63143
49495,108404
49495,15836
49495,87400
49495,128933
49495,4559
49496,64017
49496,133846
49496,44213
49496,82967
49496,19965
49496,118722
49496,119002
49496,53443
49496,68038
49496,98198
49496,7127
49496,122468
49496,4581
49496,89202
49496,100556
49496,40218
49496,121614
49496,69149
49496,58398
49496,114201
49496,83079
49496,80067
49496,79141
49496,11314
49496,7149
49496,30313
49496,112270
49496,97430
49496,130074
49496,47534
49496,25156
49496,69638
49496,130789
49497,92435
49497,87100
49497,114725
49497,24006
49497,41638
49497,49909
49497,40244
49497,23683
49497,95256
49497,51240
49497,79260
49497,77055
49497,3014
49497,134896
49497,56706
49497,100926
49497,59649
49497,3408
49497,79634
49497,76960
49497,33304
49497,62642
49497,139402
49497,30155
49497,66133
49497,88443
49504,138450
49504,56060
49504,115026
49504,107485
49504,45966
49504,78624
49504,43922
49504,24685
49504,140337
49504,124224
49504,51066
49504,14878
49504,140239
49504,3084
49504,6451
49504,46809
49504,92663
49504,72799
49504,31959
49504,124734
49504,79168
49504,87442
49504,84122
49504,47179
49504,69261
49504,53691
49504,21419
49504,25070
49504,121395
49504,126665
49504,119085
49505,134954
49505,71143
49505,116791
49505,6865
49505,9341
49505,64823
49505,63345
49505,128252
49505,100608
49505,94479
49505,65725
49505,135101
49505,72376
49505,129823
49505,33693
49505,47459
49505,87316
49505,69755
49505,41846
49505,118885
49505,20236
49505,58260
49505,56217
49505,53018
49505,46949
49505,127621
49505,127814
49505,4215
49505,41109
49505,103794
49506,67964
49506,48233
49506,5322
49506,133689
49506,133509
49506,121696
49506,37790
49506,31135
49506,120238
49506,34151
49506,7898
49506,96974
49506,110258
49506,113983
49506,99025
49506,85555
49506,27686
49506,137327
49506,86188
49506,45693
49506,72873
49506,113912
49506,131414
49506,68034
49506,59962
49506,17198
49506,59508
49506,11885
49506,74251
49506,79437
49506,94897
49506,94718
49506,30353
49507,80909
49507,79357
49507,81322
49507,138768
49507,130717
49507,107260
49507,106333
49507,127229
49507,47571
49507,107043
49507,51223
49507,112024
49507,37043
49507,126403
49507,69481
49507,106314
49507,84918
49507,103111
49507,28331
49507,63912
49507,90695
49507,103162
49507,138109
49507,8439
49507,73075
49507,68200
49507,89174
49507,55425
49507,14171
49507,127495
49507,71156
49507,36523
49507,128565
49507,53702
49507,14252
49508,32629
49508,32188
49508,9754
49508,114185
49508,95229
49508,76077
49508,118457
49508,86803
49508,116204
49508,65726
49508,50314
49508,52416
49508,62733
49508,52840
49508,111154
49508,31355
49508,95321
49508,74446
49508,130005
49508,104890
49508,51868
49510,88620
49510,34595
49510,104611
49510,53879
49510,4609
49510,3522
49510,114179
49510,98015
49510,93692
49510,97566
49510,89634
49510,19571
49510,12508
49510,140446
49510,30492
49510,110412
49510,101329
49510,38230
49510,25859
49510,129122
49510,92958
49510,79988
49510,139948
49510,106367
49510,14900
49510,24107
49510,12615
49510,83505
49510,92872
49510,68317
49510,53656
49510,12588
49510,8293
49511,57587
49511,64193
49511,16344
49511,105613
49511,31755
49511,57718
49513,34635
49513,57997
49513,14389
49513,83026
49513,67974
49513,44306
49513,53695
49513,140130
49513,115770
49513,7360
49513,24345
49513,49368
49513,29286
49513,43241
49513,40974
49513,86289
49513,130018
49513,1277
49513,93944
49513,18380
49513,7258
49513,8951
49513,3566
49513,17213
49513,32625
49513,117976
49513,33912
49513,32243
49513,70568
49513,32565
49513,103937
49513,72684
49515,73804
49515,80062
49515,134215
49515,68373
49515,63112
49515,16778
49515,67088
49515,60442
49515,17479
49515,100427
49515,33123
49515,46624
49515,98524
49515,58856
49515,26766
49515,9494
49515,63836
49515,12452
49515,127415
49515,139711
49515,45432
49515,62612
49516,59098
49516,75637
49516,78866
49516,67161
49516,100081
49516,11948
49516,86858
49516,92927
49516,39355
49516,71216
49516,85894
49516,112685
49516,26269
49516,70683
49516,12183
49516,62131
49516,81720
49516,39700
49516,91254
49516,131580
49516,88778
49516,47556
49516,108213
49516,5961
49516,32114
49516,9496
49519,96118
49519,37032
49519,58293
49519,1940
49519,25644
49519,134599
49519,119246
49519,31382
49519,4682
49519,40958
49519,63035
49519,54355
49519,100363
49519,1407
49519,61740
49519,121697
49519,10804
49519,15670
49519,91438
49519,126712
49519,100843
49519,17816
49519,13241
49519,140351
49519,52929
49519,102745
49519,120332
49519,18183
49519,115236
49519,28125
49519,12421
49519,118848
49519,124678
49521,126937
49521,8560
49521,111108
49521,71928
49521,120134
49521,74799
49521,52354
49521,71023
49521,30139
49521,52479
49521,92483
49521,53276
49521,29900
49521,27665
49521,1251
49521,86085
49521,120758
49521,30382
49521,107289
49521,5717
49521,128569
49522,7156
49522,115796
49522,47537
49522,93078
49522,107794
49522,63663
49522,48439
49522,22300
49523,45419
49523,69285
49523,84591
49523,16681
49523,123382
49523,50808
49523,36437
49523,73490
49523,134503
49523,23321
49523,62467
49523,122656
49523,128131
49523,87014
49523,57589
49523,44754
49523,89503
49523,112140
49523,3629
49523,66827
49523,45787
49523,23138
49523,48868
49523,49996
49523,42287
49523,118661
49523,55185
49523,53761
49523,66460
49523,39073
49523,77026
49524,20248
49524,3479
49524,116976
49524,73968
49524,26839
49524,19860
49524,22301
49524,109557
49524,130049
49524,138965
49524,120671
49524,10693
49524,134660
49524,128517
49524,136309
49524,47926
49524,80979
49524,26001
49524,5330
49524,114965
49524,111289
49524,64768
49524,19093
49524,10472
49524,121864
49524,118612
49526,68488
49526,89626
49526,112281
49526,22051
49526,12865
49526,66505
49526,16190
49526,50692
49526,95082
49526,25536
49526,112915
49526,82144
49526,90647
49526,67551
49526,129711
49526,49319
49526,28660
49526,73661
49526,105164
49526,52262
49526,19674
49526,12975
49526,27044
49526,64432
49526,28726
49526,44747
49526,78954
49526,13220
49526,82246
49526,86822
49526,70030
49527,134757
49527,23735
49527,138685
49527,95373
49527,28658
49527,75067
49527,4496
49527,23087
49527,77946
49527,69039
49527,114458
49527,139182
49527,114534
49527,16188
49527,113097
49527,88903
49527,6396
49527,23693
49527,21416
49527,55322
49527,118930
49528,36811
49528,84815
49528,100738
49528,21120
49528,106104
49528,113631
49528,68047
49528,105401
49528,5727
49528,115152
49528,129867
49528,107489
49528,84216
49528,72188
49528,58292
49528,124038
49528,89934
49528,82568
49528,55676
49528,137886
49528,73832
49528,6513
49528,103125
49528,44716
49530,82829
49530,81715
49530,66163
49530,70283
49530,67636
49530,85363
49530,35853
49530,124885
49530,89857
49530,113665
49530,20396
49530,95336
49530,43123
49530,134551
49530,81993
49530,46289
49530,102103
49530,12338
49530,37545
49530,52996
49530,130038
49530,119990
49530,131036
49530,12820
49530,100294
49530,119019
49530,133331
49530,111747
49530,82152
49530,2123
49530,133739
49531,65235
49531,112575
49531,109950
49531,61179
49531,120828
49531,18206
49531,57001
49531,81089
49531,59131
49531,75317
49531,12651
49531,119349
49531,1437
49531,6852
49531,42101
49531,139626
49531,10538
49531,126116
49531,65779
49531,38917
49531,39849
49531,40491
49531,138445
49531,28679
49533,22734
49533,110133
49533,5335
49533,63084
49533,76576
49533,72137
49533,106281
49533,70737
49533,14454
49533,58797
49533,92813
49533,74274
49533,20935
49533,90468
49533,91049
49533,97949
49533,19585
49533,5863
49533,35698
49533,86091
49533,115161
49533,19335
49533,13867
49533,34964
49533,13134
49533,31961
49533,82892
49533,6358
49533,64146
49533,60533
49535,134479
49535,26591
49535,84844
49535,110970
49535,125985
49535,73942
49535,130927
49535,56412
49535,81249
49535,67548
49535,93117
49535,99704
49535,29547
49535,55190
49535,61070
49535,127711
49535,26818
49535,138506
49535,6069
49535,14763
49535,36049
49535,131084
49535,8451
49535,11706
49535,127961
49535,30099
49535,33194
49535,68603
49535,124288
49536,137926
49536,29622
49536,99851
49536,140295
49536,131978
49536,138201
49536,126904
49536,9783
49536,50646
49536,121736
49536,8041
49536,121714
49536,36899
49536,85520
49536,126326
49536,72477
49536,64544
49536,7268
49536,134491
49536,14107
49536,113430
49536,70423
49536,106995
49536,16836
49536,1120
49536,77117
49536,114989
49536,59451
49536,39210
49536,126643
49536,60031
49536,72969
49537,111936
49537,53791
49537,86668
49537,51715
49537,67001
49537,79898
49537,10949
49537,127204
49537,117877
49537,11581
49537,49880
49537,59241
49537,73353
49537,11797
49537,15604
49537,31549
49537,11915
49537,104624
49537,6488
49537,14771
49537,120465
49537,65581
49537,70454
49537,100119
49537,28596
49537,101931
49537,46902
49537,126788
49537,48978
49537,125463
49537,128394
49538,90924
49538,56870
49538,14920
49538,38534
49538,18370
49538,134731
49538,97605
49538,19127
49538,44890
49538,29403
49538,40455
49538,29593
49538,137672
49538,36485
49538,65602
49538,71613
49538,56907
49538,102049
49538,104143
49538,62423
49538,22852
49538,72254
49538,47199
49538,44941
49538,86922
49538,124488
49538,90994
49538,39085
49538,42799
49538,136402
49538,125017
49539,129398
49539,43781
49539,110379
49539,6618
49539,54593
49539,34129
49539,78074
49539,18311
49539,10958
49539,41784
49539,25828
49539,65180
49539,77040
49539,80992
49539,61718
49539,59720
49539,126620
49539,79649
49539,19599
49539,108569
49539,36148
49539,29732
49539,108238
49539,60258
49539,73043
49539,24002
49539,104491
49539,25152
49539,55632
49539,128007
49541,72731
49541,52683
49541,126818
49541,23661
49541,131131
49541,53141
49541,47392
49541,79240
49541,64949
49541,110663
49541,137498
49541,78649
49541,5505
49541,121008
49541,115106
49541,90380
49541,80422
49541,70302
49541,46393
49541,93741
49541,92868
49541,98851
49541,103935
49541,16467
49541,126652
49541,66917
49541,51616
49541,122299
49541,62417
49541,21198
49541,118916
49541,15945
49543,30360
49543,79549
49543,91654
49543,13014
49543,127242
49543,124925
49543,127036
49543,26989
49543,129402
49543,135039
49543,110514
49543,78812
49543,85571
49543,67414
49543,62446
49543,61768
49543,78362
49543,85638
49543,2108
49543,75022
49543,88409
49543,101442
49543,118074
49543,104058
49543,136817
49543,101217
49543,6288
49543,20778
49543,15519
49543,134183
49545,99851
49545,10920
49545,100744
49545,64544
49545,85520
49545,21458
49545,114989
49545,14107
49545,27624
49545,70423
49545,62672
49545,93979
49545,118792
49545,75374
49545,106995
49545,111146
49545,106223
49545,27203
49545,17913
49545,6848
49545,79404
49545,59623
49545,54313
49545,20666
49545,18627
49545,92093
49545,56791
49545,129013
49545,19191
49545,121496
49545,126944
49545,77117
49545,90414
49547,44512
49547,61598
49547,125012
49547,4966
49547,61432
49547,65607
49547,77187
49547,29549
49547,135686
49547,52488
49547,118651
49547,117443
49547,85751
49547,108840
49547,103749
49547,126858
49547,89600
49547,86576
49547,74488
49547,61472
49547,16359
49547,121402
49547,135969
49547,59717
49547,67122
49547,32363
49547,28817
49547,49900
49547,42359
49547,11603
49547,138937
49547,99741
49547,91086
49550,24646
49550,60046
49550,80930
49550,81150
49550,2356
49550,130336
49550,86090
49550,75747
49550,43456
49550,7941
49550,44234
49550,28522
49550,136803
49550,61512
49550,73791
49550,129843
49550,98216
49550,66882
49550,99326
49550,12224
49550,111432
49550,132104
49550,40804
49550,37742
49550,91169
49550,48360
49550,87339
49550,114939
49550,100312
49550,131660
49550,42499
49550,131932
49550,37088
49552,35115
49552,7689
49552,69849
49552,66492
49552,113527
49552,109004
49552,106113
49552,57497
49552,19624
49552,46159
49552,108612
49552,23650
49552,47123
49552,112611
49552,54749
49552,64946
49552,123385
49552,42785
49552,30149
49552,68500
49552,104457
49552,1423
49552,113110
49552,137846
49552,80298
49552,53066
49552,125917
49552,25101
49552,34871
49552,52615
49552,79123
49552,2146
49553,138741
49553,66323
49553,1127
49553,37650
49553,43229
49553,100271
49553,76790
49553,7712
49553,51493
49553,36843
49553,100162
49553,39727
49553,7551
49553,90960
49553,69706
49553,56250
49553,75715
49553,78055
49553,60992
49553,140648
49553,107752
49553,73477
49553,76360
49553,22022
49553,46997
49553,45187
49553,63472
49553,41723
49553,27732
49553,47221
49555,40596
49555,80422
49555,53172
49555,64027
49555,10574
49555,134098
49555,23661
49555,125837
49555,122299
49555,107721
49555,118916
49555,119316
49555,64943
49555,17580
49555,52683
49555,124680
49555,130594
49555,361
49555,64949
49555,16499
49555,89365
49555,66917
49555,37923
49555,98851
49555,15945
49555,62417
49555,44170
49555,5505
49555,36020
49555,113169
49555,21198
49555,46393
49561,38443
49561,100969
49561,134563
49561,123530
49561,20499
49561,6492
49561,69993
49561,53123
49561,87914
49561,53389
49561,86294
49561,79041
49561,136184
49561,87871
49561,71309
49561,7577
49561,34325
49561,9949
49561,114096
49561,33980
49561,106373
49561,84877
49561,55659
49561,80764
49561,133400
49561,25546
49561,100461
49561,63095
49561,47843
49561,121782
49561,120606
49561,45407
49561,45754
49562,15828
49562,6834
49562,112200
49562,81851
49562,120907
49562,84679
49562,14473
49562,65004
49562,51901
49562,52631
49562,28958
49562,30190
49562,35763
49562,84127
49562,24900
49562,130282
49562,73677
49562,49527
49562,34002
49562,3900
49562,4093
49562,76394
49562,85834
49562,132228
49562,58532
49562,81046
49562,68476
49562,64283
49562,107238
49562,105772
49562,118683
49564,68443
49564,10129
49564,53642
49564,103882
49564,72609
49564,23838
49564,122130
49564,61092
49564,134328
49564,22024
49564,39062
49564,44200
49565,57854
49565,103110
49565,100827
49565,126005
49565,61423
49565,108705
49565,64299
49565,26721
49565,7812
49565,111384
49565,4746
49565,106228
49565,7099
49565,2853
49565,90448
49565,129726
49565,94418
49565,89762
49565,65656
49565,53361
49565,8369
49565,112116
49565,71830
49565,4244
49565,95687
49565,103569
49565,88480
49565,118098
49565,41103
49565,28167
49565,111819
49565,122178
49565,137741
49567,5870
49567,96493
49567,3086
49567,30637
49567,107168
49567,83581
49567,133919
49567,37233
49567,98722
49567,11566
49567,127141
49567,67392
49567,137873
49567,97212
49567,95130
49567,46314
49567,18453
49567,46595
49567,33555
49567,26639
49567,124728
49567,37018
49567,97119
49567,71836
49567,5379
49567,49073
49567,94125
49567,58688
49567,23550
49568,59198
49568,128923
49568,95721
49568,83244
49568,134061
49568,18781
49568,20494
49568,5552
49568,73049
49568,64849
49568,102493
49568,90152
49568,131718
49568,45131
49568,115821
49568,15652
49568,23433
49568,90317
49568,5269
49568,128606
49568,69630
49568,25589
49568,64790
49568,31199
49568,84083
49568,119971
49571,27686
49571,133509
49571,103982
49571,116852
49571,121696
49571,110258
49571,48233
49571,31135
49571,99025
49571,8917
49571,96974
49571,55865
49571,109868
49571,85555
49571,120238
49571,7898
49571,14960
49571,30487
49571,92090
49571,37790
49571,24513
49571,13934
49571,94261
49571,38981
49571,117430
49571,46320
49571,55059
49571,15608
49571,45693
49571,15073
49571,73379
49571,14411
49572,138185
49572,101480
49572,62251
49572,82735
49572,85599
49572,52289
49572,42822
49572,79339
49572,68230
49572,88624
49572,24525
49572,59632
49572,132562
49572,15930
49572,31286
49572,93150
49572,131454
49572,14198
49572,55467
49572,125168
49572,136743
49572,72928
49572,35204
49573,22778
49573,84284
49573,136943
49573,87991
49573,134714
49573,19746
49573,122252
49573,68908
49573,14037
49573,32025
49573,79129
49573,30186
49573,140320
49573,22368
49573,54286
49573,78263
49573,35757
49573,136574
49573,37165
49573,111273
49573,3442
49573,69508
49573,620
49573,122170
49573,89749
49573,100750
49573,50919
49573,113366
49573,5511
49573,102997
49576,137997
49576,35223
49576,24545
49576,21018
49576,124342
49576,37818
49576,131892
49576,70177
49576,90845
49576,77089
49576,116942
49576,14082
49576,104517
49576,60846
49576,114932
49576,59781
49576,38419
49576,49656
49576,134154
49576,90809
49576,46274
49576,68420
49576,26248
49576,78500
49576,77795
49576,60468
49576,40279
49576,122112
49576,117294
49576,125083
49576,94455
49576,59657
49577,121275
49577,51555
49577,21150
49577,140304
49577,21805
49577,128677
49577,129861
49577,25223
49577,75807
49577,5988
49577,82051
49577,65454
49577,11838
49577,52095
49577,58015
49577,25746
49577,98900
49577,55158
49577,34966
49577,90509
49577,45412
49577,31381
49577,60020
49577,34278
49577,132838
49577,73951
49577,90665
49577,109535
49577,89771
49577,78171
49577,134613
49578,90708
49578,28865
49578,119314
49578,510
49578,58163
49578,68363
49578,133275
49578,120787
49578,93461
49578,70210
49578,104434
49578,28109
49578,124764
49578,115117
49578,113718
49578,56665
49578,114892
49578,136719
49578,101999
49578,69832
49578,56423
49578,9527
49578,10056
49578,95918
49578,16707
49578,50512
49578,128627
49578,51713
49578,34971
49578,13568
49578,125466
49578,25507
49580,138300
49580,134518
49580,39608
49580,46000
49580,112547
49580,13476
49580,22173
49580,68763
49580,52061
49580,122623
49580,133847
49580,38588
49580,71032
49580,94662
49580,135344
49580,122442
49580,56189
49581,10454
49581,132155
49581,114103
49581,109533
49581,135868
49581,138936
49581,109198
49581,38118
49581,81869
49581,119030
49581,12189
49581,133472
49581,100226
49581,97361
49581,68622
49581,27028
49581,116661
49581,43696
49581,28868
49581,86245
49581,94531
49581,140522
49581,132250
49581,95231
49582,46097
49582,12737
49582,61649
49582,127614
49582,55727
49584,92611
49584,126073
49584,126899
49584,27699
49584,132925
49584,69607
49584,22578
49584,32842
49584,137751
49584,21808
49584,112101
49584,69738
49584,77856
49584,60824
49584,63812
49584,52209
49584,55791
49584,112479
49584,32358
49584,130258
49584,106236
49584,139418
49584,10107
49584,77210
49584,98323
49584,94194
49584,108751
49584,121101
49584,23073
49584,20772
49585,61462
49585,113622
49585,16239
49585,24397
49585,55381
49585,27318
49585,129268
49585,42586
49585,43720
49585,57166
49585,101312
49585,3661
49585,60611
49585,136691
49585,35618
49585,21716
49585,66876
49585,12214
49585,42155
49585,75393
49585,121418
49585,17771
49585,60490
49585,21960
49585,41891
49585,88931
49585,68615
49585,87996
49585,77294
49585,108642
49585,133675
49585,88638
49585,45785
49586,64821
49586,51980
49586,36057
49586,112870
49586,123699
49586,92100
49586,138900
49586,132744
49586,100503
49586,60725
49586,82816
49586,14005
49586,138908
49586,19675
49586,75809
49586,115525
49586,34026
49586,103036
49586,9813
49586,40209
49586,124658
49586,58600
49586,65207
49586,115234
49586,85978
49586,97244
49586,149
49586,72122
49586,26052
49586,134406
49586,132669
49587,135988
49587,13207
49587,44118
49587,128886
49587,20180
49587,87915
49587,77736
49587,111987
49587,52800
49587,116257
49587,35055
49587,140738
49587,4178
49587,34612
49587,59843
49589,24021
49589,31359
49589,66506
49589,124166
49589,119197
49589,79953
49589,136025
49589,101503
49589,1260
49589,79068
49589,92403
49589,56064
49589,93384
49589,136880
49589,112568
49589,91084
49589,98457
49589,98557
49589,77465
49589,39748
49589,116455
49589,117751
49589,119127
49589,62168
49589,111940
49589,80251
49592,30762
49592,66146
49592,127959
49592,41423
49592,34807
49592,5355
49592,101111
49592,47637
49592,115941
49592,56911
49592,17493
49592,99726
49592,110269
49592,59097
49592,73816
49592,53857
49592,40335
49592,118353
49592,27357
49592,3189
49592,37813
49592,83388
49592,28494
49592,67810
49592,122663
49592,100206
49592,29265
49592,25370
49592,135274
49592,74557
49592,53424
49592,524
49594,93221
49594,126339
49594,99414
49594,44806
49594,116069
49594,55315
49594,95442
49594,109896
49594,114463
49594,67546
49594,70256
49594,117532
49594,134596
49594,133629
49594,105574
49594,61652
49594,18144
49594,111115
49594,18750
49594,9704
49594,95678
49594,126158
49594,64894
49594,59848
49594,103026
49594,30554
49594,103696
49594,117061
49594,138120
49594,21283
49594,110197
49595,101103
49595,133700
49595,129693
49595,121229
49595,21922
49595,37000
49595,8513
49595,70737
49595,49966
49595,34208
49595,110032
49595,10035
49595,138997
49595,21156
49595,26431
49595,91310
49595,50692
49595,30815
49595,674
49595,61156
49595,49880
49595,36333
49595,101443
49595,56190
49595,107055
49595,97225
49595,102261
49595,98706
49595,108277
49595,39177
49595,128394
49599,4780
49599,76443
49599,61695
49599,24519
49599,85430
49599,17739
49599,81186
49599,34066
49599,124191
49599,115954
49599,93654
49599,86928
49599,68282
49599,76770
49599,15634
49599,22607
49599,4573
49599,81451
49599,136865
49599,136833
49599,69514
49599,79449
49599,131363
49599,52622
49599,11521
49599,131203
49599,106872
49599,82439
49599,118919
49599,117744
49599,11881
49599,138962
49600,80930
49600,33083
49600,117972
49600,60046
49600,24646
49600,34728
49600,2506
49600,95225
49600,122377
49600,50553
49600,45882
49600,61015
49600,35975
49600,107174
49600,94532
49600,81150
49600,28522
49600,109237
49600,92078
49600,80778
49600,96081
49600,130073
49600,110977
49600,9456
49600,26422
49600,53745
49600,115096
49600,67792
49600,21244
49600,123948
49600,8243
49600,132104
49600,99326
49602,53963
49602,11769
49602,96853
49602,75626
49602,28771
49602,67323
49602,82574
49602,72589
49602,6267
49602,112832
49602,138478
49602,59102
49602,44489
49602,80196
49602,116209
49602,109243
49602,21113
49602,21487
49602,14786
49602,121889
49602,60037
49602,62151
49602,107931
49602,107120
49602,136910
49602,74056
49602,54772
49602,50258
49602,16062
49604,21018
49604,124342
49604,137997
49604,37818
49604,70177
49604,77089
49604,104517
49604,77914
49604,114932
49604,134323
49604,14082
49604,49656
49604,134154
49604,90809
49604,68420
49604,131892
49604,35223
49604,90845
49604,78500
49604,38419
49604,60846
49604,57952
49604,94455
49604,38904
49604,77795
49604,40279
49604,100882
49604,60468
49604,125083
49604,46274
49604,59657
49604,122112
49604,117294
49606,76560
49606,83940
49606,98616
49606,72485
49606,71142
49606,85393
49606,100485
49606,16169
49606,61370
49606,87495
49606,30972
49606,32290
49606,140815
49606,96301
49606,137921
49606,64447
49606,110533
49606,67869
49606,51558
49606,59673
49606,80684
49606,77575
49606,44684
49606,19871
49606,97076
49606,40017
49606,121865
49606,115653
49606,14724
49606,76933
49606,25300
49606,17601
49607,96574
49607,57059
49607,4767
49607,9978
49607,112788
49607,36605
49607,71460
49607,45998
49607,97226
49607,97057
49607,34005
49607,41410
49607,86
49607,1773
49607,52202
49607,55297
49607,48627
49607,60904
49607,111897
49609,11058
49609,55395
49609,58214
49609,104351
49609,105209
49609,128682
49609,120315
49609,31815
49609,16066
49609,76218
49609,115120
49609,7416
49609,5712
49609,71517
49609,77355
49609,77375
49609,60881
49609,40269
49609,92771
49609,6102
49609,111411
49609,31407
49612,111510
49612,83498
49612,35890
49612,119151
49612,39002
49612,63249
49612,54431
49612,84030
49612,108589
49612,16432
49613,40892
49613,71708
49613,95185
49613,122841
49613,47086
49613,117215
49613,21862
49613,3783
49613,5796
49613,24472
49613,74228
49613,14760
49613,37573
49613,2692
49613,9844
49613,21863
49613,106131
49613,71169
49613,48023
49613,54752
49613,73366
49613,61923
49613,8467
49613,124027
49613,112596
49613,61375
49613,83883
49613,34587
49614,110095
49614,90361
49614,93840
49614,2709
49614,110900
49614,85202
49614,29816
49614,96821
49614,21479
49614,131394
49614,34997
49615,29700
49615,80139
49615,133688
49615,140769
49615,74454
49615,73899
49615,71644
49616,22651
49616,90868
49616,56704
49616,67239
49616,103693
49616,6158
49616,122911
49616,25700
49616,117402
49616,6616
49616,28486
49616,54644
49616,23863
49616,53746
49616,48409
49616,43910
49616,62954
49616,27704
49616,26326
49616,137606
49616,53507
49616,93267
49616,113705
49616,95511
49616,53775
49616,139421
49616,29616
49616,49708
49616,57879
49616,77993
49616,76088
49616,134663
49616,50945
49617,666
49617,140592
49617,117460
49617,97282
49617,93770
49617,101914
49617,13728
49617,118677
49617,52539
49617,60910
49617,121735
49617,37555
49617,133186
49617,54572
49617,39427
49617,25779
49617,3323
49617,114770
49617,111519
49617,83422
49617,128794
49617,49137
49617,24584
49617,98380
49617,34583
49617,117540
49617,88570
49617,67793
49617,41381
49617,78186
49617,102234
49620,133869
49620,42951
49620,50355
49620,62143
49620,27281
49620,4099
49620,115332
49620,12481
49622,62853
49622,132370
49622,37476
49622,4794
49622,136906
49622,37530
49622,99154
49622,7868
49622,74965
49622,24797
49622,45939
49623,77109
49623,97615
49623,44197
49623,9522
49623,79534
49623,42875
49623,74276
49623,30417
49623,68689
49623,131345
49623,137592
49623,34348
49623,13878
49623,128313
49623,13155
49623,92698
49623,89836
49623,18859
49623,41585
49623,65983
49623,130968
49623,121287
49623,67688
49623,134786
49623,40463
49623,99894
49623,15884
49623,114777
49623,18569
49623,35043
49623,31442
49623,68783
49623,33163
49624,63157
49624,118710
49624,55827
49624,95434
49624,68027
49624,55309
49624,42996
49624,73822
49624,56420
49624,33095
49624,18181
49624,134304
49624,116754
49624,56605
49624,69811
49624,15448
49624,98134
49624,69877
49624,36954
49624,52680
49624,80766
49624,46922
49624,96800
49624,113416
49624,65877
49624,48632
49624,55450
49624,65940
49624,28910
49624,49099
49628,100374
49628,9230
49628,14608
49628,134860
49628,132082
49628,120231
49628,119038
49628,112364
49628,109215
49628,105510
49628,99982
49628,136228
49628,59233
49628,48420
49628,15016
49628,42439
49628,37666
49628,66037
49628,102596
49628,37904
49628,44683
49628,71734
49628,48145
49628,122674
49628,57814
49628,75042
49628,64531
49629,101507
49629,140326
49629,86879
49629,45095
49629,3828
49629,74511
49629,90356
49629,47268
49629,53599
49629,127879
49629,137070
49629,19287
49629,10026
49629,86727
49629,34261
49629,101197
49629,118614
49629,61547
49632,32842
49632,55791
49632,52209
49632,137751
49632,120403
49632,12135
49632,134086
49632,32969
49632,50016
49632,118507
49632,95884
49632,20192
49632,101162
49632,60824
49632,17501
49632,14961
49632,99355
49632,75659
49632,86340
49632,101874
49632,938
49632,62542
49632,100666
49632,59637
49632,133732
49632,21824
49632,108751
49632,126899
49632,92611
49632,23073
49632,12343
49632,59461
49633,87679
49633,98233
49633,88844
49633,136247
49633,64863
49633,115288
49633,51748
49633,113818
49633,127770
49633,18949
49633,16565
49633,100217
49633,96129
49633,116165
49633,54490
49633,104915
49633,61540
49633,2398
49633,134487
49635,40491
49635,118918
49635,112575
49635,24837
49635,75317
49635,133321
49635,66223
49635,12651
49635,28679
49635,34860
49636,49453
49636,78912
49636,102964
49636,81330
49636,118354
49637,112214
49637,119526
49637,46083
49637,50746
49637,1814
49637,10644
49637,108074
49637,139201
49637,139670
49637,103535
49637,76518
49637,135060
49637,53433
49637,85348
49637,106878
49637,138180
49638,116193
49638,98189
49638,83569
49638,126109
49638,87997
49638,9795
49638,20098
49638,94812
49638,67679
49638,103728
49638,12829
49638,135161
49638,20389
49638,45484
49638,68453
49638,25561
49638,95923
49641,34873
49641,115048
49641,8456
49641,25684
49641,67887
49641,12912
49641,96099
49641,5847
49641,100586
49641,40380
49641,69688
49641,29953
49641,21062
49641,10216
49641,70196
49641,99806
49641,133165
49641,27855
49641,2733
49641,108963
49641,92256
49641,17967
49641,71662
49641,95519
49641,18431
49641,117232
49641,57385
49641,65146
49641,40442
49641,58443
49641,3674
49641,103037
49645,105538
49645,42609
49645,31336
49645,32700
49645,113069
49645,78624
49645,41347
49645,115026
49645,6451
49645,62762
49645,1546
49645,108564
49645,128615
49645,6623
49645,23500
49645,30950
49645,578
49645,37166
49645,61290
49645,47786
49645,103176
49645,35817
49645,39284
49645,18053
49645,66049
49645,5002
49645,48671
49645,13044
49645,99992
49645,106819
49646,21688
49646,53547
49646,54818
49646,19743
49646,17105
49646,109650
49646,8289
49647,126098
49647,5778
49647,96024
49647,36480
49647,25366
49647,138661
49647,60765
49647,30203
49647,7641
49647,116335
49647,109451
49647,128793
49647,41875
49647,120320
49647,30033
49647,135628
49647,118150
49647,106345
49651,12169
49651,39597
49651,31570
49651,1003
49651,113592
49651,58751
49651,30759
49651,30157
49651,70131
49651,129629
49651,60243
49651,118893
49651,3223
49651,74996
49651,124366
49651,67364
49651,97396
49651,63135
49651,26562
49651,28215
49651,8804
49651,98207
49651,34057
49651,94082
49651,38782
49651,72414
49651,26916
49651,42642
49651,9997
49651,2144
49651,46963
49652,17246
49652,37243
49652,8855
49652,41904
49652,46085
49652,77163
49652,37051
49652,3081
49652,67111
49652,93434
49652,107210
49652,74601
49652,103705
49652,3147
49652,50378
49652,68559
49652,128838
49652,114752
49652,96549
49652,65714
49652,65540
49652,50842
49652,515
49652,70921
49652,83178
49652,36720
49652,22808
49652,103484
49652,118952
49652,42671
49652,84559
49654,89878
49654,38161
49654,140202
49654,98465
49654,132045
49654,69670
49654,55264
49654,83831
49656,139298
49656,21226
49656,65699
49656,18933
49656,101671
49656,96728
49656,46226
49656,112752
49656,87300
49656,126881
49656,82564
49656,12516
49656,96101
49656,129487
49656,31732
49656,106029
49656,23394
49656,75177
49656,20024
49656,105677
49656,37759
49656,19790
49656,10148
49656,75811
49656,136183
49656,8782
49656,24738
49656,125059
49656,57279
49656,128758
49658,87642
49658,131362
49658,81988
49658,27662
49658,129970
49658,67626
49658,31912
49658,119602
49658,99805
49658,3928
49658,127912
49658,114470
49658,103660
49658,27162
49658,86947
49658,75834
49658,75708
49658,63612
49658,91051
49658,116928
49658,123546
49658,93538
49658,66401
49658,15672
49658,93026
49659,86881
49659,56241
49659,113231
49659,84201
49659,63772
49659,130223
49659,113530
49659,96693
49659,111577
49659,72896
49659,12309
49659,72895
49659,134738
49659,59589
49659,110150
49659,74167
49659,34383
49659,69532
49659,45586
49659,62961
49659,46263
49659,94552
49660,133846
49660,68038
49660,89202
49660,64017
49660,119002
49660,115994
49660,94241
49660,54739
49660,110915
49660,44213
49660,94850
49660,114201
49660,94976
49660,47202
49660,100080
49660,50366
49660,54795
49660,96517
49660,37339
49660,59204
49660,68372
49660,53443
49660,122468
49660,138973
49660,139974
49660,105745
49660,38769
49660,83079
49660,4581
49660,85930
49660,10494
49660,97430
49660,69638
49661,110990
49661,72473
49661,139706
49661,31576
49661,80034
49661,14119
49661,100081
49661,92927
49661,58735
49661,77563
49661,2267
49661,41946
49661,133527
49661,35187
49661,63545
49661,114820
49661,49738
49661,34683
49661,78919
49661,29559
49661,118876
49661,116217
49661,119580
49661,119159
49661,26618
49661,42106
49661,58201
49661,16658
49661,76972
49661,6532
49661,67897
49661,62167
49661,117348
49661,76689
49662,111899
49662,126246
49662,99720
49662,3706
49662,17455
49662,111383
49662,41470
49662,117280
49662,10571
49662,17894
49662,5949
49662,81460
49662,50030
49662,4433
49662,132329
49662,61580
49662,40087
49662,60679
49662,92066
49662,68185
49662,127575
49662,50036
49662,125967
49662,41578
49662,20865
49662,39436
49662,117710
49662,13905
49662,88811
49662,103225
49662,58746
49662,30128
49662,11223
49663,133494
49663,55114
49663,97050
49663,68241
49663,26934
49663,30200
49663,94612
49663,25143
49663,92553
49663,121726
49663,92037
49663,58255
49663,82660
49663,94491
49663,44305
49663,112008
49663,15779
49663,77123
49663,68506
49663,30547
49663,101042
49663,105690
49663,86086
49663,140673
49663,99073
49663,19975
49663,34275
49663,130320
49663,77805
49663,70776
49663,52893
49663,10053
49663,71364
49663,137375
49666,43609
49666,28312
49666,105255
49666,111058
49666,132657
49666,67957
49666,56608
49666,120047
49666,35979
49666,55287
49666,130761
49666,90511
49666,115003
49666,103811
49666,33860
49666,37604
49666,621
49666,33619
49666,89209
49666,126543
49666,126112
49666,63536
49666,36906
49666,25840
49666,78294
49666,10511
49666,112511
49666,79247
49666,134808
49667,122676
49667,76537
49667,6983
49667,74868
49667,132718
49667,15782
49667,109540
49667,77392
49667,15750
49667,23281
49667,34243
49668,60783
49668,74008
49668,63620
49668,84126
49668,112204
49668,118449
49668,106074
49668,70133
49668,109173
49668,23604
49668,33399
49668,79287
49668,23618
49668,23702
49670,4875
49670,126657
49670,53494
49670,15994
49670,41278
49670,126719
49670,86639
49670,74754
49670,139366
49670,95931
49670,64762
49670,23212
49670,71376
49670,6439
49670,38725
49670,7880
49670,35264
49670,125311
49670,556
49670,41712
49670,114304
49670,138600
49670,78838
49670,7527
49670,69261
49670,129968
49670,31169
49671,123981
49671,74786
49671,95188
49671,71203
49671,39828
49671,86870
49671,58197
49671,81176
49671,98935
49671,28922
49671,18519
49671,8036
49671,134262
49671,79605
49671,15369
49671,47480
49671,4836
49671,85478
49671,78659
49671,112037
49671,55781
49671,105791
49671,135321
49671,68636
49671,99729
49671,43570
49671,94678
49671,4449
49671,46593
49671,20406
49671,96750
49672,137819
49672,105814
49672,106731
49672,3636
49672,132828
49672,57897
49672,124046
49672,128051
49672,40736
49672,131906
49672,106404
49672,55579
49672,83361
49672,1167
49672,120365
49672,35075
49672,66582
49672,52964
49672,133085
49672,100471
49672,20199
49672,103358
49672,33150
49672,21705
49672,81128
49672,133431
49672,1714
49672,93574
49672,106432
49673,53543
49673,106697
49673,81262
49673,70209
49673,119747
49673,33209
49673,109423
49673,15082
49673,83468
49673,108426
49673,101431
49673,82808
49673,38387
49673,28191
49673,115414
49673,88715
49673,25735
49673,67860
49673,24578
49673,25311
49673,92899
49673,92956
49673,39874
49673,11744
49673,76198
49673,46999
49673,10434
49673,126300
49673,80123
49673,59605
49673,13675
49674,130104
49674,13541
49674,92928
49674,23185
49674,124246
49674,84088
49675,59175
49675,98336
49675,57325
49675,70960
49675,133797
49675,34222
49675,9665
49675,55718
49675,121991
49675,19826
49675,105688
49675,109846
49675,10044
49675,36822
49675,36651
49675,100669
49675,126301
49675,32787
49675,83102
49675,55949
49675,118348
49675,81549
49675,72672
49675,32240
49675,137721
49675,121096
49675,46734
49675,127403
49675,43881
49675,110815
49675,50976
49675,134729
49676,37970
49676,84478
49676,85770
49676,96458
49676,102810
49676,132613
49676,70815
49676,49924
49676,83602
49676,13075
49679,38846
49679,77109
49679,68689
49679,27711
49679,92698
49679,133729
49679,9522
49679,41585
49679,138971
49679,131345
49679,125611
49679,11414
49679,42875
49679,130968
49679,125447
49679,121586
49679,65496
49679,127831
49679,121287
49679,18859
49679,31945
49679,40463
49679,37788
49679,135195
49679,18569
49679,33163
49679,35043
49679,68783
49679,134786
49681,38102
49681,106949
49681,14348
49681,4730
49681,117424
49681,20913
49681,128573
49681,17611
49681,61926
49681,98173
49681,113241
49681,13801
49681,96420
49681,33507
49681,3958
49681,121721
49681,19498
49681,39777
49681,21079
49681,31720
49681,104135
49681,40487
49681,75053
49681,25636
49681,96570
49681,95921
49681,23821
49682,122157
49682,77146
49682,129224
49682,6493
49682,128468
49682,46957
49682,111839
49682,90404
49682,64750
49682,131389
49682,67285
49682,86183
49682,30579
49682,120313
49682,74507
49684,23470
49684,104854
49684,52891
49684,64174
49684,71930
49684,52863
49684,22204
49684,111666
49684,75191
49684,101337
49684,51601
49684,74961
49684,43598
49684,76397
49684,31124
49684,103881
49684,73924
49684,140061
49684,66510
49684,78574
49684,83491
49684,93859
49684,18714
49684,53478
49684,28164
49684,125854
49684,92653
49684,81676
49684,19917
49684,52624
49684,113015
49684,61719
49688,34873
49688,112113
49688,113586
49688,11284
49688,115048
49688,71739
49688,67813
49688,25566
49688,8456
49688,48230
49688,5866
49688,40380
49688,12912
49688,100586
49688,137624
49688,69688
49688,13120
49688,92256
49688,140436
49688,18431
49688,133165
49688,71662
49688,82394
49688,2733
49688,65146
49688,17967
49688,40442
49688,29953
49688,76087
49688,108963
49688,47130
49688,5847
49689,5866
49689,34873
49689,71739
49689,100586
49689,115048
49689,12912
49689,96099
49689,8456
49689,67813
49689,25831
49689,71662
49689,40442
49689,40380
49689,137624
49689,13120
49689,69688
49689,99806
49689,92256
49689,25566
49689,124947
49689,27855
49689,18431
49689,2733
49689,70196
49689,133165
49689,65146
49689,17967
49689,5847
49689,108963
49689,2902
49689,122596
49689,88899
49689,88422
49690,106304
49690,131608
49690,33083
49690,69107
49690,9987
49690,70521
49690,139764
49690,54906
49690,57181
49690,84802
49690,56330
49690,110346
49690,132104
49690,63412
49690,118366
49690,37733
49690,8243
49690,15716
49690,98998
49690,26357
49690,18107
49690,4297
49690,10552
49690,6271
49690,32788
49690,81767
49690,25168
49690,90439
49690,100892
49690,117742
49690,81762
49690,102144
49690,82328
49693,126691
49693,25841
49693,64231
49693,30859
49693,106859
49693,62802
49693,113864
49694,225
49694,91759
49694,77985
49694,28285
49694,119197
49694,137042
49694,119412
49694,1260
49694,13668
49694,69489
49694,116032
49694,125042
49694,11440
49694,105326
49694,50000
49694,75285
49694,56064
49694,131344
49694,74298
49694,39748
49694,91687
49694,87760
49694,37093
49694,80251
49694,46505
49694,115213
49694,39673
49694,70273
49694,77465
49694,114250
49694,96329
49694,99922
49694,77484
49699,80400
49699,24157
49699,18670
49699,125425
49699,50454
49699,69461
49699,29680
49699,5605
49699,11178
49699,33193
49699,98560
49699,35469
49699,131201
49699,69558
49699,70437
49699,109384
49699,9491
49699,121206
49699,109172
49699,62013
49699,76390
49699,29415
49699,60978
49699,20508
49699,91437
49699,113390
49699,125479
49699,105933
49699,124572
49699,83793
49701,58839
49701,51436
49701,44540
49701,30921
49701,121299
49701,125157
49701,136564
49701,137657
49701,81496
49701,58359
49701,97771
49701,44678
49701,137359
49701,111803
49701,115999
49701,74622
49701,91760
49701,49264
49701,34405
49701,118696
49701,1742
49702,17134
49702,133826
49702,13444
49702,82451
49702,114522
49702,26683
49702,57016
49702,98414
49702,91449
49702,35503
49702,95900
49707,46582
49707,54612
49707,27775
49707,43986
49707,126486
49707,29721
49707,108145
49707,117732
49707,66767
49707,7173
49707,31566
49707,91610
49707,108348
49707,131766
49707,4817
49707,3227
49707,32486
49707,70082
49707,129640
49707,80838
49707,89987
49707,61634
49707,17434
49707,120840
49707,108799
49707,62342
49707,61395
49707,115049
49707,102169
49707,75335
49707,49676
49708,58104
49708,139921
49708,23093
49708,65907
49708,20922
49708,108910
49708,45384
49708,24467
49708,51656
49708,10062
49708,115389
49708,103602
49708,123309
49708,15965
49708,52744
49708,35737
49708,96128
49708,67263
49708,120314
49708,11163
49708,46561
49708,3429
49708,76648
49708,53221
49708,28849
49708,104656
49708,90588
49708,110233
49708,119173
49708,29429
49708,124724
49709,50456
49709,11054
49709,107268
49709,105368
49709,109412
49712,20430
49712,60144
49712,5322
49712,63105
49712,32234
49712,67964
49712,8864
49712,46501
49712,135904
49712,88768
49712,14480
49712,31825
49712,69184
49712,32798
49712,27632
49712,35679
49712,109804
49712,25159
49712,4503
49712,24041
49712,34151
49712,67233
49712,133689
49712,113983
49712,77074
49712,75205
49712,129914
49712,138452
49712,20274
49712,67477
49712,135437
49712,75408
49712,23190
49714,92337
49714,107766
49714,15692
49714,52133
49714,50978
49714,20101
49714,106852
49714,62387
49714,30935
49714,80543
49714,91490
49714,5743
49714,72325
49714,26474
49714,37672
49714,82715
49714,13915
49714,21976
49714,52498
49714,99110
49714,123399
49714,12550
49714,103019
49714,30245
49714,76860
49714,47222
49714,48918
49714,26650
49714,91827
49714,23244
49714,82760
49716,22578
49716,10763
49716,121350
49716,139917
49716,63812
49716,21808
49716,66606
49716,55791
49716,113229
49716,27699
49716,5286
49716,71922
49716,112479
49716,9589
49716,52209
49716,137751
49716,101162
49716,30618
49716,106236
49716,34020
49716,58217
49716,62326
49716,108751
49716,23073
49716,57445
49723,118749
49723,104546
49723,52203
49723,20969
49723,100874
49723,43185
49723,23347
49723,59058
49723,132305
49723,38898
49723,81199
49723,117509
49723,49316
49723,96337
49723,51259
49723,58745
49723,17018
49723,114017
49723,93406
49723,125993
49723,111047
49723,66560
49723,20850
49723,101586
49723,17592
49723,84469
49723,135407
49723,26006
49723,82630
49723,44912
49723,107404
49723,69364
49726,107846
49726,23552
49726,24519
49726,39355
49726,13674
49726,22471
49726,134686
49726,126465
49726,86928
49726,92927
49726,65860
49726,74882
49726,21443
49726,85430
49726,100081
49726,13019
49726,139719
49726,117744
49726,67161
49726,81720
49726,5961
49726,88778
49726,127861
49726,47359
49726,47556
49726,10418
49726,68601
49726,135726
49726,91620
49726,68206
49726,108213
49726,560
49728,18007
49728,85089
49728,139186
49728,92634
49728,54611
49728,71366
49728,120379
49728,19898
49728,85163
49728,18418
49728,34160
49728,132031
49728,23376
49728,115831
49728,101770
49728,58003
49728,91021
49728,72066
49728,133044
49728,57094
49728,2980
49728,26996
49728,17526
49728,76622
49728,111336
49728,14519
49728,46293
49728,11678
49728,130456
49728,14796
49728,20433
49728,50691
49728,22007
49728,77723
49728,74551
49728,935
49728,19532
49729,118264
49729,125501
49729,76552
49729,56460
49729,97524
49729,130149
49729,80991
49729,3461
49729,121466
49729,132720
49729,60565
49729,47186
49729,48367
49729,129426
49729,116201
49730,46466
49730,70483
49730,22982
49730,91848
49730,137426
49730,20297
49730,1775
49730,33559
49730,132616
49730,61170
49730,53579
49730,92705
49730,14726
49730,91871
49730,124731
49730,28215
49730,34436
49730,3821
49730,45047
49730,112666
49730,64022
49731,27592
49731,97922
49731,33422
49731,10089
49731,67050
49731,30709
49731,76925
49731,47455
49731,10364
49731,89010
49731,29174
49731,130796
49731,70602
49731,16021
49731,92082
49731,69765
49731,92253
49731,112504
49731,12873
49731,118408
49731,95380
49731,36534
49731,4603
49731,91240
49731,30315
49731,38077
49731,46381
49731,61705
49731,35694
49731,94235
49731,26126
49731,140686
49733,53146
49733,91731
49733,4923
49733,95517
49733,86386
49733,106210
49733,17364
49733,51136
49733,83228
49733,39130
49733,46985
49733,93068
49733,77125
49733,69047
49733,73714
49733,102407
49733,103620
49733,20591
49733,107441
49733,52154
49735,17253
49735,34873
49735,67813
49735,115048
49735,96099
49735,29953
49735,100586
49735,112113
49735,99806
49735,48230
49735,25684
49735,76087
49735,82394
49735,67887
49735,40442
49735,25831
49735,71662
49735,22700
49735,12912
49735,5847
49735,40380
49735,17967
49735,90879
49735,71739
49735,69688
49735,86629
49735,27855
49735,372
49735,2733
49735,108963
49735,26507
49735,3046
49736,71733
49736,94066
49736,139426
49736,131008
49736,20657
49736,131178
49736,38698
49736,75957
49736,100333
49736,16268
49736,116035
49736,73178
49736,105056
49736,60555
49736,74986
49736,24788
49736,87118
49736,61905
49736,116034
49736,4281
49736,111036
49736,35668
49736,61582
49736,68630
49736,19255
49736,11174
49736,72363
49736,93244
49736,81813
49736,24349
49736,92969
49738,125297
49738,128053
49738,67657
49738,68468
49738,47327
49738,102460
49738,37328
49738,91
49738,42773
49738,109891
49738,96145
49738,104378
49738,85175
49738,94226
49738,80664
49738,51133
49738,128692
49738,133947
49738,82327
49738,27730
49738,74792
49738,107879
49738,122342
49738,124070
49738,14739
49738,139446
49738,67409
49738,90478
49738,35615
49738,101104
49738,74785
49738,42075
49738,1697
49739,120509
49739,110218
49739,2959
49739,715
49739,58464
49739,5792
49739,21362
49739,3394
49739,72955
49739,96029
49739,32410
49739,99722
49739,76561
49739,119784
49739,44736
49739,111649
49739,42181
49739,117971
49739,72121
49739,55728
49739,128317
49739,61720
49739,46526
49739,74283
49739,30931
49739,113576
49739,135439
49739,3279
49739,16715
49739,28805
49739,21946
49739,61135
49740,132128
49740,17950
49740,76733
49740,106699
49740,117298
49740,135943
49740,89730
49740,134454
49740,120118
49740,88577
49740,92175
49740,33923
49740,129930
49740,114256
49740,106144
49740,51226
49740,117400
49740,27858
49740,11204
49740,50436
49741,114314
49741,67358
49741,27033
49741,5938
49741,1711
49741,10665
49741,116212
49741,63955
49741,126611
49741,32208
49741,40766
49741,117994
49741,10293
49741,73344
49741,31401
49741,110215
49741,51936
49741,525
49741,138415
49741,49111
49741,18432
49741,36460
49741,132150
49741,65275
49741,77587
49741,15163
49741,18029
49741,2596
49741,35289
49743,70308
49743,5786
49743,66177
49743,50197
49743,105182
49743,92526
49743,11304
49743,37485
49743,139465
49743,34744
49743,106997
49743,14301
49743,42541
49743,20180
49743,52800
49743,116257
49743,104947
49743,96166
49743,22196
49743,66551
49743,112570
49743,111987
49743,77736
49743,12929
49743,72558
49743,45577
49743,81032
49743,75068
49743,103748
49743,37646
49743,122761
49746,130023
49746,116752
49746,29967
49746,119987
49746,46018
49746,50874
49746,120547
49746,122811
49746,24692
49746,120945
49746,64490
49746,69161
49746,22130
49746,86903
49746,135973
49746,123042
49746,124752
49746,103603
49746,45541
49746,48049
49746,8468
49746,109158
49746,52162
49746,73164
49746,12708
49746,16787
49746,53385
49746,88343
49746,86134
49746,40838
49746,84871
49746,83068
49747,138768
49747,37043
49747,79357
49747,138109
49747,96754
49747,36493
49747,18249
49747,9863
49747,95655
49747,52323
49747,67703
49747,19119
49747,43608
49747,85203
49747,96350
49747,4710
49747,33014
49747,63004
49747,36523
49747,14171
49747,127495
49747,101207
49747,86829
49747,14836
49747,130828
49747,111802
49747,64329
49747,93576
49747,54851
49747,26703
49747,14252
49747,94200
49747,7090
49750,76186
49750,10848
49750,45210
49750,72968
49750,48639
49750,10115
49750,48518
49750,102884
49750,130817
49750,128319
49750,72316
49750,17863
49750,116424
49750,18604
49750,99889
49750,107132
49750,31236
49750,34641
49750,21276
49750,47231
49750,97232
49750,93912
49750,140519
49750,78578
49750,47043
49750,6489
49750,77430
49750,69096
49750,71565
49750,137395
49750,112537
49750,18476
49750,106331
49750,29733
49752,94209
49752,69543
49752,54246
49752,64165
49752,31304
49752,72975
49752,54626
49752,96853
49752,57857
49752,30990
49752,6585
49752,95129
49752,23092
49752,43663
49752,130268
49752,2406
49752,95736
49752,41208
49752,102352
49752,13855
49752,33553
49752,66271
49752,60019
49752,113957
49752,54772
49752,32982
49752,95383
49752,663
49752,81694
49752,67004
49752,89522
49752,86832
49753,125744
49753,100664
49753,134845
49753,80832
49753,101406
49753,100748
49753,130468
49753,8134
49753,103908
49753,139165
49753,67619
49753,67140
49753,99219
49753,81804
49753,24092
49753,13760
49753,114209
49753,131350
49753,129643
49753,97432
49753,106647
49753,30435
49753,39526
49753,54116
49753,82897
49753,14912
49753,72508
49753,99844
49753,18410
49753,90254
49753,62587
49753,7432
49755,122822
49755,115110
49755,10467
49755,134103
49755,120672
49755,26694
49755,10199
49755,72219
49755,50391
49755,36700
49755,59931
49755,84300
49757,15931
49757,74696
49757,36582
49757,50382
49757,119406
49757,110318
49757,94766
49757,13988
49757,13801
49757,120030
49757,107380
49757,113241
49757,117906
49757,111155
49757,98173
49757,54859
49757,35986
49757,43623
49757,45880
49757,132799
49757,92974
49757,20776
49757,58409
49757,98321
49757,31556
49757,84949
49758,45110
49758,101600
49758,17670
49758,28481
49758,1445
49758,99869
49758,51267
49758,95303
49758,127757
49758,49229
49758,5556
49758,123642
49760,104902
49760,84555
49760,3668
49760,47981
49760,31586
49760,21202
49760,69609
49760,45699
49760,81775
49760,31760
49760,57480
49760,96714
49760,70626
49760,120069
49760,137162
49760,104441
49761,66702
49761,6300
49761,85833
49761,50890
49761,130699
49761,5710
49761,136159
49761,719
49761,118937
49761,44693
49761,21721
49761,140132
49761,8212
49761,40649
49761,101652
49761,63457
49761,24311
49761,97305
49761,77583
49761,37798
49761,55303
49761,111480
49761,27817
49761,80767
49761,97061
49761,9052
49761,30627
49761,55688
49761,139502
49761,111860
49761,17170
49761,130415
49761,129440
49762,102413
49762,132925
49762,63812
49762,23636
49762,50016
49762,102466
49762,68813
49762,9437
49762,56820
49762,73620
49762,104098
49762,140533
49762,101543
49762,95175
49762,106236
49762,27525
49762,137264
49762,20772
49762,130258
49762,126073
49762,121101
49762,112101
49762,69607
49762,57114
49762,98323
49762,10582
49762,92611
49762,94194
49762,126899
49762,77210
49762,62542
49763,42810
49763,109307
49763,132050
49763,33178
49763,124284
49763,3729
49763,42669
49763,55589
49763,125815
49763,134967
49763,111179
49763,43766
49763,49470
49763,130518
49763,116440
49763,133387
49763,85798
49763,79332
49763,138813
49763,102607
49763,34007
49763,90316
49763,80875
49763,125424
49763,57871
49763,74241
49763,111158
49764,4399
49764,73831
49764,114897
49764,61664
49764,20520
49764,107912
49764,139682
49764,96453
49764,115936
49764,23613
49764,125027
49764,117695
49764,20210
49764,116615
49764,12804
49764,60456
49764,24401
49764,16670
49764,56110
49764,130408
49764,107670
49764,112323
49764,3631
49764,60383
49764,57633
49764,5407
49764,26673
49764,125923
49764,9164
49764,134878
49764,76999
49764,19493
49766,31087
49766,64342
49766,18458
49766,120402
49766,17223
49766,39830
49766,114858
49766,122439
49766,140107
49766,57217
49766,113446
49766,10631
49766,88649
49766,107329
49766,111037
49766,48260
49766,118454
49766,55826
49766,39531
49766,135855
49766,138593
49766,99400
49766,87566
49766,81026
49766,22579
49766,41234
49766,19668
49766,12204
49766,77216
49767,121314
49767,65747
49767,73943
49767,69329
49767,53584
49767,53572
49767,44168
49767,108874
49767,53401
49767,111553
49767,49972
49767,52583
49767,60932
49767,135806
49767,41723
49767,9405
49767,16222
49767,35489
49767,86220
49767,127061
49767,122620
49767,44999
49767,73477
49767,70701
49767,11879
49767,115083
49767,37022
49767,19217
49767,107945
49767,2821
49767,67912
49767,3326
49768,113768
49768,79875
49768,22163
49768,113208
49768,63470
49768,38130
49768,41832
49768,3776
49768,115943
49768,92995
49768,111520
49768,10906
49768,44530
49768,122752
49768,46415
49768,109651
49768,51514
49768,45650
49768,112435
49768,120519
49768,53279
49768,34826
49768,2770
49768,32073
49768,54445
49768,56603
49768,117624
49768,58599
49768,76814
49769,40271
49769,23807
49769,84277
49769,111382
49769,36599
49769,601
49769,17891
49769,136358
49769,138259
49769,103223
49769,105569
49769,37990
49769,126594
49769,3834
49769,42436
49769,74835
49769,99101
49769,75160
49769,102772
49769,52429
49769,65702
49769,88589
49769,327
49769,22576
49769,67832
49769,11296
49769,68771
49771,44168
49771,75915
49771,119258
49771,74641
49771,87862
49771,124314
49771,51830
49771,135806
49771,104835
49771,33613
49771,30452
49771,17390
49771,138741
49771,69471
49771,102035
49771,38144
49771,108868
49771,119707
49771,12381
49771,122057
49771,5087
49771,72689
49771,108783
49771,35690
49771,118417
49771,83620
49771,60932
49771,102754
49771,95624
49771,3825
49771,14499
49771,114058
49774,126308
49774,80493
49774,70032
49774,135868
49774,135415
49774,120875
49774,136739
49774,10454
49774,12189
49774,17809
49774,78952
49774,130770
49774,31698
49774,109533
49774,132250
49774,68622
49774,116661
49774,107282
49774,64170
49774,38118
49774,6774
49774,93297
49774,44540
49774,55551
49774,29700
49774,15363
49774,75675
49774,95267
49774,45963
49774,11591
49774,117857
49774,107500
49774,58839
49775,96957
49775,124020
49775,13097
49775,104494
49775,91636
49775,103699
49775,43719
49775,5119
49775,104061
49775,28603
49775,118778
49775,43558
49775,103074
49775,17714
49775,24723
49775,136399
49775,124993
49775,129484
49775,128570
49775,73935
49775,30231
49775,7310
49775,40702
49775,119196
49775,75830
49775,17310
49775,69896
49776,21129
49776,104649
49776,42200
49776,103682
49776,140503
49776,11710
49776,29726
49776,1248
49776,102992
49776,21693
49776,96662
49776,36320
49776,118714
49776,75778
49776,19956
49776,38533
49776,25908
49776,33023
49776,36952
49776,64797
49776,40185
49776,70401
49776,137305
49776,46134
49776,60310
49776,10145
49779,137926
49779,140295
49779,99851
49779,131978
49779,138201
49779,121736
49779,50646
49779,70125
49779,1120
49779,121714
49779,68893
49779,134491
49779,130472
49779,72501
49779,29622
49779,81113
49779,70423
49779,106995
49779,8041
49779,113520
49779,13939
49779,59451
49779,43685
49779,101700
49779,108251
49779,39210
49779,126643
49779,57526
49779,56791
49779,10616
49779,60302
49779,72969
49782,83095
49782,53361
49782,97318
49782,138983
49782,8369
49782,108705
49782,137861
49782,64299
49782,43261
49782,129726
49782,65656
49782,132923
49782,103569
49782,10696
49782,9707
49782,137741
49782,118098
49782,111819
49782,35483
49782,41103
49782,136187
49782,103564
49782,122178
49786,36087
49786,42369
49786,62257
49786,117394
49786,129882
49786,138037
49786,8146
49786,51556
49786,29007
49786,59318
49786,39149
49786,118167
49786,15915
49786,106763
49786,16712
49786,82676
49786,134971
49786,126700
49786,110292
49786,24456
49786,89313
49786,89690
49786,52946
49786,83429
49786,114705
49786,116177
49786,13251
49786,45718
49787,107654
49787,81144
49787,116167
49787,59584
49787,101862
49787,123211
49787,16248
49787,7294
49787,23494
49787,91282
49787,35007
49787,108382
49788,5215
49788,82993
49788,29228
49788,25432
49788,118205
49788,135711
49788,63607
49788,12434
49788,74409
49788,102566
49788,118525
49788,64910
49788,113492
49788,107626
49788,124449
49788,123023
49788,60707
49788,66325
49788,118268
49788,9885
49788,100487
49788,26367
49788,12587
49788,86675
49788,115660
49788,70009
49788,62418
49788,134720
49788,32757
49788,77057
49788,52175
49788,129175
49788,52503
49789,43657
49789,37124
49789,27142
49789,1495
49789,103807
49789,66803
49789,22013
49789,77411
49789,88316
49789,55050
49789,42011
49789,79235
49789,7011
49789,85321
49789,37304
49789,90836
49789,31245
49789,118976
49789,12177
49789,7722
49789,103197
49789,12357
49789,111890
49789,83364
49789,48924
49789,52587
49789,3962
49789,47270
49789,15230
49789,89367
49789,37726
49789,64602
49789,115848
49790,97501
49790,133869
49790,42951
49790,5604
49790,54602
49790,128496
49790,87502
49790,70066
49790,22150
49790,30299
49790,26364
49790,80964
49790,156
49790,131841
49790,108507
49791,131697
49791,71469
49791,63066
49791,51782
49791,105392
49791,100683
49791,136997
49791,120694
49791,93981
49791,62600
49792,64950
49792,69269
49792,10872
49792,133353
49792,94457
49792,43152
49796,35974
49796,13302
49796,14156
49796,129724
49796,6845
49796,64384
49796,2498
49796,48999
49796,122751
49796,55954
49796,48017
49796,29391
49796,57640
49796,84214
49796,42585
49796,104486
49796,3704
49796,108537
49796,137887
49796,48687
49796,112590
49796,97089
49796,81504
49796,75212
49796,51494
49796,31770
49796,52074
49796,9019
49796,120276
49796,139123
49796,107032
49796,68997
49796,99398
49796,57707
49799,43254
49799,103381
49799,7427
49799,118672
49799,126953
49799,16511
49799,45638
49799,87066
49799,116656
49799,61354
49799,136031
49799,41132
49799,78477
49799,9774
49799,138773
49802,105534
49802,42906
49802,36289
49802,1696
49802,97038
49802,137301
49802,75781
49802,9959
49802,79318
49802,50432
49802,45211
49802,29677
49802,15911
49802,26779
49802,29446
49802,116778
49802,140696
49802,139847
49802,45875
49802,10242
49802,12197
49802,93485
49802,122895
49802,124255
49802,138371
49802,109598
49802,132972
49803,104407
49803,67983
49803,40320
49803,38812
49803,4864
49803,122220
49803,92027
49803,115580
49803,42108
49803,28275
49803,85179
49803,138158
49803,105661
49803,44494
49803,135498
49803,27226
49803,54222
49803,103005
49803,88847
49803,96910
49803,13177
49803,53676
49803,27902
49803,64594
49803,137762
49803,90453
49803,20613
49803,127462
49803,108278
49805,80777
49805,32922
49805,3570
49805,108675
49805,92122
49805,48959
49805,23749
49805,116530
49805,6930
49805,11829
49805,38294
49805,47603
49805,123279
49805,131672
49805,62048
49805,66820
49805,119477
49805,133734
49805,58491
49805,7389
49805,105292
49805,32376
49805,68251
49805,13438
49805,130726
49805,100001
49805,18463
49805,30806
49805,30824
49805,128801
49806,69184
49806,93974
49806,8864
49806,133689
49806,25159
49806,106366
49806,35679
49806,23190
49806,67233
49806,5322
49806,112502
49806,91975
49806,15390
49806,34151
49806,119527
49806,105779
49806,49084
49806,99025
49806,4080
49806,4503
49806,27540
49806,111838
49806,131242
49806,138452
49806,41337
49806,24041
49806,67477
49806,79398
49806,29044
49807,28821
49807,3934
49807,20386
49807,89635
49807,70505
49807,137621
49808,9958
49808,43504
49808,43772
49808,120924
49808,79352
49808,107675
49808,88130
49808,61589
49808,71904
49808,116520
49808,13142
49808,51055
49808,64852
49808,24741
49808,12000
49808,37924
49808,20046
49808,80516
49808,139012
49808,65089
49808,64939
49808,57366
49808,13922
49808,104425
49808,5848
49808,23758
49808,109961
49808,78844
49808,107770
49808,129895
49808,125078
49808,6117
49808,31287
49809,120356
49809,90873
49809,70720
49809,22180
49809,45450
49809,848
49809,82338
49809,78182
49809,79303
49809,64414
49809,114370
49809,85722
49809,5116
49809,23016
49809,91402
49809,18611
49809,119392
49809,50810
49809,2103
49809,113499
49809,83340
49809,68837
49809,129620
49809,35308
49809,25498
49809,49817
49809,78377
49809,72344
49809,79311
49809,38398
49809,40230
49809,3376
49810,139524
49810,34113
49810,24650
49810,84012
49810,128044
49810,39141
49810,127782
49812,33845
49812,25309
49812,85716
49812,98339
49812,126231
49812,37678
49812,17135
49812,109572
49812,3329
49812,125958
49812,109775
49812,36203
49812,116477
49812,17027
49812,4421
49812,139742
49812,54242
49812,3859
49812,17565
49812,123767
49813,132175
49813,104705
49813,138157
49813,48159
49813,24161
49813,70
49813,3475
49813,79902
49813,126028
49813,16120
49813,139826
49813,128811
49813,14645
49813,49518
49813,74457
49813,1569
49813,99052
49813,139619
49813,57992
49813,131698
49813,93942
49813,128691
49813,62238
49813,131001
49814,50431
49814,5502
49814,58886
49814,139614
49814,58706
49814,2311
49814,70348
49814,98485
49814,4318
49814,93836
49814,562
49814,80656
49814,75956
49814,99504
49814,126997
49814,51644
49814,21133
49814,97631
49814,89371
49814,59132
49814,37381
49815,107021
49815,7600
49815,55712
49815,93348
49815,86962
49815,135599
49815,29794
49815,115154
49815,94652
49817,112251
49817,85366
49817,35125
49817,36017
49817,76135
49817,48082
49817,41228
49817,118855
49817,12513
49817,51905
49817,120451
49817,110415
49817,105298
49817,86698
49817,118427
49819,136746
49819,76841
49819,16242
49819,45842
49819,70455
49819,41140
49819,60595
49819,88546
49819,39514
49819,92628
49819,115542
49819,117995
49819,108353
49819,109521
49822,108016
49822,46111
49822,4897
49822,38944
49822,80091
49822,97323
49822,77452
49822,140241
49822,105405
49822,74755
49822,88174
49822,120609
49822,57838
49822,39987
49822,53100
49822,107651
49822,136480
49822,98011
49822,118088
49822,114018
49822,38065
49822,33976
49822,45688
49822,85654
49822,129910
49822,51685
49822,67400
49822,1285
49822,39333
49822,15520
49822,71290
49823,140295
49823,99851
49823,138201
49823,1120
49823,108251
49823,48967
49823,9783
49823,8041
49823,121306
49823,81113
49823,70423
49823,14107
49823,57303
49823,135867
49823,106995
49823,8337
49823,106223
49823,111146
49823,93278
49823,27624
49823,13939
49823,131978
49823,43685
49823,70125
49823,126952
49823,39210
49823,59451
49823,72973
49823,69173
49823,36899
49823,37515
49823,77117
49823,10616
49823,104576
49824,2859
49824,72503
49824,79211
49824,54048
49824,129990
49824,77286
49824,24287
49824,95098
49824,30443
49824,84407
49824,60000
49824,40666
49824,39235
49824,30414
49824,25630
49824,80898
49824,87744
49824,137928
49824,139007
49824,97016
49824,23464
49824,112695
49824,22031
49824,103854
49824,24149
49824,36763
49824,46409
49826,82114
49826,116024
49826,3404
49826,120705
49826,7688
49826,96659
49826,31937
49826,34884
49826,140518
49826,88393
49826,86636
49827,126272
49827,33301
49827,128777
49827,86150
49827,31139
49827,12482
49827,125738
49827,120939
49827,129304
49827,112494
49827,62274
49827,64319
49827,99017
49827,138694
49827,125966
49827,75098
49827,104864
49827,69054
49827,103071
49827,48034
49827,33400
49827,138981
49827,136046
49827,33542
49827,4194
49827,19117
49827,13470
49827,6881
49827,76437
49827,19940
49827,61139
49829,23697
49829,55688
49829,16397
49829,70924
49829,135286
49829,24996
49829,36029
49829,88345
49829,72684
49829,5541
49829,44497
49829,9253
49829,117177
49830,86668
49830,77986
49830,15604
49830,100119
49830,109903
49830,101931
49830,125463
49832,72226
49832,105345
49832,2234
49832,73960
49832,114171
49832,9473
49832,58422
49832,102058
49832,8177
49832,88900
49835,81437
49835,88218
49835,53341
49835,29604
49835,48153
49835,76818
49835,95307
49835,113349
49835,88096
49835,64777
49835,56880
49835,89073
49835,10404
49835,30184
49835,19435
49835,95166
49835,59526
49835,92297
49835,16706
49835,68914
49835,107872
49835,41488
49835,28248
49835,27348
49835,97247
49835,893
49835,11103
49835,111106
49835,114766
49835,85728
49835,76656
49835,42282
49835,122844
49835,63762
49837,22160
49837,118034
49837,104504
49837,50435
49837,62003
49837,119536
49837,43718
49837,57426
49837,64368
49837,82921
49837,26251
49837,50408
49837,32516
49837,109021
49837,118182
49837,70054
49837,10719
49837,52119
49837,59952
49837,39374
49837,23350
49837,54548
49837,137054
49837,133682
49837,2053
49837,68745
49837,57469
49837,32048
49837,76534
49837,104746
49837,2179
49837,74567
49837,16149
49837,90408
49839,85826
49839,41927
49839,35493
49839,55830
49839,95629
49839,11043
49839,64350
49839,90687
49839,39805
49839,25756
49839,115846
49839,66093
49839,77276
49839,22986
49839,105658
49839,118697
49839,103892
49839,137924
49839,132797
49839,8169
49839,77591
49839,21393
49839,13403
49839,33760
49839,58145
49839,1194
49839,78997
49839,64967
49839,109789
49839,13245
49839,130651
49839,83262
49841,57554
49841,100844
49841,103109
49841,104996
49841,55662
49841,73902
49841,10138
49841,121217
49841,12093
49841,33385
49841,52483
49841,54777
49841,112768
49841,49697
49841,64343
49841,137635
49841,135162
49841,113391
49841,78213
49841,96636
49841,128637
49841,105155
49841,65023
49841,26558
49841,133693
49841,28220
49841,139504
49841,111024
49841,115523
49841,121203
49842,139214
49842,38389
49842,64348
49842,1516
49842,123104
49842,22922
49842,111044
49842,53040
49842,128419
49842,38420
49842,119585
49842,123692
49842,32286
49842,132951
49844,138908
49844,92100
49844,104526
49844,97799
49844,27069
49844,640
49844,123699
49844,75562
49844,115525
49844,111830
49844,132744
49844,9813
49844,112870
49844,64821
49844,60725
49844,78814
49844,96994
49844,15887
49844,130646
49844,23819
49844,27982
49844,97244
49844,136720
49844,100503
49844,103036
49844,40027
49846,57519
49846,58463
49846,4882
49846,101698
49846,69214
49846,131911
49846,114767
49847,124342
49847,137997
49847,37818
49847,104517
49847,131892
49847,70177
49847,77089
49847,114932
49847,21018
49847,122112
49847,59781
49847,59657
49847,18110
49847,40279
49847,140559
49847,24545
49847,117294
49847,86042
49847,26248
49847,11032
49847,10860
49847,15443
49847,125217
49847,26711
49847,9972
49847,115624
49847,127201
49847,6973
49847,11800
49847,130381
49847,127791
49847,115022
49847,120307
49849,92529
49849,23308
49849,3067
49849,52756
49849,10337
49849,42364
49849,124240
49849,40394
49849,46385
49849,109436
49849,52948
49849,50096
49849,96446
49849,76403
49849,92350
49849,42164
49849,80342
49849,50458
49849,9488
49849,47373
49849,128982
49849,125080
49849,135081
49849,79931
49849,99756
49849,117260
49849,17436
49849,12391
49849,7766
49849,99466
49849,12749
49849,28420
49849,78145
49850,75371
49850,84012
49850,48722
49850,88329
49850,24650
49850,56571
49850,98428
49850,41138
49850,127782
49853,57098
49853,69649
49853,15571
49853,134393
49853,135146
49853,126910
49853,74640
49853,44416
49855,77109
49855,27711
49855,125447
49855,11414
49855,42875
49855,68689
49855,133729
49855,89836
49855,65983
49855,44476
49855,15884
49855,121586
49855,104149
49855,67688
49855,117347
49855,135195
49855,134743
49855,99894
49855,115207
49856,137672
49856,56870
49856,97605
49856,124488
49856,90994
49856,14920
49856,29593
49856,57763
49856,134731
49856,65602
49856,19127
49856,29403
49856,22852
49856,90924
49856,44890
49856,18500
49856,126199
49856,39085
49856,57040
49856,71613
49856,42799
49856,7970
49856,102049
49856,62423
49856,104143
49856,72254
49856,86922
49856,47199
49856,12718
49856,110119
49857,120251
49857,56727
49857,131830
49857,107501
49857,70420
49857,88359
49857,119955
49857,38695
49857,122716
49857,44756
49857,47994
49857,138102
49857,94175
49857,52158
49857,105626
49857,68886
49857,66530
49857,58053
49857,87080
49857,131486
49857,103704
49857,108418
49857,106376
49857,108171
49857,104703
49857,132836
49857,41836
49857,22687
49857,12703
49857,78704
49857,10455
49857,6423
49859,65855
49859,130850
49859,55399
49859,100594
49859,39047
49859,61111
49859,54873
49859,137189
49859,69022
49859,62510
49859,120822
49859,65520
49859,57378
49859,30422
49859,96513
49859,101697
49859,98803
49859,39677
49859,87788
49859,109731
49859,25268
49859,68744
49859,81654
49859,131404
49860,90377
49860,90836
49860,79537
49860,48375
49860,62726
49860,43657
49860,67724
49860,31486
49860,107909
49860,1495
49860,48522
49860,23721
49860,25236
49860,113761
49860,12357
49860,66803
49860,31166
49860,88316
49860,22013
49860,59322
49860,55050
49860,79235
49860,63276
49860,62237
49860,85321
49860,37304
49860,68833
49860,102874
49860,38837
49860,83364
49860,8797
49860,78694
49860,115848
49863,5355
49863,110950
49863,130424
49863,17493
49863,42236
49863,126364
49863,8983
49863,105585
49863,28494
49863,99726
49863,130141
49863,94203
49863,27357
49863,140724
49863,135274
49863,123487
49863,93889
49863,53931
49863,90078
49863,95108
49863,93058
49863,125278
49864,96091
49864,94188
49864,71373
49864,139976
49864,8343
49864,16658
49864,67080
49864,33687
49864,136833
49864,93405
49864,95292
49864,125747
49864,118876
49864,136946
49864,117990
49864,123218
49864,119159
49864,130029
49864,69232
49864,139706
49864,120541
49864,41946
49864,8077
49864,65704
49864,108184
49864,13234
49864,87660
49864,28427
49864,63045
49864,52307
49864,135393
49864,8993
49864,91645
49864,79099
49864,91381
49866,22160
49866,82921
49866,64368
49866,50408
49866,118182
49866,70054
49866,134152
49866,50977
49866,10719
49866,39374
49866,62003
49866,119536
49866,28229
49866,80502
49866,59952
49866,52119
49866,137054
49866,27115
49866,23350
49866,120466
49866,54548
49866,133682
49866,57469
49866,45609
49866,76534
49866,74567
49866,2179
49866,104746
49866,30304
49866,106919
49866,16149
49866,86032
49866,69678
49866,24960
49866,90408
49867,36066
49867,138060
49867,115489
49867,95906
49867,116865
49867,108303
49867,76676
49867,127813
49867,36654
49867,97991
49867,115930
49867,115380
49867,61526
49867,124859
49868,69053
49868,140
49868,36383
49868,39598
49868,123237
49868,134286
49868,29150
49868,3940
49868,51125
49869,124342
49869,21018
49869,137997
49869,116942
49869,131892
49869,37818
49869,104517
49869,70177
49869,90845
49869,77089
49869,59657
49869,77914
49869,114932
49869,134323
49869,40279
49869,59781
49869,78500
49869,14082
49869,94455
49869,24545
49869,49656
49869,134154
49869,46274
49869,90809
49869,60846
49869,68420
49869,38419
49869,35223
49869,77795
49869,60468
49869,38904
49869,125083
49869,29633
49870,122413
49870,19078
49870,114441
49870,26519
49870,87318
49870,98178
49870,100274
49870,22750
49870,68797
49870,123331
49870,26086
49870,42932
49870,46461
49870,100365
49870,84828
49870,45115
49870,64236
49870,8942
49871,137310
49871,20653
49871,134175
49871,6504
49871,97626
49871,94868
49871,136368
49871,43936
49871,73590
49871,10143
49871,41331
49871,22625
49871,26275
49871,47357
49871,120544
49871,81280
49871,64082
49871,37254
49871,66626
49871,121945
49871,58896
49871,113204
49871,28382
49871,78795
49871,93565
49871,70385
49871,104955
49871,65417
49871,119964
49871,26805
49871,79945
49871,62923
49872,136159
49872,88218
49872,95307
49872,53341
49872,88096
49872,140132
49872,21721
49872,46153
49872,24311
49872,32625
49872,719
49872,5710
49872,113349
49872,40649
49872,117667
49872,20362
49872,111856
49872,46333
49872,112063
49872,18380
49872,23697
49872,89073
49872,67853
49872,21250
49872,130699
49872,130415
49872,70242
49872,118937
49872,90723
49872,129440
49872,135286
49872,127482
49872,4309
49872,97264
49875,10089
49875,70602
49875,67050
49875,92082
49875,102376
49875,69765
49875,137278
49875,30709
49875,67565
49875,130796
49875,124462
49875,120842
49875,73227
49875,60477
49875,21242
49875,140686
49875,43500
49875,134478
49875,36089
49875,29174
49875,38892
49875,4603
49875,66710
49875,26126
49875,20526
49875,77582
49875,13727
49875,140333
49875,23669
49877,108093
49877,66755
49877,77467
49877,114769
49877,80993
49877,128941
49877,11466
49877,137474
49877,49042
49878,52796
49878,15159
49878,3723
49878,104922
49878,44773
49878,106296
49878,50433
49878,53037
49878,87352
49878,25660
49878,73884
49878,131418
49878,46248
49878,95311
49878,16894
49878,101744
49878,127058
49878,15882
49878,54601
49878,44925
49878,112721
49878,61533
49878,98691
49878,47171
49878,27436
49878,39885
49878,39984
49878,64446
49878,42968
49878,31175
49878,39283
49878,42176
49878,80076
49878,56475
49879,8952
49879,4778
49879,38375
49879,56138
49879,58078
49879,137056
49879,94709
49879,88535
49879,61010
49879,113650
49879,92758
49879,133582
49879,3709
49879,26753
49879,62505
49879,84714
49879,123205
49879,54690
49879,35829
49879,82016
49879,13676
49879,127359
49879,89130
49879,137153
49879,85114
49879,85898
49879,73971
49879,99620
49879,107239
49879,74845
49879,9015
49879,44365
49879,127083
49879,68171
49882,113902
49882,121207
49882,112756
49882,19143
49882,22677
49882,84307
49882,51217
49882,13569
49882,46432
49882,35195
49882,3247
49882,106035
49882,99462
49882,115924
49882,133887
49882,105428
49882,72647
49882,12012
49882,74196
49882,47098
49882,52234
49882,94567
49882,68121
49882,106423
49882,140585
49882,81001
49882,77473
49882,40592
49882,16472
49882,2337
49884,71152
49884,81787
49884,23661
49884,113805
49884,45832
49884,48645
49884,85975
49884,55409
49884,65535
49884,40596
49884,139453
49884,41326
49884,52283
49884,90013
49884,115106
49884,73474
49884,429
49884,144
49884,112010
49884,48730
49884,32472
49884,110225
49884,13398
49884,67110
49884,119669
49884,136631
49884,96762
49884,140396
49884,90083
49884,89667
49884,86079
49884,102345
49884,78330
49884,11100
49886,38419
49886,124342
49886,116942
49886,37818
49886,35223
49886,131892
49886,70177
49886,104517
49886,90845
49886,77089
49886,21018
49886,59781
49886,134323
49886,78500
49886,134154
49886,24545
49886,77914
49886,94455
49886,46274
49886,60846
49886,68420
49886,14082
49886,114932
49886,59657
49886,102130
49886,77795
49886,26248
49886,60468
49886,40279
49886,122112
49886,57952
49886,38904
49886,90809
49887,23876
49887,47554
49887,135607
49887,99501
49887,120135
49887,52386
49887,29337
49887,117379
49890,133456
49890,25127
49890,92656
49890,39388
49890,128152
49890,111428
49890,25600
49890,8091
49890,21555
49890,69296
49890,120383
49890,139177
49890,128926
49890,83689
49890,57757
49890,68688
49890,90442
49890,115547
49890,37137
49890,67076
49890,140347
49890,90977
49890,58490
49890,3117
49890,26760
49890,69202
49890,39771
49890,99840
49890,139390
49890,29916
49891,8266
49891,38629
49891,69136
49891,128439
49891,58043
49891,53128
49891,126801
49891,91332
49891,138013
49891,135713
49891,1826
49891,54075
49891,23298
49891,121369
49891,119639
49891,107876
49891,25548
49891,7087
49891,30116
49891,64829
49891,29581
49891,36145
49891,47526
49891,3225
49891,136051
49891,41993
49891,30503
49891,47857
49891,99693
49891,66294
49891,7785
49891,79828
49891,2377
49892,17795
49892,66890
49892,123622
49892,58295
49892,35054
49892,66095
49892,133520
49892,11331
49892,136312
49892,56046
49892,40467
49892,101782
49892,43549
49892,138184
49892,119357
49892,86036
49892,48420
49892,90221
49892,89006
49892,38739
49892,28503
49892,120499
49892,83713
49892,40379
49892,78834
49892,84999
49892,114872
49892,53713
49892,21213
49892,82886
49892,12008
49893,35736
49893,140033
49893,33986
49893,138903
49893,9621
49893,5292
49893,131261
49893,123804
49893,49140
49893,5436
49893,99648
49893,18048
49893,14255
49893,103362
49893,27922
49893,8231
49893,57448
49893,76057
49893,22950
49893,129602
49893,40148
49893,137634
49896,57997
49896,43241
49896,86778
49896,19731
49896,103937
49896,79775
49896,40974
49896,32625
49896,127482
49896,12248
49896,59779
49896,119952
49896,104087
49896,40629
49896,37429
49896,8212
49896,115779
49896,52838
49896,48090
49896,11066
49896,117976
49896,31750
49896,44693
49896,12875
49896,32243
49896,17623
49896,111860
49896,117667
49896,52681
49896,16020
49896,56417
49896,71277
49897,130588
49897,46069
49897,71716
49897,134852
49897,114284
49897,138698
49897,47947
49897,14980
49897,72310
49897,64543
49897,138685
49897,3122
49897,133908
49897,101107
49897,75196
49897,110965
49897,39635
49897,118752
49897,36286
49897,115078
49897,15052
49897,70571
49897,83725
49897,51668
49897,50402
49897,87079
49897,95645
49897,31411
49898,34942
49898,90987
49898,7775
49898,48489
49898,119824
49898,134977
49898,83212
49898,55263
49898,31737
49898,63053
49898,74998
49898,5718
49898,113083
49898,58416
49898,81992
49898,137259
49898,109377
49900,118891
49900,20806
49900,4318
49900,37381
49900,59132
49900,51644
49900,75956
49900,79064
49900,126997
49902,95085
49902,120242
49902,69200
49902,57592
49902,42981
49902,12609
49902,64015
49902,135423
49902,21708
49902,162
49902,137360
49902,59976
49902,98860
49902,21344
49902,35044
49902,89144
49902,71556
49902,83043
49902,17880
49902,92965
49902,100924
49902,64517
49902,117793
49902,72177
49902,18255
49902,122060
49902,30261
49902,84552
49902,58030
49902,114733
49902,16745
49902,49959
49903,51665
49903,59139
49903,92780
49903,34740
49903,136712
49903,86158
49903,27347
49903,58295
49903,2196
49903,133520
49903,120620
49903,63515
49903,108531
49903,96413
49903,4928
49903,123662
49903,59521
49903,38953
49903,47378
49903,124589
49903,38764
49903,108414
49903,77067
49903,62025
49903,30063
49903,15066
49903,103342
49903,43610
49903,19961
49903,103741
49903,84297
49905,53432
49905,61184
49905,69600
49905,28314
49905,62912
49905,73136
49905,40044
49905,70619
49905,114417
49905,122869
49905,62879
49905,85295
49906,122600
49906,23734
49906,114864
49906,27308
49906,121942
49906,123045
49906,78100
49906,105381
49906,6981
49906,41649
49906,93590
49906,56995
49906,53391
49906,105302
49906,75619
49906,60348
49906,38293
49906,12562
49906,71135
49907,119602
49907,131362
49907,3928
49907,79150
49907,81988
49907,65567
49907,136541
49907,60026
49907,114470
49907,133502
49907,99805
49907,27942
49907,3283
49907,109253
49907,86947
49907,75834
49907,127523
49907,63612
49907,21065
49907,3390
49907,93026
49907,67626
49907,6562
49907,123546
49907,129970
49907,27662
49907,66401
49907,138416
49907,17762
49907,15672
49907,59528
49907,1501
49907,124518
49909,27632
49909,67964
49909,118444
49909,133509
49909,101335
49909,78647
49909,103982
49909,76070
49909,48233
49909,38091
49909,127094
49909,5380
49909,131352
49909,94261
49909,138722
49909,123012
49909,110258
49909,43882
49909,99025
49909,55019
49909,8508
49909,134671
49909,20937
49909,96553
49909,117430
49909,13934
49909,4641
49909,106121
49909,33130
49909,25887
49909,88908
49909,135437
49909,82267
49909,78549
49912,106230
49912,7377
49912,79106
49912,12887
49912,33547
49912,41400
49912,120248
49912,123584
49912,61950
49912,137473
49912,121198
49912,92680
49912,4634
49912,14024
49912,75795
49912,86277
49912,98719
49912,30345
49912,108570
49912,67281
49912,38064
49912,114403
49912,131018
49912,128834
49912,34695
49912,27690
49912,52263
49912,8374
49912,44143
49912,22050
49912,101368
49912,105535
49913,123621
49913,34964
49913,84066
49913,12756
49913,53903
49913,139303
49913,65525
49913,105524
49913,63998
49913,44347
49913,22478
49913,44358
49913,22270
49913,84959
49913,100323
49913,52058
49913,49512
49913,100749
49913,58221
49913,115662
49913,64212
49913,52198
49913,125270
49913,137227
49913,113720
49913,19518
49913,23406
49913,98580
49913,20944
49913,31961
49913,73988
49913,113863
49913,76041
49914,139956
49914,118414
49914,37120
49914,94883
49914,45371
49914,128905
49914,61931
49914,43121
49914,85901
49914,63739
49914,113150
49914,127435
49914,90417
49914,140217
49914,126628
49914,56508
49914,51402
49914,137104
49914,35049
49914,121119
49914,8831
49914,74724
49914,45259
49914,108326
49914,40359
49914,127526
49914,83778
49914,114077
49914,89391
49914,37042
49914,9609
49914,5418
49914,47847
49918,37543
49918,37124
49918,88316
49918,77411
49918,59322
49918,42011
49918,31486
49918,79235
49918,9894
49918,12357
49918,37304
49918,90377
49918,68833
49918,23721
49918,12177
49918,110189
49918,43657
49918,25236
49918,10177
49918,85321
49918,48924
49918,39957
49918,125957
49918,102874
49918,62237
49918,22013
49918,119140
49918,21470
49918,83364
49918,85575
49918,47769
49918,136042
49919,11948
49919,78866
49919,27964
49919,67161
49919,91254
49919,39700
49920,113829
49920,76685
49920,30452
49920,54642
49920,7208
49920,83620
49920,53293
49920,64862
49920,122155
49920,37091
49920,17783
49921,36725
49921,50637
49921,3760
49921,31315
49921,68040
49921,70853
49921,54841
49921,128800
49921,123973
49921,67247
49921,22282
49921,3790
49921,121519
49921,139898
49921,66860
49921,41834
49921,85822
49921,122584
49921,133168
49921,111582
49921,30683
49921,127362
49921,25656
49921,128877
49921,8207
49921,10343
49921,118073
49921,5294
49921,62538
49921,104363
49922,111510
49922,35890
49922,63249
49922,16432
49922,84030
49922,83498
49922,39002
49923,3394
49923,96029
49923,72955
49923,24242
49923,99722
49923,21362
49923,111649
49923,128317
49923,32410
49923,58464
49923,76561
49923,119784
49923,715
49923,120509
49923,2959
49923,25857
49923,110218
49923,33802
49923,5792
49923,61720
49923,113576
49923,16715
49923,52879
49923,44736
49923,42181
49923,56012
49923,117971
49923,55728
49923,54077
49923,134838
49923,29841
49923,21946
49926,132931
49926,76584
49926,48055
49926,6474
49926,96227
49926,101282
49926,22519
49926,122645
49926,88400
49926,27148
49926,131633
49926,92876
49926,102640
49926,61477
49926,85387
49926,73048
49926,108975
49926,40784
49926,71655
49926,125938
49926,81945
49926,42684
49926,11418
49926,47036
49926,44836
49926,76905
49926,62882
49926,29417
49926,122121
49926,81136
49926,140499
49926,49725
49926,52126
49928,137248
49928,116612
49928,107226
49928,6976
49928,42639
49928,63068
49928,97069
49928,107452
49928,127788
49928,2719
49928,8818
49928,87805
49928,6638
49928,41498
49928,114045
49928,65131
49928,114867
49928,25989
49928,137063
49928,78611
49928,110917
49928,52397
49928,37457
49928,112330
49928,72300
49928,87189
49928,72051
49928,34666
49928,32224
49928,20072
49928,139151
49930,7860
49930,130338
49930,65418
49930,71504
49930,132295
49930,129983
49930,40083
49930,89951
49930,28285
49930,21997
49930,50000
49930,51
49930,39673
49930,40460
49930,48395
49930,19538
49930,13668
49930,139809
49930,15768
49930,65642
49930,125042
49930,96329
49930,84110
49930,129281
49930,56750
49930,132431
49930,114250
49930,125053
49930,89334
49930,117252
49930,26127
49930,11683
49930,76130
49931,65855
49931,130850
49931,69022
49931,113582
49931,73184
49931,83438
49931,39047
49931,100594
49931,30562
49931,61111
49931,81217
49931,96513
49931,65520
49931,47308
49931,3933
49931,62510
49931,119588
49931,47394
49931,12228
49931,55399
49931,120822
49931,83953
49931,30422
49931,137189
49931,98803
49931,68744
49931,101697
49931,87788
49931,109731
49931,131404
49933,44069
49933,121514
49933,14910
49933,119646
49933,107638
49933,127566
49934,135868
49934,55551
49934,109533
49934,26523
49934,107282
49934,91984
49934,29700
49934,12189
49934,132250
49934,15363
49934,107528
49934,107500
49934,43255
49934,55143
49934,137359
49934,67638
49934,101529
49934,82619
49934,130770
49934,55020
49934,93794
49934,85927
49934,23826
49935,5277
49935,60658
49935,106940
49935,24517
49935,110320
49935,5886
49935,69326
49935,27597
49935,102086
49935,78392
49935,31716
49935,10095
49935,48801
49935,42708
49935,51642
49935,36231
49935,9995
49935,129975
49935,137810
49935,123338
49935,9821
49935,132313
49935,6060
49935,51598
49935,39997
49935,97824
49935,114894
49935,101432
49935,68068
49935,76242
49935,45547
49939,111281
49939,790
49939,24851
49939,90421
49939,27516
49939,45922
49939,28548
49939,109245
49939,38402
49939,27257
49939,37585
49939,109108
49939,90916
49939,106903
49939,125918
49939,20582
49939,35931
49939,78498
49939,67422
49939,108228
49939,114670
49939,19182
49939,53935
49939,107221
49939,70969
49940,86064
49940,44715
49940,87471
49940,3379
49940,73825
49940,6097
49940,12904
49940,4510
49940,25226
49940,85209
49940,1901
49941,101975
49941,42501
49941,32995
49941,136277
49941,106835
49941,39743
49941,11818
49941,52643
49941,8816
49941,132997
49941,140505
49941,36659
49941,51405
49941,23680
49941,92854
49941,106450
49941,69569
49941,131924
49941,88101
49941,73491
49941,63269
49941,51424
49941,46097
49941,9759
49941,71620
49941,84713
49941,60033
49941,103067
49941,32707
49941,61649
49941,55727
49943,10608
49943,112216
49943,49761
49943,78327
49943,81430
49943,61203
49943,104556
49943,22494
49943,1267
49943,97286
49943,79991
49943,117913
49943,98382
49943,52504
49943,138746
49943,31959
49943,90908
49943,54940
49943,92851
49943,139530
49943,74447
49943,51131
49943,42556
49943,87442
49943,71178
49943,6402
49943,19443
49943,37126
49943,67017
49943,129126
49943,120090
49943,121446
49947,85601
49947,59780
49947,74514
49947,92705
49947,118084
49947,103658
49947,120146
49947,42694
49947,78613
49947,134188
49947,24847
49947,55225
49947,48919
49947,138069
49947,97508
49947,116710
49947,129396
49947,100454
49947,68649
49947,94663
49947,68736
49947,139716
49947,139876
49947,27078
49947,59454
49947,80311
49947,31919
49947,8005
49947,50417
49947,137701
49947,117876
49948,105408
49948,23268
49948,3213
49948,7919
49948,1230
49948,126719
49948,126657
49948,61529
49948,41278
49948,53494
49948,70078
49948,71376
49948,70606
49948,135499
49948,126462
49948,139197
49948,7880
49948,70839
49948,78838
49948,10746
49948,64762
49948,60084
49948,35264
49948,6439
49948,138600
49948,80475
49948,77935
49948,41712
49948,74754
49948,125311
49948,23212
49948,106262
49949,13444
49949,17134
49949,13615
49949,82451
49949,43653
49949,46714
49949,136502
49949,114522
49949,100838
49949,57016
49949,26683
49949,5989
49949,98414
49949,79962
49949,85854
49949,53889
49949,60350
49949,95900
49949,35503
49949,121429
49949,136493
49949,91449
49951,131538
49951,94888
49951,136895
49951,63617
49951,64371
49951,93956
49951,67044
49951,101221
49951,4922
49951,106149
49951,137461
49951,28916
49951,51063
49951,86630
49951,25235
49951,81321
49951,13871
49951,4267
49951,72922
49951,10084
49951,5395
49951,11395
49951,30586
49951,108012
49951,17091
49951,117873
49951,118704
49951,8108
49951,56428
49951,129375
49951,121120
49951,55102
49954,29749
49954,127574
49954,50180
49954,47310
49954,124163
49955,8146
49955,36087
49955,83846
49955,28410
49955,80367
49955,110292
49955,99897
49955,854
49955,114705
49957,101514
49957,64428
49957,6995
49957,51401
49957,13068
49957,51990
49957,594
49957,43642
49957,17188
49957,125109
49957,52806
49957,89116
49957,92285
49957,46867
49957,55473
49957,105493
49957,41743
49957,50878
49957,19627
49957,68053
49957,2776
49957,130744
49957,89332
49957,110240
49959,81849
49959,42260
49959,106467
49959,4426
49959,31663
49959,15545
49959,83158
49959,50662
49959,59232
49959,22698
49959,110981
49959,56537
49959,68411
49959,24939
49959,99186
49959,64324
49959,109855
49959,116047
49959,46923
49959,55340
49959,63835
49959,12202
49959,99658
49960,7895
49960,12791
49960,56200
49960,75317
49960,121841
49960,34860
49960,101598
49961,111960
49961,69535
49961,25630
49961,121379
49961,114133
49961,59837
49961,122738
49961,89643
49961,1573
49961,33167
49961,59364
49961,117187
49961,18061
49961,107280
49961,63250
49961,33353
49961,23330
49961,70734
49961,91838
49961,110178
49961,110131
49961,72007
49961,2636
49961,129759
49961,99136
49961,20651
49961,72801
49961,37933
49961,79922
49961,56990
49961,49692
49964,133509
49964,27686
49964,138722
49964,31135
49964,13934
49964,8508
49964,55865
49964,85555
49964,104493
49964,30487
49964,139000
49964,107090
49964,20937
49964,134671
49964,103982
49964,33130
49964,25887
49964,116852
49964,58240
49964,117430
49964,30986
49964,94897
49964,135071
49964,139952
49964,44421
49964,74251
49964,72873
49964,94368
49964,74110
49964,122859
49964,130725
49964,30353
49964,26856
49966,122377
49966,50553
49966,24646
49966,95225
49966,26422
49966,92078
49966,57728
49966,2506
49966,35975
49966,60046
49966,21244
49966,117972
49966,92733
49966,9456
49966,81150
49966,28522
49966,99326
49966,38256
49966,130073
49966,115096
49966,53745
49966,103663
49966,125002
49966,9223
49966,42674
49966,12950
49966,109237
49966,19626
49966,114939
49966,41396
49967,28495
49967,17739
49967,23552
49967,48555
49967,115954
49967,26118
49967,70058
49967,95292
49967,136833
49967,80034
49967,94080
49967,123051
49967,88226
49967,135565
49967,820
49967,61695
49967,49738
49967,68199
49967,31576
49967,23862
49967,106222
49967,16631
49967,11948
49967,69514
49967,100081
49967,131203
49967,75897
49967,85106
49967,105476
49967,110786
49967,71216
49967,70903
49967,9496
49968,96807
49968,126816
49968,46559
49968,118960
49968,131366
49968,84243
49968,124854
49968,139200
49968,29745
49968,12277
49968,74930
49968,49265
49968,25892
49968,6007
49968,66953
49968,69775
49968,136280
49968,62520
49968,27085
49968,35765
49968,116624
49968,67356
49968,50014
49968,54069
49968,7604
49968,7938
49968,56016
49968,67229
49968,13681
49968,136977
49968,54763
49969,15186
49969,73627
49969,58080
49969,52732
49969,132221
49969,19006
49969,7937
49969,123498
49969,104736
49969,80052
49969,78576
49969,19251
49969,69188
49969,19923
49969,25953
49969,42926
49969,24164
49969,49921
49969,84736
49969,11165
49969,116861
49969,117034
49969,119598
49969,26567
49969,93740
49969,29548
49969,5231
49969,13184
49970,118677
49970,20547
49970,101914
49970,41826
49970,40353
49970,15330
49970,132566
49970,1005
49970,35848
49970,52092
49970,73045
49970,129745
49970,46638
49970,44351
49970,87276
49970,100073
49970,39917
49972,135221
49972,15513
49972,109314
49972,132047
49972,139491
49972,56225
49972,9108
49972,86558
49972,54433
49972,101935
49972,50818
49972,34978
49972,118457
49972,23803
49972,88185
49972,19829
49972,66266
49972,130598
49972,86803
49972,23250
49972,20435
49972,134920
49972,51572
49972,28041
49972,28989
49972,119729
49972,41725
49972,53188
49972,22668
49973,47993
49973,119458
49973,26840
49973,107884
49973,79203
49973,21115
49973,85128
49973,41772
49973,103269
49973,63288
49973,6800
49973,61118
49973,137256
49973,112902
49973,64785
49973,49442
49973,74885
49973,76926
49973,95990
49973,123120
49973,72918
49973,16698
49973,136457
49973,763
49973,13624
49973,129891
49973,85647
49973,72130
49976,52732
49976,15186
49976,117112
49976,24164
49976,32548
49976,9676
49976,136076
49976,12664
49976,85951
49976,14535
49976,69188
49976,58080
49976,124555
49976,1189
49976,122713
49976,17815
49976,74558
49976,61801
49976,88820
49976,84736
49976,46221
49976,116861
49976,13368
49976,55903
49976,137703
49976,76160
49976,46120
49976,57632
49976,2714
49976,84456
49977,35755
49977,99659
49977,91078
49977,109213
49977,75063
49977,29151
49977,73875
49977,139351
49977,2568
49977,3662
49977,16061
49977,26246
49977,91001
49977,106783
49977,92820
49977,83723
49978,136159
49978,7360
49978,20133
49978,50890
49978,139502
49978,140130
49979,106421
49979,106230
49979,34852
49979,90920
49979,48004
49979,63604
49979,79106
49979,3775
49979,124778
49979,21638
49979,38262
49979,38758
49979,134538
49979,135238
49979,77574
49979,38913
49979,57934
49979,134288
49979,61586
49979,64872
49979,2906
49979,57125
49979,14024
49979,80579
49979,84341
49979,56917
49979,96112
49979,7895
49979,33067
49979,4634
49979,35010
49979,52263
49979,8374
49981,4991
49981,8299
49981,45465
49981,67640
49981,132452
49981,37824
49981,35288
49981,48306
49981,63859
49981,49168
49981,57084
49981,16202
49981,70335
49981,110202
49981,128015
49981,76808
49981,113040
49981,38358
49981,8522
49981,13307
49981,121356
49981,99063
49981,138227
49981,131163
49981,132337
49982,53341
49982,33793
49982,65235
49982,68153
49982,37063
49982,106230
49982,113402
49982,48004
49982,95307
49982,88218
49982,42937
49982,87490
49982,66602
49982,116616
49982,103812
49982,49210
49982,67144
49982,88096
49982,86989
49982,120248
49982,57001
49982,13707
49982,88901
49982,38758
49982,33509
49982,30184
49982,37881
49982,57125
49982,95711
49982,96104
49982,128155
49982,14024
49982,5163
49982,78283
49983,48004
49983,90920
49983,106230
49983,107028
49983,49928
49983,87490
49983,41400
49983,123584
49983,33509
49983,134538
49983,79625
49983,112324
49983,86989
49983,123709
49983,134288
49983,14024
49983,75795
49983,37063
49983,28517
49983,29230
49983,32431
49983,39127
49983,51087
49983,123201
49983,60244
49983,78926
49983,11631
49983,20317
49983,19043
49983,12154
49983,1949
49983,128155
49983,97298
49984,83997
49984,26263
49984,48330
49984,77869
49984,28643
49984,31946
49984,109017
49987,73077
49987,20013
49987,80545
49987,119794
49987,116505
49987,101520
49987,103174
49987,46027
49987,34221
49987,135028
49987,89238
49987,63417
49987,73145
49987,137487
49987,33828
49987,19836
49987,61011
49987,99062
49987,53916
49987,59466
49987,36507
49987,124043
49987,106307
49987,138641
49987,118206
49987,28132
49987,5700
49987,62403
49987,56908
49988,102209
49988,113443
49988,65058
49988,86943
49988,48997
49988,50300
49988,84154
49989,29898
49989,3498
49989,66241
49989,131536
49989,69687
49989,103921
49989,7890
49989,20209
49989,27838
49989,35616
49989,112258
49989,108146
49989,70134
49989,97592
49989,135356
49989,135567
49989,10158
49989,121380
49989,60764
49989,101611
49989,67299
49989,108408
49989,12996
49990,39124
49990,131572
49990,22488
49990,72578
49990,32149
49990,30035
49990,65640
49990,40324
49990,51919
49990,38856
49990,44653
49990,119449
49990,83348
49990,7596
49990,123156
49990,33243
49990,89789
49990,110525
49990,118192
49990,91627
49990,136015
49990,140651
49990,76771
49990,34694
49990,98753
49990,113617
49990,114478
49990,38886
49990,41388
49990,10244
49990,133405
49996,56060
49996,110998
49996,17633
49996,68923
49996,8161
49996,48136
49996,59105
49996,104853
49997,125297
49997,106834
49997,65924
49997,47327
49997,102460
49997,139446
49997,50482
49997,29682
49997,8349
49997,36733
49997,84704
49997,122342
49997,73977
49997,10064
49997,117121
49997,124070
49997,135534
49997,60805
49997,114866
49997,23049
49997,110721
49997,104064
50001,59620
50001,12043
50001,74867
50001,106691
50001,95011
50001,69049
50001,7548
50001,15379
50001,22786
50001,22083
50001,79635
50001,6600
50001,67760
50001,111975
50001,128956
50001,90826
50001,21379
50001,107293
50001,46201
50001,46081
50001,80877
50001,79159
50001,24861
50001,29836
50001,61948
50001,25986
50001,99585
50001,25816
50001,118029
50001,9064
50001,111638
50001,64891
50001,37948
50002,59324
50002,97574
50002,88347
50002,131828
50002,51742
50002,5124
50002,138575
50002,52451
50002,22780
50002,92978
50002,118936
50002,112345
50002,55070
50002,78572
50002,55019
50002,66475
50002,103339
50006,43405
50006,68984
50006,138178
50006,64596
50006,77775
50006,109103
50006,53438
50006,85189
50006,51760
50006,40235
50006,12977
50006,119123
50006,133774
50006,25529
50006,107399
50006,45634
50006,66652
50006,35872
50006,47059
50006,73041
50006,137407
50006,87826
50006,13716
50006,49280
50006,15871
50006,29263
50006,46464
50006,114930
50006,54140
50006,108112
50006,88321
50006,126612
50006,58804
50009,139847
50009,97038
50009,131958
50009,121162
50009,14515
50009,117043
50009,122895
50009,140551
50009,69411
50009,39842
50009,128632
50009,23723
50009,61639
50009,113035
50009,38164
50009,93485
50009,80833
50009,40836
50009,20087
50009,130541
50009,93282
50009,138371
50009,98714
50009,138205
50009,45875
50009,124255
50009,75781
50009,132972
50009,76969
50009,62152
50009,19931
50009,50432
50010,87826
50010,97484
50010,43016
50010,88321
50010,12977
50010,45634
50010,119123
50010,49280
50010,107399
50010,13716
50010,85189
50010,15871
50010,29263
50010,112398
50010,66652
50010,53438
50010,46464
50010,126612
50010,54140
50010,108112
50012,44968
50012,36605
50012,17100
50012,57059
50012,63988
50012,94329
50012,55383
50012,2586
50012,112788
50012,86
50012,4767
50012,1666
50012,4514
50012,73847
50012,90074
50012,91617
50012,34843
50012,137934
50012,1773
50012,98095
50012,37170
50012,110200
50012,139225
50012,119041
50012,59892
50012,52202
50012,9978
50012,41410
50012,100899
50012,56615
50012,48627
50015,5866
50015,8456
50015,17253
50015,12912
50015,115048
50015,96099
50015,95512
50015,40380
50015,25566
50015,13120
50015,40442
50015,113586
50015,140436
50015,10216
50015,29953
50015,11284
50015,27855
50015,92256
50015,25831
50015,3046
50015,18431
50015,100586
50015,5847
50015,55871
50015,22700
50015,108963
50015,76087
50015,47130
50015,88422
50015,69688
50015,70196
50015,2733
50015,133165
50015,26507
50016,50164
50016,49287
50016,132407
50016,29311
50016,127216
50016,30529
50016,127543
50016,54817
50016,25405
50016,13381
50016,71552
50016,123163
50016,53219
50016,87649
50016,54244
50016,11654
50016,16647
50016,15291
50016,11415
50016,63309
50018,21688
50018,69489
50018,54818
50018,2990
50018,126732
50018,108433
50018,8289
50019,133419
50019,70114
50019,34696
50019,9562
50019,139069
50019,35062
50019,87671
50019,130229
50021,48004
50021,90920
50021,38758
50021,38913
50021,49928
50021,72631
50021,57125
50021,34852
50021,75147
50021,80579
50021,106421
50021,82789
50021,86989
50021,112324
50021,79625
50021,40048
50021,4634
50021,35010
50021,25979
50021,69171
50021,70624
50021,84341
50021,98719
50021,128155
50021,9799
50021,11631
50021,19875
50021,31962
50021,8374
50022,93974
50022,25159
50022,4503
50022,67233
50022,5322
50022,69184
50022,91975
50022,35679
50022,106366
50022,112502
50022,6713
50022,34151
50022,4080
50022,113983
50022,15390
50022,138452
50022,23190
50022,41337
50022,111838
50022,67477
50022,29044
50024,67140
50024,80832
50024,125744
50024,134845
50024,130468
50024,100748
50024,103908
50024,81804
50024,139165
50024,100664
50024,15609
50024,67619
50024,13760
50024,114209
50024,8134
50024,30435
50024,24092
50024,54116
50024,106647
50024,39526
50024,99219
50024,72508
50024,129643
50024,97432
50024,90254
50024,62587
50024,7432
50024,18410
50024,109612
50025,104864
50025,75098
50025,79947
50025,121354
50025,42659
50025,64692
50025,89984
50025,78515
50025,69054
50025,33301
50025,120880
50025,88202
50025,58810
50025,137530
50025,76639
50025,4464
50025,33542
50025,99017
50025,138981
50025,13470
50025,42453
50025,91606
50025,19117
50025,92879
50025,56511
50025,12546
50025,118293
50025,29750
50025,65750
50025,61139
50025,129304
50025,55614
50025,43350
50026,15137
50026,80740
50026,28302
50026,46000
50026,70181
50026,125916
50026,90774
50026,75740
50026,24843
50026,21503
50026,69627
50026,135344
50026,127891
50026,138294
50026,55760
50026,63015
50026,57737
50026,4554
50026,125016
50026,120806
50026,114070
50026,106378
50026,95279
50026,995
50026,74192
50026,71032
50026,1091
50026,74359
50026,48120
50026,78365
50026,33048
50026,2135
50026,57015
50027,129151
50027,206
50027,139493
50027,21499
50027,137796
50027,107082
50027,33334
50027,4400
50029,82338
50029,114951
50029,44385
50029,83340
50029,120356
50029,106075
50029,2103
50029,63016
50029,70676
50029,18611
50029,138410
50029,28876
50029,7958
50029,17500
50029,91107
50029,51420
50029,133377
50029,15145
50029,28884
50029,40230
50029,848
50029,134754
50029,51546
50029,131898
50029,30081
50031,135551
50031,76443
50031,20136
50031,16826
50031,135487
50031,88219
50031,22471
50031,134686
50031,45896
50031,88226
50031,122582
50031,94080
50031,13674
50031,61695
50031,74882
50031,21443
50031,70683
50031,47556
50031,88778
50031,47359
50031,127861
50031,5961
50031,132817
50031,13019
50031,68206
50031,91620
50031,108213
50031,135726
50031,10418
50031,39355
50031,68601
50031,560
50034,84270
50034,41124
50034,115172
50034,138373
50034,17113
50034,9649
50034,122241
50034,128052
50034,129393
50034,134313
50035,139847
50035,19469
50035,135410
50035,1696
50035,82329
50035,10242
50035,19797
50035,14515
50035,39679
50035,9279
50035,84060
50035,123723
50035,59354
50035,65058
50035,23662
50035,122259
50035,102045
50035,121162
50035,116927
50035,67649
50035,134378
50035,12197
50035,99940
50035,109598
50035,73246
50035,113443
50035,75781
50035,124255
50035,98714
50038,38089
50038,2682
50038,104791
50038,89752
50038,10332
50038,89166
50038,66378
50038,59542
50038,90407
50038,36467
50038,80405
50038,73414
50038,66272
50038,58778
50038,41149
50038,21019
50038,68300
50038,18582
50038,110829
50038,19502
50038,122401
50039,34873
50039,71739
50039,11284
50039,67813
50039,25566
50039,8456
50039,10216
50039,48230
50039,5866
50039,67887
50039,96099
50039,40380
50039,12912
50039,115048
50039,107175
50039,100586
50039,113586
50039,86629
50039,69688
50039,140436
50039,124947
50039,71662
50039,82394
50039,2733
50039,70196
50039,3046
50039,46883
50039,17967
50039,40442
50039,29953
50039,76087
50039,108963
50039,88899
50042,132452
50042,129778
50042,98021
50042,8522
50042,76808
50042,110202
50042,16202
50042,45465
50042,63859
50042,67640
50042,49168
50042,13307
50042,113040
50042,4991
50042,70335
50042,37824
50042,138227
50042,132337
50043,27788
50043,118188
50043,97937
50043,9696
50043,96426
50043,119653
50043,4106
50043,49601
50044,16239
50044,80915
50044,87996
50044,48646
50044,121485
50044,91781
50045,133227
50045,77219
50045,40814
50045,7659
50045,1563
50045,33341
50045,79968
50045,110402
50045,106560
50046,129912
50046,20267
50046,138056
50046,8849
50046,136707
50046,119541
50046,46630
50046,27002
50046,30446
50046,47379
50046,89874
50046,25222
50046,85392
50046,114682
50046,10892
50046,114731
50046,81384
50046,25381
50046,54584
50046,117559
50046,48390
50046,86443
50046,63557
50046,109535
50046,73926
50046,82610
50046,10353
50046,71259
50046,53627
50046,31712
50046,90757
50046,139865
50047,129949
50047,11930
50047,58925
50047,25921
50047,95021
50048,119270
50048,54846
50048,133884
50048,129516
50048,770
50048,76479
50048,123646
50048,70639
50048,35993
50048,49813
50048,8392
50048,95489
50048,78507
50048,45494
50048,57149
50048,84817
50052,62966
50052,93599
50052,140041
50052,45889
50052,94674
50052,67051
50052,3922
50052,42122
50052,77551
50052,134207
50052,85838
50052,3887
50052,103676
50052,106554
50052,130000
50052,26560
50052,124108
50052,44892
50052,6728
50052,67684
50052,99114
50052,5264
50052,92957
50053,45803
50053,133719
50053,23327
50053,102248
50053,46223
50053,39474
50053,67428
50053,107428
50053,134004
50053,102885
50053,6971
50053,109065
50053,70274
50053,45461
50053,97789
50053,29738
50053,54680
50053,24644
50053,7793
50053,133631
50053,13323
50053,44587
50053,20197
50053,46256
50053,109914
50053,130672
50053,102666
50053,80045
50053,20298
50053,85922
50053,26872
50054,125127
50054,48913
50054,104310
50054,45731
50054,56776
50054,88389
50054,46317
50054,47864
50054,115166
50054,100549
50054,91667
50054,108197
50054,92411
50054,139453
50054,33591
50054,97121
50054,10827
50054,43888
50054,92724
50058,29286
50058,140130
50058,136159
50058,60458
50058,7360
50058,94956
50058,86289
50058,107316
50058,18380
50058,109431
50058,93944
50058,20133
50058,74130
50058,8951
50058,7258
50058,17213
50058,3566
50058,94596
50058,126571
50058,59638
50058,95486
50058,50890
50058,56685
50058,37798
50058,132293
50058,12347
50058,77583
50058,24345
50058,80767
50058,139502
50058,90389
50058,134654
50059,106199
50059,126234
50059,9677
50059,26649
50059,21182
50059,52097
50059,8124
50059,60230
50059,12173
50059,44376
50059,85787
50059,47017
50059,22583
50059,68667
50059,91753
50059,71045
50059,129713
50059,55738
50059,24432
50059,48396
50059,56775
50059,122588
50059,128472
50059,84227
50060,112761
50060,28003
50060,12753
50060,73731
50060,122777
50060,79513
50060,84742
50060,86174
50060,91180
50060,62104
50060,95420
50060,93908
50060,32526
50060,133011
50060,95093
50060,44865
50060,21715
50060,5392
50060,125211
50060,7345
50060,60123
50060,26764
50060,68807
50060,74635
50060,12386
50060,127539
50060,117928
50060,130325
50060,120571
50060,133669
50060,87716
50060,5324
50062,20891
50062,11231
50062,2028
50062,32739
50062,47885
50062,24518
50062,99540
50062,52506
50062,112307
50062,67243
50062,87305
50062,28187
50062,9617
50062,118799
50062,81389
50062,33954
50062,87268
50062,136718
50062,38095
50062,50451
50062,129210
50062,112174
50062,47403
50062,58584
50062,119973
50062,3470
50062,4894
50062,86146
50062,113692
50062,121068
50062,98034
50063,78080
50063,9194
50063,20698
50063,35780
50063,94692
50063,16097
50063,53515
50063,24215
50063,15943
50063,26626
50063,33599
50063,38729
50063,68552
50063,75901
50063,11021
50063,6866
50063,14124
50068,24545
50068,21018
50068,124342
50068,137997
50068,70177
50068,77089
50068,116942
50068,104517
50068,90845
50068,14082
50068,60846
50068,78500
50068,40279
50068,134323
50068,77914
50068,59781
50068,114932
50068,35223
50068,26248
50068,49656
50068,134154
50068,38419
50068,94455
50068,46274
50068,59657
50068,131892
50068,125083
50068,77795
50068,29633
50068,57952
50068,122112
50068,117294
50069,124166
50069,125053
50069,68002
50069,137514
50069,31359
50069,58136
50069,67569
50069,85065
50069,65100
50069,67376
50069,79068
50069,91687
50069,112568
50069,131901
50069,136880
50069,56064
50069,89951
50069,111940
50069,84526
50070,118488
50070,101827
50070,95004
50070,140501
50070,2379
50070,4019
50070,113976
50070,131140
50070,53114
50070,28966
50070,80329
50070,6210
50070,132392
50070,129811
50070,123021
50070,37172
50070,65423
50070,93246
50070,83360
50070,32948
50070,74900
50070,100301
50070,79670
50070,111627
50070,34186
50070,56398
50070,93793
50070,80439
50070,18179
50070,122836
50070,110577
50070,134698
50070,120148
50071,114152
50071,112948
50071,61581
50071,136058
50071,109011
50071,71698
50071,91718
50071,1883
50071,102123
50071,717
50071,93032
50071,135755
50071,101439
50071,9067
50071,115595
50071,123400
50071,98474
50071,67167
50071,28329
50071,107665
50071,18588
50071,15281
50071,7987
50071,58635
50071,123126
50071,48891
50071,45583
50071,133071
50072,23000
50072,47820
50072,124509
50072,46936
50072,48725
50072,26349
50072,30635
50072,22845
50072,42683
50072,65162
50072,112626
50072,81751
50072,60922
50072,94520
50072,38991
50072,110216
50072,94672
50072,126587
50072,84652
50072,107631
50072,116856
50072,21788
50072,52176
50072,994
50072,62622
50072,87489
50072,83559
50072,76215
50073,21886
50073,24260
50073,94104
50073,122498
50073,118222
50073,109220
50073,66249
50073,79853
50073,58643
50073,132941
50073,121294
50073,59404
50073,46538
50073,53450
50073,57552
50073,138941
50073,124541
50073,89061
50073,115958
50073,11106
50073,74942
50073,104688
50073,27836
50073,58806
50073,122636
50073,81293
50073,9810
50073,79613
50073,70162
50073,129385
50073,22455
50075,140295
50075,121736
50075,138201
50075,101700
50075,1120
50075,70125
50075,68893
50075,131978
50075,59451
50075,126952
50075,121714
50075,21458
50075,9783
50075,70423
50075,14107
50075,48967
50075,118792
50075,106995
50075,135867
50075,93278
50075,29622
50075,13939
50075,8337
50075,93512
50075,104576
50075,69173
50075,43685
50075,114989
50075,99717
50075,126643
50075,39210
50075,77117
50075,10616
50076,71207
50076,25609
50076,71298
50076,120588
50076,39454
50079,104706
50079,24292
50079,44032
50079,13572
50079,121170
50079,139412
50079,61778
50079,138305
50079,40408
50079,50117
50079,92494
50079,131599
50079,27250
50079,53969
50079,81071
50079,82894
50079,78982
50079,23134
50079,10041
50085,106561
50085,60898
50085,106910
50085,73087
50085,79596
50085,127988
50085,7377
50085,109877
50085,92202
50085,37749
50085,58838
50085,140087
50085,100105
50085,104528
50085,55148
50085,78725
50085,64620
50085,31962
50085,67281
50085,107100
50085,40040
50085,130175
50085,109048
50085,98719
50085,12154
50085,11631
50085,31272
50085,15001
50085,3474
50085,122659
50085,36784
50085,42171
50085,101598
50086,8975
50086,83141
50086,82458
50086,67914
50086,81710
50086,117250
50086,116869
50086,103525
50086,125306
50086,35915
50086,120264
50086,60529
50086,76578
50089,128777
50089,29259
50089,78515
50089,86150
50089,110347
50089,120041
50089,117306
50089,47808
50089,109889
50089,71783
50089,119217
50089,685
50089,50652
50089,103071
50089,33400
50089,45599
50089,132884
50089,45074
50089,43751
50089,137394
50089,126476
50089,38654
50089,123649
50089,132355
50089,94355
50089,2447
50089,121783
50089,139641
50089,25177
50089,41469
50089,43350
50089,47801
50090,92300
50090,118455
50090,13389
50090,59192
50090,71111
50090,84839
50090,53436
50090,125175
50090,138791
50090,114194
50090,2885
50090,57384
50090,96533
50090,113173
50090,114828
50090,35157
50090,124733
50090,54591
50090,25577
50090,21457
50090,58601
50090,28624
50090,45372
50090,135790
50090,30745
50090,120635
50090,6758
50090,99776
50090,7132
50090,110519
50090,105434
50090,30663
50090,104889
50091,92372
50091,38764
50091,55022
50091,98338
50091,14972
50091,120888
50091,114384
50091,105311
50091,26225
50091,68965
50091,33273
50091,101159
50091,46210
50091,118265
50091,30833
50091,73416
50091,18170
50101,7377
50101,48004
50101,87490
50101,3775
50101,65235
50101,106230
50101,63604
50101,107028
50101,41400
50101,127988
50101,33509
50101,120248
50101,86989
50101,61950
50101,57001
50101,80579
50101,38758
50101,73342
50101,14024
50101,96112
50101,49210
50101,35010
50101,101982
50101,110546
50101,128155
50101,100770
50101,44143
50101,62955
50101,105449
50101,86277
50101,16263
50101,12423
50101,101368
50101,56200
50104,22578
50104,139917
50104,21808
50104,10763
50104,10107
50104,32842
50104,113229
50104,30618
50104,57114
50104,112479
50104,34020
50104,112101
50104,137751
50104,106236
50104,32358
50104,40441
50104,122734
50104,104455
50104,126073
50104,5286
50104,121350
50104,82404
50104,82688
50104,62326
50104,58217
50104,27525
50104,9589
50104,66606
50104,98323
50104,134831
50104,124234
50104,84914
50105,131712
50105,14154
50105,116554
50105,128050
50105,81759
50105,108742
50105,123941
50105,122980
50105,95711
50105,41854
50105,121774
50105,28460
50105,102908
50105,12447
50105,5163
50105,16552
50105,62689
50105,99178
50105,38803
50105,65025
50105,36196
50105,39435
50105,28128
50105,136088
50105,50204
50105,95728
50105,85080
50105,55259
50105,37881
50105,128655
50105,110789
50105,19321
50105,96890
50106,3335
50106,868
50106,43735
50106,3002
50106,52676
50106,111478
50106,72769
50106,125420
50106,84316
50106,55248
50106,68378
50106,42643
50106,75383
50106,19740
50106,135155
50106,88716
50106,71843
50106,39442
50106,134879
50106,55348
50106,64882
50106,103664
50106,71020
50106,126238
50106,51058
50106,126120
50106,68128
50106,63809
50106,100213
50106,74477
50106,109334
50106,20769
50106,95994
50110,96748
50110,106307
50110,52703
50110,124043
50110,61935
50110,28132
50110,11359
50110,7620
50110,56573
50110,37330
50110,31038
50110,3235
50110,81739
50110,42983
50110,118165
50112,111520
50112,21339
50112,131066
50112,22163
50112,46415
50112,15645
50112,47454
50112,33635
50112,54403
50112,74028
50112,139299
50112,54474
50112,131238
50112,100511
50112,113208
50112,2770
50112,41832
50112,82699
50112,19754
50112,44530
50112,112435
50112,31437
50112,15990
50112,96619
50112,102671
50112,32073
50112,113404
50112,58599
50112,91450
50112,76814
50112,27340
50112,134028
50112,117624
50112,54969
50113,82705
50113,129386
50113,5487
50113,32287
50113,113742
50113,92059
50113,8955
50113,72186
50113,30741
50113,30474
50113,22571
50113,18882
50113,53717
50113,54130
50113,56536
50113,78305
50113,29869
50113,102463
50113,131272
50113,140538
50113,119054
50113,21153
50113,91787
50113,114300
50114,63991
50114,5933
50114,51263
50114,100515
50114,82240
50114,38696
50114,128562
50114,37260
50114,46886
50115,59175
50115,34222
50115,126301
50115,9665
50115,10044
50115,121991
50115,55718
50115,135774
50115,36822
50115,105688
50115,109846
50115,57325
50115,36651
50115,70960
50115,133797
50115,32240
50115,137721
50115,55949
50115,47846
50115,98336
50115,32787
50115,46734
50115,127403
50115,81549
50115,110815
50115,72672
50115,118348
50115,97131
50115,15724
50115,975
50115,43881
50115,9507
50115,121096
50117,74211
50117,2459
50117,58276
50117,73865
50117,58953
50117,135865
50117,11579
50117,66207
50117,57854
50117,81397
50117,6115
50117,100508
50117,62597
50117,59503
50117,53072
50117,126560
50117,29964
50117,10602
50117,61423
50117,129399
50117,94951
50117,55626
50117,139306
50117,20272
50117,10257
50117,65656
50117,2853
50117,8369
50117,94418
50117,96519
50117,139136
50117,25972
50117,125321
50117,113860
50118,355
50118,90289
50118,126542
50118,107673
50118,105568
50118,123235
50118,47424
50118,132345
50118,99000
50118,62942
50118,82992
50118,119105
50118,28355
50118,121107
50118,35939
50118,89145
50118,91089
50120,103405
50120,1435
50120,60073
50120,113300
50120,94539
50120,63987
50120,66158
50120,91377
50120,88756
50120,87695
50120,37804
50120,101684
50120,97007
50122,67525
50122,10400
50122,41741
50122,32536
50122,37900
50122,42168
50122,115662
50122,26956
50122,59308
50122,52717
50122,21354
50122,56362
50122,42409
50122,64192
50122,72643
50122,104086
50122,135583
50122,23197
50122,114341
50122,107754
50122,70654
50122,67630
50122,61451
50122,74697
50122,67740
50122,28396
50122,130960
50122,131854
50122,126226
50122,44208
50122,1291
50122,48022
50126,24537
50126,82986
50126,55449
50126,78261
50126,42854
50126,6014
50126,23314
50126,47440
50126,47492
50126,55125
50126,97408
50126,92388
50126,100495
50128,118034
50128,50435
50128,104504
50128,28229
50128,119536
50128,43718
50128,64368
50128,26251
50128,50408
50128,49789
50128,70054
50128,134152
50128,10719
50128,50977
50128,118465
50128,27115
50128,52119
50128,80502
50128,57426
50128,60050
50128,68745
50128,32048
50128,37731
50128,86032
50128,67607
50128,41151
50128,8150
50130,23268
50130,36427
50130,3213
50130,90730
50130,79740
50130,8962
50130,126657
50130,41278
50130,125311
50130,98736
50130,1497
50130,21419
50130,48671
50130,24685
50130,38291
50130,70934
50130,53494
50130,74754
50130,25416
50130,7051
50130,35817
50130,3858
50130,61529
50130,35264
50130,139366
50130,86639
50130,128615
50130,88957
50130,69261
50130,106819
50130,135537
50130,5002
50133,127915
50133,67857
50133,72073
50133,136617
50133,76009
50133,60254
50133,131665
50133,22374
50133,138286
50133,38393
50135,14778
50135,82810
50135,57384
50135,92300
50135,35157
50135,122145
50135,7385
50135,3148
50135,110983
50135,114194
50135,45848
50135,59192
50135,111028
50135,30663
50135,71111
50135,84839
50135,110519
50135,13389
50135,96533
50135,73040
50135,57103
50135,119309
50135,24778
50135,643
50135,66914
50135,28624
50135,135790
50135,2885
50135,54591
50135,42792
50135,134748
50135,34547
50135,104889
50136,124156
50136,33957
50136,60437
50136,136395
50136,76811
50136,111311
50136,20123
50136,105855
50136,47350
50136,75457
50136,15302
50136,49962
50136,107158
50136,66801
50136,80238
50140,4778
50140,3709
50140,38375
50140,56138
50140,7659
50140,59111
50140,77219
50140,113487
50140,58078
50140,4219
50140,36861
50140,43445
50140,94709
50140,8952
50140,61010
50140,113650
50140,90928
50140,107271
50140,92758
50140,133582
50140,62505
50140,84714
50140,123205
50140,18208
50140,33762
50140,127359
50140,31812
50140,74628
50140,101850
50140,39764
50140,76404
50140,28770
50140,68171
50142,52250
50142,28410
50142,8146
50142,67357
50142,113573
50142,29954
50142,115107
50142,119321
50142,29723
50142,87605
50142,59065
50142,52112
50142,83716
50142,100159
50142,8500
50142,55684
50142,117616
50142,23756
50142,109378
50142,20667
50142,62046
50142,130965
50142,83543
50142,74498
50142,18386
50142,121624
50142,4363
50142,77011
50142,8000
50142,33671
50143,136220
50143,22756
50143,125655
50143,33805
50143,119302
50143,98002
50143,66444
50143,13252
50143,103369
50143,105140
50143,35397
50143,63511
50143,6435
50143,10250
50143,30630
50143,4302
50143,27669
50143,13580
50143,90151
50143,11486
50143,116361
50143,15184
50143,39137
50143,36466
50143,67150
50143,88969
50143,32491
50143,83293
50143,134607
50143,41497
50143,45354
50143,73078
50143,36992
50145,84385
50145,128594
50145,76821
50145,83607
50145,26900
50145,50347
50145,37837
50145,138046
50145,94930
50145,55488
50145,11459
50145,114663
50145,122329
50145,44231
50145,71672
50146,93358
50146,139303
50146,98242
50146,76576
50146,27321
50146,59936
50146,39982
50146,5674
50146,55016
50146,37911
50146,42927
50146,92309
50146,42409
50146,24977
50146,119785
50146,114181
50146,122323
50146,135053
50146,48844
50146,4366
50146,106281
50146,129034
50146,86890
50146,75718
50146,6317
50146,13855
50146,42168
50146,119426
50146,73815
50146,16062
50146,54772
50147,12446
50147,110187
50147,136457
50147,52351
50147,65806
50147,72130
50147,80430
50147,105479
50147,124155
50147,763
50147,85647
50151,137189
50151,69022
50151,73184
50151,94526
50151,15607
50151,12874
50151,39795
50151,47308
50151,101697
50151,12228
50151,55138
50151,98114
50151,46361
50151,47595
50151,97162
50151,46413
50151,34085
50151,127892
50151,1499
50151,19298
50151,74633
50151,32873
50151,71054
50151,85611
50151,7077
50151,39677
50152,74728
50152,110932
50152,116584
50152,38968
50152,28239
50152,100502
50152,120431
50152,117181
50152,95667
50152,139387
50152,76329
50152,118472
50152,122513
50152,51370
50152,99857
50153,4778
50153,7659
50153,127712
50153,33762
50153,59111
50153,113487
50153,4219
50153,8952
50153,43445
50153,77219
50153,36861
50153,90928
50153,130781
50153,61010
50153,113650
50153,107271
50153,3709
50153,133582
50153,62505
50153,84714
50153,123205
50153,139080
50153,18208
50153,127359
50153,126729
50153,101850
50153,39764
50153,74628
50153,76404
50153,85114
50153,28770
50153,31812
50153,68171
50154,85555
50154,103982
50154,31135
50154,55865
50154,99025
50154,7898
50154,14960
50154,139000
50154,37790
50154,2353
50154,13934
50154,94261
50154,96553
50154,139978
50154,113912
50154,116852
50154,104493
50154,30986
50154,45693
50154,46320
50154,14411
50154,94897
50154,120238
50154,79437
50154,139952
50154,94368
50154,58240
50154,53304
50154,51465
50154,25887
50154,33130
50154,44027
50154,26856
50155,40265
50155,46214
50155,95671
50155,133516
50155,53461
50155,31869
50155,132000
50156,33793
50156,120496
50156,41843
50156,90688
50156,8632
50156,39242
50156,118646
50156,120850
50156,9301
50156,57161
50156,113826
50156,49772
50156,63325
50156,31772
50156,12442
50156,26929
50156,107420
50156,11129
50156,17928
50156,120678
50156,119444
50156,132926
50156,134753
50156,24742
50156,4162
50156,44219
50156,83754
50156,105467
50156,23198
50156,58712
50156,14903
50156,47167
50156,28224
50156,118776
50158,46459
50158,268
50158,22734
50158,34964
50158,44358
50158,44518
50158,105524
50158,79441
50158,133934
50158,38195
50158,89190
50158,100323
50158,113720
50158,130337
50158,125608
50158,106281
50158,131322
50158,15384
50158,18870
50158,20944
50158,19606
50158,40488
50158,125270
50158,18919
50158,113863
50158,36122
50158,19570
50158,5335
50158,76014
50158,96306
50158,107639
50159,134491
50159,66063
50159,130472
50159,135743
50159,124062
50159,64544
50159,12119
50159,126326
50159,85520
50159,81113
50159,56791
50159,26208
50159,101700
50159,16229
50159,126952
50159,104576
50159,69173
50160,10526
50160,91625
50160,95024
50160,117677
50160,17254
50160,48076
50160,28717
50160,129839
50160,71400
50160,124929
50160,16386
50160,136223
50161,19338
50161,46043
50161,84318
50161,80387
50161,124877
50161,27872
50161,122646
50161,87024
50161,48878
50161,68054
50161,19613
50161,119573
50161,107623
50161,20768
50161,133728
50161,98507
50161,63044
50161,87759
50161,105742
50161,10490
50161,30979
50161,55643
50161,21380
50161,52041
50161,61570
50161,12535
50161,103190
50161,99285
50161,24775
50161,137456
50163,133943
50163,63105
50163,101335
50163,78647
50163,82317
50163,48233
50163,98769
50163,12957
50163,59324
50163,53274
50163,138722
50163,112345
50163,92090
50163,116852
50163,31582
50163,99025
50163,14960
50163,59611
50163,120238
50163,57017
50163,30757
50163,55019
50163,119527
50163,46320
50163,107172
50163,96553
50163,52515
50163,74110
50163,79868
50163,72873
50163,11885
50163,77990
50163,53458
50164,95099
50164,111987
50164,72558
50164,103525
50164,60529
50164,60205
50165,65606
50165,38571
50165,10404
50165,89073
50165,48153
50165,30184
50165,95166
50165,53341
50165,88218
50165,56880
50165,95307
50165,29604
50165,113349
50165,76656
50165,16706
50165,88096
50165,19435
50165,28248
50165,111000
50165,59526
50165,41488
50165,68914
50165,107872
50165,114766
50165,893
50165,64777
50165,27348
50165,97247
50165,81437
50165,74474
50165,59267
50165,85728
50165,21315
50165,116276
50165,55690
50165,122844
50166,111068
50166,114319
50166,52106
50166,64795
50166,79600
50166,70662
50166,30614
50166,24348
50166,102660
50166,135772
50166,43835
50166,92802
50166,78977
50166,55376
50166,71676
50166,45309
50166,43807
50166,37374
50166,108727
50166,42253
50166,6261
50168,136895
50168,63617
50168,56428
50168,28916
50168,101221
50168,81321
50168,103924
50168,75050
50168,28249
50168,131538
50168,87975
50168,115898
50168,51479
50168,10084
50168,51500
50168,121334
50168,81819
50168,25397
50168,56086
50168,72021
50168,101115
50168,5424
50168,67217
50168,107314
50168,136371
50168,115632
50168,127779
50168,39962
50168,54688
50168,113325
50168,5864
50169,83286
50169,101183
50169,104220
50169,82280
50169,104053
50169,129124
50169,68887
50169,93161
50169,95991
50169,77491
50169,115185
50169,140315
50169,120460
50169,139192
50170,115779
50170,57997
50170,43241
50170,127482
50170,35245
50170,86778
50170,12248
50170,70568
50170,116416
50170,104087
50170,40629
50170,48090
50170,37429
50170,8212
50170,59779
50170,52838
50170,32625
50170,55688
50170,111860
50170,106182
50170,121071
50170,52681
50170,12875
50170,32565
50170,56417
50170,16020
50170,23697
50170,117667
50170,4610
50170,103937
50170,44693
50170,119952
50170,9253
50171,112845
50171,20488
50171,39272
50171,62464
50171,16563
50171,70607
50171,51661
50171,51381
50171,100013
50171,106059
50171,124064
50171,113946
50171,137412
50171,84801
50171,64799
50171,119698
50171,26101
50171,72522
50171,21128
50171,103626
50171,25904
50171,68292
50171,9107
50171,59552
50171,45934
50171,61615
50172,18702
50172,133922
50172,20249
50172,114234
50172,50789
50172,12616
50172,60726
50172,17139
50172,1694
50172,1166
50172,23277
50172,119277
50172,57459
50172,31456
50173,136758
50173,32626
50173,3703
50173,19140
50173,100569
50173,31346
50173,88787
50173,45554
50173,120160
50173,120604
50173,6846
50173,84826
50173,47869
50173,128224
50173,20156
50173,111176
50173,85739
50173,110910
50173,86426
50173,95626
50173,47085
50173,103701
50173,129506
50173,116224
50173,100626
50173,7881
50173,86063
50173,70272
50173,105860
50173,114033
50173,103469
50174,65984
50174,109185
50174,97099
50174,83806
50174,11826
50174,22824
50174,75491
50174,3625
50174,137826
50174,39993
50174,130729
50174,46162
50174,85742
50174,89991
50174,110813
50174,89119
50174,17817
50174,127808
50174,37581
50174,71258
50174,49152
50174,64344
50174,11622
50174,118104
50174,129278
50174,116696
50174,81172
50175,99613
50175,104513
50175,104699
50175,4864
50175,91296
50175,40320
50175,62895
50175,104407
50175,56689
50175,124853
50175,103005
50175,85179
50175,115580
50175,136069
50175,135498
50175,66763
50175,38812
50175,112922
50175,49781
50175,101396
50175,42108
50175,69798
50175,117041
50175,118790
50175,96910
50175,20613
50175,90789
50175,27902
50175,90453
50175,137440
50175,92027
50175,137762
50175,64594
50176,9415
50176,93368
50176,22930
50176,53251
50176,70012
50176,78974
50176,90222
50176,107431
50176,26217
50176,83901
50176,4368
50176,88117
50176,99752
50176,89288
50176,29084
50176,23414
50176,103207
50176,64843
50176,120441
50176,130390
50176,116116
50176,122405
50176,2416
50176,34800
50176,52346
50176,17563
50176,120278
50177,77775
50177,109103
50177,43405
50177,119123
50177,138178
50177,35872
50177,73041
50177,15871
50177,46464
50177,91134
50177,96456
50177,12977
50177,66652
50177,107399
50177,112236
50177,29263
50177,85189
50177,53438
50177,68984
50177,47059
50177,114930
50177,87826
50177,51760
50177,54140
50177,133774
50179,97765
50179,13536
50179,83731
50179,88800
50179,126247
50179,99345
50179,75025
50179,13210
50179,92441
50180,94863
50180,92772
50180,63708
50180,75736
50180,133710
50180,15351
50180,55310
50181,123157
50181,8498
50181,39286
50181,3501
50181,11717
50181,3579
50181,20241
50181,101884
50181,78414
50181,11850
50181,39484
50181,62363
50181,138229
50181,64873
50181,83315
50181,118442
50181,38196
50181,93342
50181,130194
50181,121081
50181,38840
50181,112383
50181,95193
50181,21891
50181,120068
50181,52558
50181,118355
50181,7969
50181,80826
50181,66339
50181,28325
50181,44960
50182,7739
50182,19854
50182,62219
50182,9016
50182,94807
50182,121525
50182,9198
50182,101507
50182,66912
50182,8425
50182,133117
50182,19203
50182,17626
50182,119532
50182,115194
50182,86202
50182,55006
50182,25521
50182,13992
50182,122845
50182,269
50182,41329
50182,130893
50182,101144
50182,55739
50182,2166
50182,136683
50182,26870
50182,139031
50182,30977
50182,115455
50182,134890
50182,80291
50182,123665
50185,75128
50185,49247
50185,78199
50185,65615
50185,122390
50185,41813
50185,96885
50185,75005
50185,129407
50185,102080
50185,79642
50185,13533
50185,44465
50185,24549
50185,52160
50185,71012
50185,49415
50185,46760
50185,46687
50185,46200
50185,15022
50185,27979
50185,13897
50185,85155
50185,138759
50185,77580
50187,31740
50187,73696
50187,72141
50187,67451
50187,54409
50187,133369
50187,118836
50187,124267
50187,116919
50187,101759
50187,50797
50187,78605
50187,97087
50187,89389
50187,2194
50187,47625
50187,105713
50187,30288
50187,28823
50187,10075
50187,16284
50187,21122
50187,82035
50187,23076
50187,121114
50187,66278
50187,101347
50187,60256
50187,103462
50187,117652
50192,100374
50192,43549
50192,118906
50192,83594
50192,87596
50192,105601
50192,105275
50192,98849
50192,91671
50192,119357
50192,88721
50192,116414
50192,85187
50192,73557
50192,123622
50192,60967
50192,128878
50192,40379
50192,138184
50192,73790
50192,90221
50192,138687
50192,64879
50192,24640
50192,21770
50192,53713
50192,1476
50192,124634
50193,138527
50193,125886
50193,101188
50193,117486
50193,125896
50193,2376
50193,51437
50194,123220
50194,84517
50194,105999
50194,12607
50194,134544
50194,15574
50194,94911
50194,10551
50194,115498
50194,125892
50194,74181
50194,36358
50194,104092
50194,131065
50194,62779
50194,133424
50194,129045
50194,23872
50194,73954
50194,102562
50194,26538
50194,132453
50194,46048
50194,49231
50194,23139
50194,34762
50194,10477
50195,39312
50195,82930
50195,120019
50195,86492
50195,100234
50195,111837
50195,10493
50195,4833
50195,106708
50195,31463
50195,85358
50195,122714
50195,100390
50195,101785
50195,58298
50195,67453
50195,53113
50195,60392
50195,130009
50195,71129
50195,100800
50195,133297
50195,13322
50195,33339
50195,101055
50195,35432
50195,43933
50195,58257
50195,108174
50195,57718
50195,93121
50195,45639
50198,13443
50198,51979
50198,107785
50198,52784
50198,43749
50198,72597
50198,120144
50198,120665
50198,99484
50198,103860
50198,38227
50198,50162
50198,12579
50198,131110
50198,138176
50198,43594
50198,128085
50198,32934
50198,61934
50198,24194
50198,69615
50198,54937
50198,29811
50198,28939
50198,9812
50198,15251
50198,77306
50198,10721
50198,89962
50198,28181
50198,69352
50198,5543
50198,51885
50198,109270
50198,116251
50200,81437
50200,29604
50200,88218
50200,53341
50200,56880
50200,113349
50200,95307
50200,38571
50200,65606
50200,88096
50200,64777
50200,893
50200,89073
50200,19435
50200,74474
50200,48153
50200,59526
50200,92297
50200,16706
50200,59267
50200,68914
50200,107872
50200,95166
50200,41488
50200,30184
50200,27348
50200,21315
50200,97247
50200,111000
50200,111106
50200,114766
50200,85728
50200,50984
50200,122844
50201,112574
50201,122621
50201,22131
50201,140337
50201,137893
50201,119085
50201,57584
50201,16824
50201,101146
50201,50199
50201,38800
50201,73452
50201,92038
50201,4076
50201,58833
50201,38497
50201,14675
50201,134248
50201,711
50201,33982
50201,140239
50201,38291
50201,120497
50201,24559
50201,72799
50201,11102
50201,49487
50201,139388
50201,85865
50201,123810
50201,50438
50202,118269
50202,19221
50202,71427
50202,61847
50202,101380
50202,39876
50202,80463
50202,99890
50202,126271
50202,66455
50202,35492
50202,32863
50202,13829
50202,70590
50202,16656
50202,124480
50202,99623
50202,22315
50202,100339
50202,52831
50202,58304
50202,67187
50202,114054
50202,100344
50202,21565
50202,17059
50202,66833
50202,43569
50205,124166
50205,137514
50205,68002
50205,419
50205,31359
50205,85065
50205,53547
50205,37093
50205,58136
50205,17105
50205,59081
50205,65100
50205,74298
50205,79068
50205,19743
50205,137042
50205,1535
50205,56064
50205,98457
50205,67376
50205,126732
50205,69489
50205,84526
50205,98938
50205,4256
50205,98359
50205,111940
50205,125053
50205,121421
50205,119127
50205,81465
50205,111508
50205,39748
50206,134836
50206,116080
50206,133599
50206,124566
50206,112422
50206,57531
50206,129900
50206,440
50206,67489
50206,114559
50206,96926
50206,66102
50206,2771
50206,30992
50206,32752
50206,57592
50206,64603
50206,64108
50206,70726
50206,59976
50206,137535
50206,19005
50206,53290
50206,79550
50206,12609
50206,127215
50206,59017
50206,31524
50206,42033
50206,104257
50206,99970
50207,63271
50207,117341
50207,85754
50207,107809
50207,68904
50207,19598
50207,71409
50207,140117
50207,139959
50207,8676
50207,77605
50207,3153
50207,101267
50207,140723
50207,99529
50207,29943
50207,10239
50207,38183
50207,112183
50207,102461
50207,136251
50207,125513
50207,57089
50207,37278
50207,54922
50207,93383
50207,89148
50207,83745
50207,49198
50207,7753
50207,94642
50207,74277
50207,114305
50209,69183
50209,112976
50209,125426
50209,61751
50209,124365
50209,25327
50209,96202
50209,28100
50209,36835
50209,112593
50209,64917
50209,66587
50209,118474
50209,20894
50210,113481
50210,6962
50210,332
50210,9003
50210,42928
50210,45462
50210,33682
50210,11496
50210,84306
50210,52375
50210,126423
50210,9932
50210,13347
50210,44372
50210,137332
50210,28243
50210,133878
50210,137868
50210,3273
50210,51261
50210,6371
50210,59607
50210,87474
50210,88614
50210,106268
50210,132316
50210,102774
50210,56868
50210,46718
50210,44045
50210,22304
50210,68634
50211,103516
50211,118860
50211,56481
50211,41177
50211,125256
50211,113024
50211,121130
50211,110296
50211,20751
50211,8649
50211,10100
50211,8507
50211,118671
50211,104238
50211,31745
50211,17709
50211,71411
50211,21437
50211,22713
50211,135144
50211,1801
50211,82363
50211,62534
50211,78308
50213,111719
50213,65782
50213,75281
50213,100437
50213,119805
50213,89878
50213,139644
50213,42761
50213,50754
50213,95332
50213,121564
50213,53617
50213,118896
50213,132629
50213,12005
50214,65623
50214,91587
50214,81772
50214,56370
50214,69645
50214,122279
50214,53298
50214,29705
50214,13578
50215,117217
50215,55123
50215,129904
50215,42538
50215,21913
50215,117883
50215,24643
50215,63930
50215,44239
50215,70276
50215,102241
50215,19344
50215,46035
50215,72957
50215,76538
50215,133716
50215,13971
50215,105711
50215,28441
50215,113222
50215,43248
50215,92746
50215,117748
50215,134449
50215,82797
50215,118477
50215,95167
50215,85864
50215,86439
50215,61715
50215,121138
50215,57779
50215,52385
50216,109533
50216,135868
50216,107282
50216,64170
50216,78952
50216,97361
50216,58839
50216,11591
50216,27028
50216,138936
50216,43696
50216,135415
50216,123180
50216,33099
50216,15363
50216,17809
50216,119030
50216,132250
50216,127531
50216,18377
50216,116661
50216,74071
50216,106512
50216,121993
50216,46192
50216,85130
50216,54628
50216,4560
50216,21572
50216,99381
50216,23826
50217,81531
50217,9983
50217,79359
50217,53420
50217,96776
50217,62005
50217,125903
50217,27763
50217,94253
50217,41776
50217,118033
50217,23922
50217,19159
50217,109238
50217,111342
50217,104393
50217,14068
50217,28257
50217,66558
50217,56355
50217,140141
50217,120984
50217,25704
50218,136737
50218,41537
50218,130624
50218,109121
50218,44880
50218,239
50218,138356
50218,19629
50218,134376
50218,111203
50218,4034
50218,45222
50218,26885
50218,3771
50218,134032
50218,127176
50218,39257
50218,93728
50218,68196
50218,14648
50218,137274
50218,20112
50218,117377
50218,55565
50218,115759
50218,66639
50218,2573
50218,122728
50218,126065
50218,107714
50218,72790
50220,87066
50220,43254
50220,61354
50220,111403
50220,86357
50220,78477
50220,29234
50220,116656
50220,118672
50220,103381
50220,126953
50220,7427
50220,16511
50220,45638
50220,136160
50220,53173
50220,10988
50220,41132
50220,136031
50220,104793
50220,9774
50220,104337
50220,138773
50220,55980
50220,83195
50220,46496
50220,7093
50220,44624
50220,97469
50220,48429
50222,101905
50222,46497
50222,92318
50222,16630
50222,125075
50222,92950
50222,80817
50222,59286
50224,72844
50224,135193
50224,42961
50224,65516
50224,119896
50224,110380
50224,1639
50224,30195
50224,54991
50224,106009
50224,39502
50224,111519
50224,33859
50224,49875
50224,61502
50224,20021
50224,35270
50224,26530
50224,95858
50224,74043
50224,5410
50224,67252
50224,29220
50224,19700
50224,126133
50224,103265
50224,48087
50224,42979
50224,39917
50224,114448
50224,129645
50224,70052
50225,61648
50225,91180
50225,62104
50225,122777
50225,51215
50225,127105
50225,28003
50225,66377
50225,112293
50225,44865
50225,55561
50225,136795
50225,21715
50225,14559
50225,5392
50225,29619
50225,20403
50225,18207
50225,30237
50225,68807
50225,82933
50225,138395
50225,44073
50225,63380
50225,31048
50225,133011
50225,137558
50225,4594
50225,59624
50225,110075
50225,109299
50225,6875
50225,72934
50227,101833
50227,90219
50227,106627
50227,32575
50227,96219
50227,47182
50227,23475
50227,92150
50227,118117
50227,103863
50227,93491
50227,107856
50227,107700
50227,100443
50227,92048
50227,50462
50227,50207
50227,39662
50227,44106
50227,31358
50227,42660
50227,93160
50227,38397
50227,80749
50227,30686
50227,102925
50227,126373
50228,3067
50228,10337
50228,42364
50228,92350
50228,40394
50228,124240
50228,92529
50228,76403
50228,52948
50228,52756
50228,23308
50228,79931
50228,109436
50228,46385
50228,50096
50228,80342
50228,128982
50228,33213
50228,12749
50228,9488
50228,47373
50228,96446
50228,50458
50228,99965
50228,42164
50228,99756
50228,117260
50228,41654
50228,99466
50228,26487
50228,135081
50228,78145
50229,87093
50229,3035
50229,92685
50229,78009
50229,16402
50229,58646
50229,115890
50229,86420
50229,69626
50229,91036
50230,21232
50230,61742
50230,133068
50230,1156
50230,71182
50230,91532
50230,88348
50230,40280
50230,102117
50230,15482
50230,110274
50230,49195
50230,91162
50230,118247
50230,11489
50230,80270
50230,25071
50230,93281
50230,89709
50230,56045
50230,64708
50230,31826
50230,57802
50230,63428
50230,117950
50230,29894
50230,104633
50230,44531
50230,45302
50230,39408
50230,91959
50235,666
50235,55920
50235,140592
50235,101178
50235,93770
50235,13728
50235,133186
50235,25149
50235,37555
50235,88570
50235,118677
50235,132435
50235,54572
50235,121735
50235,101914
50235,25779
50235,34583
50235,10781
50235,39427
50235,102234
50235,114770
50235,83422
50235,35377
50235,81214
50235,67995
50235,128794
50235,3323
50235,78186
50235,98380
50235,60910
50235,24584
50235,57315
50240,97615
50240,92698
50240,41585
50240,70352
50240,79534
50240,133729
50240,42875
50240,138971
50240,115763
50240,121287
50240,131345
50240,125611
50240,65496
50240,13155
50240,74276
50240,43966
50240,20533
50240,5103
50240,119322
50240,73912
50240,130968
50240,114777
50240,85576
50240,19567
50240,134786
50240,117347
50240,108513
50240,135195
50240,37788
50241,13980
50241,117279
50241,100603
50241,12880
50241,76154
50241,61337
50241,93611
50242,101215
50242,44969
50242,7541
50242,35932
50242,133509
50242,101252
50242,12957
50242,82507
50242,131828
50242,101812
50242,106495
50242,114721
50242,133820
50242,55754
50242,135590
50242,57017
50242,23592
50242,5121
50242,66957
50242,131352
50242,94261
50242,112345
50242,1753
50242,131880
50242,55019
50242,42329
50242,85603
50242,66475
50242,9029
50242,67274
50242,6906
50242,52515
50243,1230
50243,23268
50243,40517
50243,3213
50243,20592
50243,70606
50243,38291
50243,89536
50243,110738
50243,39825
50243,14536
50243,110940
50243,111464
50243,112574
50243,46809
50243,64657
50243,59105
50243,88888
50243,39164
50243,58833
50243,97590
50243,121933
50243,74859
50243,103515
50243,116001
50243,72799
50243,38800
50243,32700
50243,90457
50243,35599
50243,91919
50245,127647
50245,19180
50245,113203
50245,116531
50245,123082
50245,139521
50245,40339
50245,93847
50245,15936
50245,137230
50245,54159
50245,57248
50245,96028
50245,49451
50245,53492
50245,106591
50245,48123
50245,14294
50247,17270
50247,109571
50247,23614
50247,138012
50247,55528
50247,89076
50247,128904
50247,110102
50247,24973
50247,6430
50247,86488
50247,131872
50247,26433
50247,91674
50247,57438
50247,82730
50247,124049
50247,50757
50247,109221
50247,138528
50247,34502
50247,8791
50247,97129
50247,66175
50247,61871
50247,85983
50247,44341
50247,40524
50247,32091
50247,39887
50247,106617
50248,11429
50248,119508
50248,72106
50248,9775
50248,43228
50248,68153
50248,71285
50248,74580
50248,103812
50248,136353
50248,52839
50248,35495
50248,93609
50248,24096
50248,67144
50248,14770
50248,34304
50248,18280
50248,43757
50248,51899
50248,7264
50248,12915
50248,66380
50248,1064
50248,24050
50248,122659
50248,97689
50248,14437
50248,58555
50248,127468
50249,83279
50249,33815
50249,7276
50249,109309
50249,38161
50249,86004
50249,12005
50249,43285
50249,15655
50249,52851
50249,112428
50249,75268
50249,38658
50249,100585
50249,90081
50249,11957
50249,131151
50249,67545
50249,42853
50249,38058
50249,132490
50249,13139
50249,135763
50249,38382
50249,56658
50249,36441
50249,41484
50249,39503
50249,13519
50249,83831
50249,32031
50249,93872
50249,60463
50249,77974
50250,121637
50250,139698
50250,2895
50250,18202
50250,92294
50250,65786
50250,75817
50250,107835
50250,31894
50250,47095
50250,65616
50250,69219
50252,23268
50252,3213
50252,1230
50252,69937
50252,118655
50252,28365
50252,70606
50252,82927
50252,107485
50252,71220
50252,73173
50252,8161
50252,5598
50252,62433
50252,110940
50252,6623
50252,78624
50252,100122
50252,104625
50252,11102
50252,4472
50252,14536
50252,27911
50252,103515
50252,64249
50252,44419
50252,28604
50252,39164
50252,91919
50252,57790
50252,35599
50253,31637
50253,102370
50253,63889
50253,121924
50253,85757
50253,40231
50253,39537
50253,124984
50256,20156
50256,79008
50256,100569
50256,85739
50256,110910
50256,34229
50256,32626
50256,136758
50256,19140
50256,129506
50256,111176
50256,79959
50256,103469
50256,70272
50256,114255
50256,128224
50256,109806
50256,45554
50256,79114
50256,9733
50256,116224
50256,39250
50256,72674
50256,100626
50256,72362
50256,7881
50256,71951
50256,105860
50256,26823
50256,113386
50260,116505
50260,73077
50260,80545
50260,119794
50260,46027
50260,106307
50260,33828
50260,101520
50260,124043
50260,89238
50260,73145
50260,20013
50260,135028
50260,34221
50260,118165
50260,99062
50260,59466
50260,28132
50260,137487
50260,138641
50260,19836
50260,61011
50260,53916
50260,36507
50260,5700
50260,62403
50260,63417
50260,118206
50261,127613
50261,33351
50261,98061
50261,86092
50261,120602
50261,71579
50261,11959
50261,28980
50261,113987
50261,60095
50261,28994
50261,57319
50261,92968
50261,50503
50261,100399
50261,90261
50261,34530
50261,29231
50261,23676
50261,49114
50261,118726
50261,86902
50261,110458
50261,115422
50261,127964
50261,56965
50261,51227
50261,20556
50261,92011
50261,4406
50261,323
50262,81953
50262,32214
50262,137804
50262,56163
50262,8889
50262,62227
50262,108497
50262,94958
50262,15595
50262,15244
50262,2330
50262,120892
50262,73929
50262,72666
50262,42709
50262,10888
50262,8811
50262,89862
50262,88999
50262,71457
50262,72040
50262,102491
50262,17869
50262,40242
50262,63197
50262,78262
50262,99030
50262,96686
50262,37377
50262,96304
50262,96812
50262,140624
50266,14389
50266,44306
50266,34635
50266,115770
50266,53695
50266,7360
50266,17213
50266,7258
50266,55039
50266,1277
50266,49368
50266,93944
50266,33912
50268,68904
50268,29943
50268,117341
50268,85754
50268,125513
50268,5739
50268,63271
50268,71409
50268,25916
50268,45141
50268,140117
50268,101267
50268,3153
50268,30605
50268,47648
50268,119202
50268,140723
50268,10239
50268,94642
50268,38183
50268,54922
50268,102461
50268,63347
50268,107809
50268,8558
50268,9077
50268,123209
50268,99529
50268,83745
50268,122138
50268,78714
50268,49198
50268,16096
50270,10438
50270,58079
50270,115234
50270,25464
50270,27982
50270,134568
50270,54517
50270,86442
50270,149
50270,36183
50270,56761
50270,58094
50270,59389
50270,72122
50270,16128
50270,118666
50270,15705
50270,132669
50271,122435
50271,40887
50271,70554
50271,34474
50271,27275
50279,22578
50279,18601
50279,21808
50279,30618
50279,101543
50279,40441
50279,112479
50279,32358
50279,12135
50279,121350
50279,66606
50279,94194
50279,71922
50279,34020
50279,134586
50279,50016
50279,137264
50279,57903
50279,23636
50279,62542
50279,27525
50279,122734
50279,140533
50279,139917
50279,84914
50279,113229
50279,124234
50279,58217
50279,62326
50279,101162
50279,121675
50279,82688
50282,132515
50282,7654
50282,120489
50282,120230
50282,36608
50282,131207
50282,79407
50282,125615
50282,67541
50282,78739
50282,62242
50282,36156
50282,123177
50282,134057
50282,111249
50282,11859
50282,35461
50282,107859
50282,63179
50282,11912
50282,28511
50282,58138
50282,124662
50282,61655
50282,41084
50282,57893
50282,26743
50282,109016
50282,110332
50282,55316
50282,102532
50282,113787
50282,96861
50283,19383
50283,132734
50283,35000
50283,75924
50283,18994
50283,74518
50283,130530
50283,21427
50283,46541
50283,54667
50283,133000
50283,72490
50283,128274
50283,84605
50283,49758
50283,90840
50283,90447
50283,139472
50283,101904
50283,15860
50283,34580
50283,80616
50283,71218
50283,59880
50283,111689
50283,33947
50283,50386
50283,45445
50283,110506
50283,66454
50283,87394
50284,101215
50284,88768
50284,135904
50284,121696
50284,9169
50284,52451
50284,123096
50284,30487
50284,5124
50284,5121
50284,94261
50284,89193
50284,112502
50284,53904
50284,64208
50284,29927
50284,48233
50284,134671
50284,104493
50284,135071
50284,79731
50284,67274
50284,59056
50284,57276
50284,48898
50284,41392
50284,30757
50284,137327
50284,121965
50284,99741
50284,111838
50284,131242
50284,73379
50284,41438
50285,128300
50285,41413
50285,119438
50285,13046
50285,132646
50285,48580
50285,103304
50285,125574
50285,86729
50285,73863
50285,54854
50285,70511
50285,12064
50285,109726
50285,83531
50285,52675
50285,6565
50285,136206
50286,71111
50286,13389
50286,122145
50286,14778
50286,92300
50286,122140
50286,57103
50286,124733
50286,22475
50286,23555
50286,9413
50286,80051
50286,2885
50286,54591
50286,135790
50286,24778
50286,22039
50286,643
50286,48971
50286,96533
50286,28624
50286,109211
50286,30745
50286,129162
50286,53948
50286,36560
50286,86613
50286,77868
50286,18499
50286,46204
50288,46459
50288,11769
50288,75993
50288,60827
50288,124202
50288,48186
50288,125608
50288,14938
50288,135261
50288,32124
50288,118418
50288,6267
50288,21806
50288,135053
50288,140266
50288,96725
50288,83248
50288,18870
50288,83681
50288,125270
50288,43120
50288,94964
50288,44489
50288,115768
50288,18919
50288,127354
50288,41273
50288,44833
50288,15013
50288,122924
50288,39365
50289,22834
50289,29879
50289,44254
50289,117351
50289,93120
50289,77947
50289,19198
50289,69321
50289,83327
50289,76748
50289,105854
50289,131194
50289,12010
50289,139187
50291,139016
50291,6434
50291,113064
50291,132766
50291,126280
50291,80510
50291,3835
50291,95558
50291,61305
50291,42225
50291,90533
50291,87321
50291,61980
50291,119879
50291,131491
50291,73422
50291,86541
50291,97889
50291,132827
50291,133666
50291,37558
50291,68273
50291,24205
50291,133375
50291,60771
50291,116156
50291,75248
50291,94835
50291,91276
50291,81883
50291,123829
50291,88330
50292,124342
50292,104517
50292,21018
50292,77089
50292,116942
50292,37818
50292,24545
50292,134323
50292,59781
50292,38419
50292,26248
50292,49656
50292,134154
50292,78500
50292,68420
50292,131892
50292,70177
50292,90845
50292,60846
50292,14082
50292,77914
50292,102130
50292,77795
50292,60468
50292,40279
50292,59657
50292,57952
50292,90809
50292,122112
50292,125083
50292,46274
50292,94455
50295,134417
50295,50162
50295,128605
50295,9624
50295,1140
50295,54937
50295,63145
50295,103860
50295,38484
50295,54139
50295,128085
50295,43594
50295,27275
50295,130585
50295,122435
50295,91045
50295,94822
50295,129083
50295,61934
50295,25411
50295,79221
50295,80918
50296,5571
50296,34229
50296,113537
50296,136758
50296,130144
50296,95331
50296,62161
50296,88787
50296,42035
50296,132776
50296,91053
50296,117682
50296,7674
50296,119830
50296,78992
50296,37215
50296,34569
50296,111900
50296,55186
50296,6846
50296,130455
50296,103469
50296,34400
50296,126263
50296,122459
50296,113386
50296,36101
50297,107504
50297,79315
50297,84369
50297,60237
50297,10446
50297,127571
50297,31708
50297,31911
50297,41557
50297,80957
50297,36752
50297,84145
50297,103113
50297,127300
50297,36964
50297,7282
50297,44536
50297,6064
50297,90860
50297,32251
50297,134515
50297,5249
50298,868
50298,125420
50298,84316
50298,3335
50298,72769
50298,55248
50298,134879
50298,75383
50299,101169
50299,41283
50299,102303
50299,24163
50299,45254
50299,1457
50299,109798
50299,115897
50299,4125
50299,4733
50299,84677
50299,75313
50302,120694
50302,82620
50302,131697
50302,81752
50302,104766
50302,27458
50302,99027
50302,22596
50302,26087
50302,93981
50302,90995
50302,138482
50302,45544
50302,4962
50302,105179
50302,128612
50302,62600
50302,71991
50302,71469
50302,138922
50302,51782
50302,32741
50302,96031
50302,123216
50302,78752
50302,109482
50302,113697
50302,90702
50302,56950
50302,77754
50302,124016
50302,113775
50302,53045
50302,130461
50303,53791
50303,111936
50303,51715
50303,59241
50303,89626
50303,11797
50303,49880
50303,73353
50303,10949
50303,82144
50303,25536
50303,36333
50303,22051
50303,50692
50303,90647
50303,73661
50308,7547
50308,97423
50308,94803
50308,69716
50308,213
50308,43876
50308,6136
50308,69704
50308,117005
50308,43034
50308,33544
50308,103007
50308,64013
50308,41544
50308,113372
50308,94651
50308,88772
50308,75819
50308,62136
50308,108291
50308,69396
50309,117178
50309,104074
50309,34472
50309,73398
50309,101456
50309,86025
50309,104213
50309,123634
50309,113262
50309,65129
50309,67811
50309,130002
50309,139255
50311,95162
50311,129191
50311,135528
50311,109212
50311,79838
50311,30168
50311,96864
50311,114042
50311,51392
50311,107126
50311,100737
50311,101126
50311,138710
50311,127153
50311,44905
50311,123755
50311,100317
50311,60335
50311,135841
50311,24604
50311,61267
50311,136715
50311,132667
50311,28918
50311,121463
50311,95964
50311,117565
50311,133928
50311,114829
50318,89359
50318,126719
50318,62433
50318,7523
50318,7880
50319,79203
50319,25285
50319,10852
50319,6800
50319,103269
50319,80593
50319,18413
50319,107884
50319,15355
50319,66364
50319,105479
50319,43287
50319,110338
50319,1212
50319,65806
50319,32392
50322,29625
50322,71183
50322,82487
50322,46846
50322,25583
50322,126418
50322,101604
50322,67319
50322,39160
50322,46806
50322,105389
50322,88329
50322,106976
50322,96900
50322,51421
50322,57852
50322,39851
50322,5023
50322,22764
50322,71338
50322,82627
50322,58039
50322,38212
50322,89613
50322,100631
50322,27192
50322,73212
50322,55092
50322,24546
50322,71087
50322,5600
50322,4480
50324,26495
50324,71330
50324,80104
50324,40133
50324,130399
50324,40791
50324,23405
50324,101047
50324,6071
50324,4078
50324,46920
50324,80225
50324,61828
50324,57244
50324,59067
50324,35388
50324,33091
50324,44048
50324,91038
50324,110615
50324,63408
50324,28628
50324,111335
50324,36064
50324,38344
50324,91344
50324,92753
50324,108134
50324,12488
50324,137568
50324,89094
50324,16921
50325,88854
50325,64104
50325,29680
50325,48535
50325,137367
50325,105253
50325,41602
50325,110750
50325,125425
50325,72118
50325,4372
50325,38332
50325,106715
50325,92440
50325,106848
50325,26712
50325,24157
50325,35469
50325,5605
50325,82858
50325,85780
50325,69845
50325,2374
50325,62517
50325,69558
50325,54758
50325,102226
50325,49945
50325,50454
50325,50214
50325,62013
50325,125055
50326,93654
50326,13674
50326,28495
50326,85430
50326,116176
50326,140120
50326,13499
50326,116211
50326,77504
50326,68282
50326,70058
50326,24519
50326,4780
50326,57648
50326,34066
50326,86928
50326,119207
50326,75125
50326,123051
50326,120824
50326,127297
50326,50215
50326,78866
50326,23862
50326,90770
50326,57312
50326,11948
50326,79449
50326,134823
50326,70838
50326,117744
50326,111775
50329,115779
50329,35245
50329,119952
50329,55688
50329,21731
50329,23697
50329,32625
50329,56417
50329,32243
50329,12248
50329,70568
50329,121071
50329,88345
50329,36029
50329,117177
50329,9253
50329,44497
50331,51505
50331,4372
50331,88854
50331,22886
50331,98560
50331,29680
50331,105253
50331,54758
50331,41602
50331,38332
50331,48535
50331,135974
50331,50454
50331,64798
50331,18670
50331,121017
50331,64104
50331,80400
50331,110901
50331,92440
50331,124572
50331,83533
50331,36147
50331,70437
50331,138777
50331,102408
50331,24157
50331,26712
50331,90238
50331,50214
50331,69558
50331,125055
50332,130692
50332,139835
50332,103129
50332,128672
50332,130181
50332,120608
50332,101005
50332,58406
50332,118496
50332,136133
50332,43790
50332,33616
50332,89242
50332,81192
50332,23512
50332,91233
50332,27011
50332,40325
50332,57518
50332,135714
50332,11569
50332,108782
50332,140758
50332,45952
50332,11258
50332,104477
50332,27700
50332,62652
50332,41775
50332,23690
50332,119905
50332,40978
50332,136766
50333,8456
50333,57385
50333,77192
50333,71739
50333,8455
50333,96099
50333,90879
50333,75613
50333,28941
50333,21653
50333,90227
50333,119306
50333,104758
50333,31360
50333,67887
50333,124142
50333,69688
50333,94837
50333,82151
50333,95519
50333,56662
50333,81780
50333,43987
50333,115146
50333,88532
50333,46288
50333,100195
50333,58443
50333,26507
50333,2733
50333,125431
50333,75202
50334,45344
50334,108013
50334,123489
50334,20081
50334,7695
50334,15793
50334,51491
50334,61456
50334,35957
50334,48589
50334,74375
50334,102560
50334,48530
50334,90858
50334,91503
50334,19734
50334,59548
50334,46528
50334,2796
50334,16487
50334,13453
50334,139848
50334,42682
50334,55658
50334,56695
50334,41983
50334,15762
50334,69959
50334,70809
50335,105123
50335,90058
50335,125066
50335,18526
50335,94135
50336,86101
50336,66520
50336,52014
50336,3734
50336,117831
50336,100145
50336,86784
50336,126190
50336,61480
50336,84495
50336,42346
50336,10848
50336,72302
50336,56799
50336,97477
50336,27295
50336,20226
50336,6489
50336,72968
50336,82746
50336,48639
50336,74739
50336,12981
50336,8370
50336,58117
50336,16637
50336,45210
50336,130817
50336,97232
50336,10115
50336,49136
50336,29733
50336,106331
50339,24021
50339,59081
50339,68002
50339,125053
50339,17105
50339,124166
50339,419
50339,31359
50339,98359
50339,225
50339,119127
50339,121975
50339,131901
50339,137514
50339,58136
50339,137042
50339,85065
50339,92403
50339,98457
50339,103353
50339,133191
50339,91687
50339,82415
50339,112568
50339,79953
50339,65100
50339,136880
50339,28818
50339,80251
50339,39748
50339,18635
50339,111831
50340,85905
50340,102191
50340,45651
50340,5008
50340,78091
50340,43052
50340,111674
50340,36321
50340,22695
50340,130224
50340,12273
50340,101579
50340,105905
50340,92075
50340,42030
50340,133795
50340,128358
50340,110244
50340,20790
50340,78253
50340,96550
50340,57914
50340,2078
50340,3995
50340,133084
50340,56226
50340,42559
50340,134918
50340,20166
50340,117039
50340,67725
50340,31895
50341,74242
50341,37786
50341,1157
50341,17899
50341,64408
50341,130837
50341,40738
50341,117170
50341,108340
50341,29378
50341,124347
50341,77394
50341,90077
50341,95096
50341,47215
50341,91190
50341,121976
50341,74800
50341,71096
50341,139280
50341,33453
50341,121072
50341,75320
50341,42504
50341,57865
50341,92274
50341,62688
50341,11810
50341,47839
50341,138454
50341,43315
50341,111999
50341,128365
50341,129075
50342,132213
50342,63132
50342,96509
50342,66541
50342,101865
50342,109217
50342,64336
50342,46753
50342,37823
50342,57428
50342,3599
50342,75787
50342,71309
50342,112125
50342,81235
50342,50184
50342,33233
50342,19785
50342,119042
50342,78232
50342,112060
50342,79429
50342,45407
50342,89700
50342,1311
50342,123395
50342,130558
50342,116304
50342,93276
50342,131935
50343,118457
50343,42936
50343,32629
50343,50818
50343,65160
50343,122798
50343,47444
50343,75868
50343,63335
50343,119729
50343,127822
50343,135016
50343,22182
50343,73231
50343,21472
50343,17265
50343,130005
50343,81158
50343,7741
50343,41737
50343,50617
50343,65214
50343,68035
50343,124504
50343,84965
50343,19015
50343,90267
50343,3131
50343,62736
50343,126366
50343,115520
50347,71549
50347,99022
50347,113014
50347,116130
50347,92463
50347,113171
50347,38621
50347,46406
50347,80281
50347,97536
50347,30548
50347,70464
50347,138818
50347,11848
50347,115963
50347,130183
50347,107591
50347,42737
50347,94279
50347,70629
50347,46359
50347,36641
50349,11254
50349,114284
50349,104786
50349,64543
50349,47947
50349,128427
50349,120423
50349,100579
50349,62952
50349,50402
50349,138698
50349,37229
50349,14980
50349,2806
50349,24102
50349,3122
50349,35637
50349,135652
50349,84372
50349,116147
50349,58485
50349,78379
50349,20738
50349,40332
50349,116479
50349,70571
50349,103448
50349,25046
50349,81342
50349,38152
50349,15065
50349,108952
50351,106230
50351,48004
50351,90920
50351,79106
50351,3775
50351,63604
50351,7377
50351,87154
50351,87490
50351,124778
50351,41400
50351,101982
50351,120248
50351,38262
50351,38758
50351,57125
50351,73342
50351,135238
50351,57934
50351,93594
50351,106421
50351,2906
50351,56917
50351,96112
50351,123709
50351,14024
50351,134288
50351,40048
50351,35010
50351,80579
50351,123584
50351,128155
50351,7895
50351,8374
50352,104112
50352,59607
50352,45462
50352,133212
50352,42928
50352,126423
50352,33682
50352,11496
50352,52375
50352,54961
50352,13347
50352,9932
50352,78684
50352,67728
50352,32701
50352,44372
50352,113481
50352,84766
50352,69822
50352,110504
50352,9003
50352,17319
50352,123473
50352,88614
50352,133878
50352,87474
50352,84306
50352,21522
50352,132316
50352,22304
50352,27695
50358,41808
50358,41280
50358,62189
50358,126445
50358,22744
50358,87248
50358,90287
50358,29410
50358,35543
50358,55047
50358,127377
50358,42766
50358,92828
50358,133861
50358,44126
50358,102205
50358,130704
50358,29395
50358,27350
50358,45759
50358,41184
50358,31125
50358,110756
50358,124494
50358,4606
50358,67945
50358,97075
50358,134
50358,138101
50358,18557
50359,59111
50359,34319
50359,85089
50359,11719
50359,13297
50359,130781
50359,58078
50359,4219
50359,12082
50359,36861
50359,43445
50359,123619
50359,3321
50359,139186
50359,87939
50359,138269
50359,12530
50359,123205
50359,3423
50359,117713
50359,7926
50359,97213
50359,74892
50359,77723
50359,20433
50359,8762
50359,28770
50359,54984
50359,78680
50359,140775
50359,68171
50359,123431
50361,64104
50361,92440
50361,82858
50361,106848
50361,29680
50361,2374
50361,72118
50361,90238
50361,125425
50361,135974
50361,50454
50361,102226
50362,88787
50362,6846
50362,91948
50362,95824
50362,54310
50362,126263
50362,119027
50362,105193
50362,1996
50362,22249
50362,6767
50362,58401
50362,125850
50362,80281
50362,18591
50362,28612
50362,103701
50362,125450
50362,77075
50362,80630
50362,5522
50362,36641
50362,67125
50362,62346
50362,107591
50362,120655
50362,46500
50362,133291
50362,132662
50362,55915
50362,84594
50363,82202
50363,97310
50363,10092
50363,77768
50363,128821
50363,41959
50363,52508
50363,7238
50363,507
50363,110224
50363,11472
50365,86907
50365,10429
50365,86032
50365,30304
50365,24085
50365,106919
50365,67607
50365,56638
50365,101143
50365,122819
50365,53917
50365,44484
50365,24960
50365,69678
50365,120466
50365,17054
50365,37731
50365,77060
50365,63285
50366,80930
50366,6578
50366,80778
50366,57181
50366,9987
50366,69107
50366,70521
50366,110346
50366,63412
50366,2356
50366,90312
50366,61015
50366,117972
50366,33083
50366,9456
50366,72057
50366,89232
50366,90224
50366,56330
50366,90439
50366,18107
50366,75747
50366,6271
50366,139764
50366,131608
50366,132104
50366,109237
50366,15716
50366,35042
50366,44737
50366,4297
50366,8243
50366,123948
50367,139764
50367,69107
50367,9987
50367,29301
50367,106304
50367,9456
50367,45882
50367,80930
50367,17637
50367,61015
50367,33083
50367,92024
50367,90312
50367,132104
50367,82237
50367,119942
50367,81767
50367,34728
50367,90439
50367,55777
50367,55669
50367,63562
50367,2356
50367,81762
50367,4430
50367,8243
50367,128839
50367,75433
50367,6271
50367,125299
50367,45604
50367,21244
50367,15716
50367,130073
50369,29144
50369,85331
50369,68913
50369,6739
50369,22569
50369,67338
50369,120863
50371,68795
50371,28313
50371,2704
50371,16934
50371,53180
50371,27078
50371,118393
50371,88377
50371,53590
50371,129396
50371,41467
50371,53498
50371,112796
50371,34436
50371,130089
50371,40750
50371,50417
50371,138208
50371,91871
50371,83466
50371,72759
50371,137991
50371,9679
50371,105212
50371,137701
50371,122762
50371,79934
50371,23684
50371,103004
50371,138000
50371,27294
50372,121525
50372,101507
50372,107998
50372,86879
50372,98785
50372,17408
50372,42036
50372,78621
50372,19287
50372,27091
50372,38347
50372,53599
50372,63963
50372,32929
50372,61547
50372,47268
50372,127879
50372,59244
50372,31424
50372,130340
50372,63962
50372,86727
50372,10026
50372,140326
50372,2166
50372,101197
50372,18856
50372,65405
50372,97665
50372,86507
50372,3828
50372,34261
50372,118614
50372,11368
50372,74511
50374,2706
50374,29693
50374,6649
50374,63351
50374,4428
50374,38306
50374,120560
50374,119211
50374,130404
50374,74979
50374,47444
50374,19795
50374,135305
50374,4461
50374,17202
50374,32113
50374,129026
50374,86803
50374,128856
50374,65726
50374,88185
50374,40438
50374,31041
50374,94680
50374,50078
50374,129362
50374,29570
50374,14635
50374,28041
50374,19558
50374,104890
50377,67239
50377,22651
50377,88977
50377,37309
50377,56751
50377,12051
50377,16733
50377,27704
50377,53746
50377,103693
50377,26554
50377,62528
50377,62954
50377,137606
50377,97296
50377,76347
50377,53507
50377,42151
50377,26326
50377,104120
50377,70825
50377,50945
50377,133504
50379,4473
50379,31865
50379,87113
50379,78152
50379,100518
50379,55681
50379,117578
50379,14725
50379,132241
50379,134182
50379,34059
50379,128288
50379,127249
50379,81729
50379,139057
50379,41918
50379,83223
50379,72034
50379,38304
50379,14626
50379,11871
50379,109006
50380,35932
50380,29927
50380,72424
50380,59324
50380,128090
50380,68495
50380,22780
50380,66957
50380,3367
50380,111838
50380,88347
50380,51742
50380,77990
50380,97574
50380,95452
50380,23190
50380,52451
50380,138575
50380,55169
50380,38091
50380,92799
50380,5124
50380,118936
50380,78572
50380,59509
50380,112345
50380,131828
50380,1753
50380,55019
50380,66475
50380,73919
50380,103339
50383,25317
50383,103981
50383,80932
50383,96295
50383,97275
50383,57178
50383,92120
50383,77039
50383,70349
50383,131172
50383,124855
50383,83369
50383,32875
50383,17742
50383,127137
50383,84612
50383,2987
50383,21302
50383,28264
50383,102477
50383,63293
50383,77172
50383,76240
50383,116394
50383,5789
50383,56832
50383,9645
50383,71377
50383,41526
50383,129729
50383,118817
50384,34472
50384,73398
50384,101456
50384,123634
50384,104213
50384,117178
50384,65129
50384,104074
50384,9905
50384,67811
50384,130002
50384,111377
50384,139255
50385,15501
50385,63098
50385,65454
50385,45104
50385,12976
50385,89802
50385,101451
50386,6052
50386,92039
50386,90120
50386,4867
50386,34245
50386,120285
50386,48504
50386,34935
50386,59978
50386,119200
50386,39841
50386,122131
50386,25431
50386,9691
50386,104470
50386,115378
50386,117062
50386,23573
50386,84414
50386,74702
50386,131396
50386,121217
50386,18551
50386,115648
50386,81860
50386,12093
50386,138806
50386,118342
50386,124348
50386,120027
50386,5214
50386,51798
50389,103739
50389,111481
50389,36238
50389,75625
50389,29923
50389,125057
50389,27032
50389,32591
50389,70862
50389,68462
50389,119480
50389,12072
50389,59180
50389,99793
50389,49361
50389,42330
50389,77417
50390,60298
50390,56354
50390,131391
50390,12655
50390,12070
50390,119181
50390,106648
50390,62467
50390,66835
50390,138198
50390,56627
50390,99433
50390,62565
50390,52617
50390,21337
50390,40954
50390,118915
50390,31204
50390,81402
50390,12184
50390,101238
50390,24763
50390,82828
50390,77634
50390,11940
50390,40857
50390,4094
50390,74357
50390,91261
50390,72921
50390,107744
50390,36199
50390,14370
50390,120454
50391,23138
50391,5033
50391,130961
50391,128131
50391,82828
50391,4094
50391,74357
50391,25606
50391,81402
50391,139084
50391,11940
50391,9926
50391,21337
50391,121765
50391,111991
50391,90022
50391,95876
50391,137623
50391,135750
50391,7271
50391,117764
50391,115569
50391,101238
50391,24763
50391,28444
50391,86802
50391,83177
50391,21052
50391,4531
50391,34279
50391,76974
50391,66827
50391,56627
50391,76302
50392,6255
50392,113853
50392,39417
50392,135869
50392,108961
50392,40874
50392,43530
50392,718
50392,133662
50392,83057
50392,111279
50392,104948
50392,103194
50392,78322
50392,92210
50392,59053
50392,36310
50392,139216
50392,64529
50392,107164
50392,36586
50392,111599
50392,137285
50392,125186
50392,57219
50392,17997
50392,15787
50392,53140
50392,81817
50392,21996
50392,18330
50392,23306
50393,69937
50393,28365
50393,55283
50393,2531
50393,31643
50393,32060
50393,3858
50393,57945
50393,62433
50393,63916
50393,111464
50393,98862
50393,24685
50393,36871
50393,47744
50393,135779
50393,14878
50393,10566
50393,73778
50393,108824
50393,64569
50393,44923
50393,31169
50394,19631
50394,5036
50394,59684
50394,87927
50394,44467
50394,136856
50394,13057
50394,40611
50394,99819
50394,31452
50394,111096
50394,2256
50395,45896
50395,76443
50395,85430
50395,42693
50395,24519
50395,134686
50395,22471
50395,16826
50395,139719
50395,13674
50395,65860
50395,100081
50395,74882
50395,92927
50395,70683
50395,39355
50395,81720
50395,21443
50395,132817
50395,32114
50395,131203
50395,68601
50395,5961
50395,127861
50395,47359
50395,88778
50395,560
50395,47556
50395,10418
50395,135726
50395,91620
50395,68206
50395,108213
50396,53845
50396,111343
50396,119349
50396,75716
50396,57001
50396,26681
50396,94178
50396,121611
50396,139310
50396,61950
50396,56255
50396,139626
50396,59131
50396,73788
50396,56200
50396,65779
50398,64864
50398,15281
50398,57439
50398,89051
50398,4182
50398,12770
50398,138359
50398,44726
50398,136369
50398,136058
50398,71698
50398,84162
50398,2252
50398,100795
50398,45583
50398,116905
50398,25297
50398,73299
50398,33444
50398,71821
50398,23535
50398,32699
50398,56171
50398,113540
50398,65468
50398,114563
50398,61026
50398,100699
50399,137056
50399,4778
50399,59111
50399,39764
50399,7659
50399,90928
50399,58078
50399,4219
50399,8952
50399,43445
50399,130781
50399,36861
50399,61010
50399,113650
50399,92758
50399,3709
50399,133582
50399,62505
50399,33762
50399,123205
50399,84714
50399,77219
50399,18208
50399,107271
50399,127359
50399,101850
50399,139080
50399,74628
50399,76404
50399,28770
50399,31812
50399,126729
50399,38356
50399,68171
50400,107187
50400,113324
50400,101321
50400,64825
50400,43311
50400,121087
50400,34056
50400,67647
50400,56323
50400,32366
50400,114487
50400,43207
50400,70579
50400,25870
50400,115618
50400,72595
50400,47529
50401,90924
50401,56870
50401,57763
50401,14920
50401,55401
50401,102180
50401,29403
50401,126199
50401,102049
50402,56201
50402,25146
50402,110426
50402,58897
50402,69537
50402,103229
50402,12104
50402,91646
50402,120676
50402,87000
50402,127696
50402,44915
50402,75093
50402,7187
50402,118006
50402,100
50402,78774
50402,98956
50402,44128
50402,34899
50402,16504
50402,98409
50402,87252
50402,105839
50402,132004
50402,113168
50402,129112
50402,17667
50402,90126
50402,2425
50402,73482
50404,63437
50404,99563
50404,87519
50404,120479
50404,9367
50404,110994
50404,52854
50404,57307
50404,14231
50404,86614
50404,46165
50404,72100
50404,131243
50404,87572
50404,32344
50404,33979
50404,124749
50404,2750
50404,127936
50404,103440
50404,68283
50405,93810
50405,91510
50405,93259
50405,138383
50405,51008
50405,66796
50405,28148
50405,140512
50405,57060
50405,120936
50405,108243
50405,111942
50405,41621
50405,76564
50405,79046
50407,60144
50407,133509
50407,85555
50407,25159
50407,7898
50407,124189
50407,59324
50407,68495
50407,42329
50407,48233
50407,107255
50407,99025
50407,121696
50407,31135
50407,114174
50407,137782
50407,38981
50407,113983
50407,138325
50407,112502
50407,128090
50407,70463
50407,103982
50407,79437
50407,4080
50407,37446
50407,99741
50407,78549
50407,63188
50407,79398
50407,41337
50407,111838
50407,75408
50409,105408
50409,1230
50409,71181
50409,126657
50409,61529
50409,135499
50409,53494
50409,41278
50409,3213
50409,30878
50409,56042
50409,77935
50409,10746
50409,70606
50409,80475
50409,84032
50409,76379
50409,64762
50409,23212
50409,126719
50409,43010
50409,7880
50409,7527
50409,6439
50409,41712
50409,70839
50409,138600
50409,45080
50409,78838
50409,38725
50409,129968
50409,69261
50411,34792
50411,46810
50411,97972
50411,63757
50411,60459
50411,101269
50411,47848
50412,45129
50412,67682
50412,79712
50412,30723
50412,81907
50412,81877
50412,73867
50412,73570
50412,63600
50412,98293
50412,80374
50412,28664
50412,4493
50412,122407
50412,106243
50412,102969
50412,8483
50412,36360
50412,128825
50412,5148
50412,59891
50412,112246
50412,59631
50412,26203
50412,45543
50412,39592
50412,60121
50412,126567
50412,79246
50412,62395
50412,133951
50412,113029
50412,48563
50412,32919
50415,96780
50415,57170
50415,14480
50415,96206
50415,69184
50415,76070
50415,66750
50415,78647
50415,38286
50415,101215
50415,14944
50415,114721
50415,106495
50415,106335
50415,63327
50415,93974
50415,75205
50415,25159
50415,131046
50415,136813
50415,15390
50415,4503
50415,105779
50415,5322
50415,59721
50415,109804
50415,6713
50415,49084
50415,27540
50415,119527
50415,131493
50415,133689
50415,24041
50415,129914
50415,55127
50417,48082
50417,112251
50417,72231
50417,85366
50417,39783
50417,35125
50417,51905
50417,36017
50417,129554
50417,105298
50417,85700
50417,42817
50417,118427
50417,67089
50417,110561
50417,110415
50417,112704
50417,89353
50417,114768
50417,44423
50417,97385
50417,126463
50417,101101
50417,67778
50417,59691
50417,115013
50417,134575
50417,76834
50417,8352
50417,58146
50418,88536
50418,67184
50418,33327
50418,131676
50418,62487
50418,95106
50418,110295
50418,59970
50418,65070
50418,91352
50418,82649
50418,75369
50418,63647
50418,106948
50418,14866
50418,126948
50418,13869
50418,109925
50418,28514
50418,7803
50418,81967
50418,69347
50418,132331
50418,11501
50418,124345
50418,63711
50418,135541
50418,92754
50418,43126
50418,65682
50418,100438
50418,105681
50419,80930
50419,107174
50419,45604
50419,9456
50419,34728
50419,109237
50419,2356
50419,54906
50419,70521
50419,84802
50419,63412
50419,59154
50419,41396
50419,77788
50419,18107
50419,4297
50419,90439
50419,118366
50419,81767
50419,8243
50419,10552
50419,43997
50419,37733
50419,81762
50423,15174
50423,105300
50423,136686
50423,11719
50423,26548
50423,50912
50423,30867
50423,63794
50423,77275
50423,117787
50423,133227
50423,110402
50423,118908
50423,118064
50423,38345
50423,33764
50423,91315
50423,73134
50423,119388
50423,68723
50423,62593
50423,98668
50423,109544
50423,132906
50423,130231
50423,74892
50423,55817
50423,135941
50423,12082
50423,43624
50423,27040
50423,123377
50424,44447
50424,60651
50424,72317
50424,95887
50424,111523
50424,122921
50424,80213
50424,117200
50424,5561
50424,84967
50424,92238
50424,115700
50424,25726
50424,101602
50425,47047
50425,137124
50425,31010
50425,135185
50425,67621
50425,52695
50425,27236
50425,52140
50425,121441
50425,51937
50425,47605
50425,19851
50425,12672
50425,44029
50425,92715
50425,30368
50425,44720
50425,89435
50425,60504
50425,34025
50425,93774
50425,99284
50425,103477
50425,37529
50425,20483
50425,32323
50425,83800
50425,116720
50425,41902
50425,101130
50425,64152
50425,132853
50427,14069
50427,108921
50427,89097
50427,80009
50427,37576
50427,77846
50427,63582
50427,91288
50427,36650
50427,85148
50427,44009
50428,25798
50428,122304
50428,138076
50428,66921
50428,6622
50428,126985
50428,130180
50428,51174
50428,80474
50428,114929
50428,21301
50428,90119
50428,71953
50428,44364
50428,20943
50428,93508
50428,106033
50428,118120
50428,125906
50429,126937
50429,8560
50429,52354
50429,50988
50429,71928
50429,120134
50429,90015
50429,40929
50429,138174
50429,136400
50429,65482
50429,15415
50429,74799
50429,56013
50429,71023
50429,52479
50429,94133
50429,117333
50429,128688
50429,92483
50429,1251
50429,53235
50429,116094
50429,74410
50429,107289
50429,58759
50429,29900
50429,27665
50429,5827
50429,28157
50429,81681
50429,132981
50431,47877
50431,1704
50431,36410
50431,111322
50431,107857
50431,60833
50431,3938
50431,69031
50431,13659
50431,122268
50431,85987
50431,18602
50431,88914
50431,8515
50431,63205
50432,24369
50432,67212
50432,107762
50432,115468
50432,130930
50432,74426
50432,81100
50432,44100
50432,54665
50432,101621
50432,26327
50432,10134
50432,67989
50432,77829
50432,114741
50432,52439
50432,82295
50432,95102
50432,101560
50432,126527
50432,62027
50432,83482
50432,87036
50432,70684
50432,63360
50432,79042
50432,118300
50432,126393
50432,77908
50432,118002
50432,29565
50432,126350
50432,115451
50432,63255
50433,4879
50433,20332
50433,116374
50433,88275
50433,65420
50433,94420
50433,52301
50433,7400
50433,6354
50433,39631
50433,45751
50433,122022
50433,138071
50433,63779
50433,131268
50433,76461
50433,8597
50433,12289
50433,137583
50433,88540
50433,53630
50433,39044
50433,17505
50433,1630
50433,104344
50433,1148
50433,118466
50434,79045
50434,30134
50434,41320
50434,26255
50434,75606
50434,63886
50434,33398
50434,140772
50434,14695
50434,9660
50434,74839
50434,20873
50434,59818
50434,63948
50434,71498
50434,95251
50434,8109
50434,93696
50434,107647
50434,103435
50434,85359
50434,100041
50434,2452
50434,72371
50434,7576
50434,41146
50434,26595
50434,65183
50434,138033
50434,81401
50435,108244
50435,84529
50435,106806
50435,35320
50435,4031
50437,52734
50437,81737
50437,100619
50437,48348
50437,103944
50437,81894
50437,93835
50437,18572
50437,59800
50437,79992
50437,136090
50437,79886
50437,34180
50438,29418
50438,35554
50438,6723
50438,21388
50438,5885
50438,85307
50438,131884
50438,6816
50438,119382
50438,117986
50438,56476
50438,41661
50438,98283
50438,25462
50438,31099
50438,107180
50438,127672
50438,95620
50438,79817
50438,132970
50438,105503
50438,43221
50438,63061
50438,92874
50438,78535
50438,120816
50438,10531
50438,11478
50438,47279
50438,97617
50438,95027
50440,125045
50440,130738
50440,67882
50440,40107
50440,137963
50441,49623
50441,10731
50441,99956
50441,91464
50441,510
50441,48068
50441,29598
50441,88626
50441,2491
50441,13644
50441,96424
50441,104497
50441,36454
50441,69322
50441,35809
50441,100825
50441,112094
50441,82565
50441,31387
50441,3471
50441,61268
50441,104563
50441,66349
50441,26910
50441,126534
50441,73328
50441,11753
50441,124392
50441,125209
50443,79626
50443,23885
50443,76306
50443,100418
50443,78354
50443,16713
50443,83675
50443,100812
50443,35494
50443,88862
50443,140285
50443,123865
50443,76343
50443,4644
50443,10680
50443,108467
50443,119487
50443,43136
50443,138449
50443,128344
50443,125228
50443,110147
50443,129244
50443,59903
50443,71515
50443,114532
50443,66461
50443,53326
50445,69073
50445,95757
50445,132978
50445,71568
50445,72700
50445,91185
50445,133102
50445,83537
50445,25965
50445,68809
50445,131463
50445,79956
50445,121674
50445,1990
50445,133942
50445,79614
50446,59781
50446,46274
50446,94455
50446,40279
50446,77795
50446,60468
50446,59657
50446,122112
50446,117294
50447,100390
50447,139435
50447,101785
50447,2613
50447,35432
50447,31463
50447,13322
50447,55121
50447,22021
50447,103062
50447,58240
50447,100234
50447,121965
50447,74110
50447,9169
50447,106708
50447,75931
50447,121116
50447,9946
50447,57718
50448,82188
50448,22250
50448,72326
50448,45525
50448,62784
50448,78662
50448,115453
50448,51498
50448,53705
50448,21703
50448,100788
50448,89114
50448,112957
50448,52913
50448,70354
50448,127151
50448,104099
50448,80800
50448,140112
50448,120690
50448,30983
50448,11275
50448,106957
50448,33176
50448,108915
50448,90425
50448,78318
50448,9880
50448,120319
50449,139197
50449,17633
50449,120851
50449,36427
50449,31643
50449,69937
50449,32112
50449,98862
50449,118655
50449,69154
50449,110940
50449,126719
50449,32060
50449,89695
50449,112274
50449,55283
50449,71181
50449,82927
50449,92137
50449,1497
50449,70606
50449,21419
50449,25070
50449,70078
50449,34552
50449,74134
50449,8161
50449,86343
50449,19798
50449,86639
50449,107322
50452,17739
50452,116176
50452,45896
50452,8343
50452,62131
50452,90284
50452,92927
50456,87436
50456,111065
50456,27207
50456,24257
50456,64145
50456,63014
50456,130393
50456,98579
50456,100156
50456,71035
50456,30161
50456,130255
50456,42401
50456,3339
50456,100222
50456,86679
50456,66115
50456,136451
50456,87385
50456,139581
50456,25875
50456,81312
50456,140455
50456,33195
50458,22013
50458,62726
50458,42011
50458,48375
50458,48522
50458,139360
50458,62237
50458,37543
50458,25236
50458,9894
50458,103807
50458,55050
50458,7011
50458,89367
50458,85321
50458,15770
50458,118976
50458,43611
50458,102874
50458,21470
50458,12357
50458,32262
50458,128010
50458,83364
50458,39329
50458,8797
50458,3962
50458,10177
50458,67724
50458,136042
50458,1561
50458,64602
50458,67389
50460,63600
50460,45129
50460,79712
50460,81907
50460,67682
50460,81877
50460,73867
50460,73570
50460,30723
50460,138609
50460,63506
50460,28664
50460,4493
50460,122407
50460,32917
50460,106243
50460,102969
50460,8483
50460,36360
50460,128825
50460,45543
50460,59891
50460,59631
50460,98293
50460,80374
50460,112246
50460,26203
50460,48563
50460,60121
50460,133951
50460,113029
50460,79246
50460,62395
50461,140082
50461,135152
50461,27499
50461,30590
50461,31187
50461,112940
50461,108214
50461,112995
50461,63789
50461,20309
50461,74759
50461,134356
50461,97046
50461,66094
50461,3286
50461,39317
50461,55994
50461,26610
50461,44899
50461,18599
50461,99248
50461,24591
50461,68613
50461,28102
50461,31947
50461,59299
50461,52850
50461,62696
50461,58424
50461,80272
50461,100248
50461,133515
50462,132083
50462,86991
50462,52471
50462,133284
50462,43121
50462,47371
50462,83987
50462,134768
50462,8185
50462,19899
50462,72009
50462,33480
50462,32606
50462,33650
50462,118538
50462,67117
50462,118925
50462,121279
50462,2905
50462,85416
50462,139078
50462,1023
50462,71765
50462,87056
50462,93715
50462,35050
50462,17097
50462,96980
50462,67939
50462,48769
50462,2606
50462,137071
50462,52186
50463,134417
50463,43749
50463,52784
50463,107785
50463,72597
50463,120144
50463,131110
50463,33168
50463,37283
50463,60008
50463,1085
50463,51979
50463,87215
50463,13443
50463,12341
50463,1140
50463,134966
50463,69615
50463,29811
50463,103860
50463,79841
50463,63145
50463,138763
50463,89962
50463,79221
50463,106845
50463,40294
50463,28939
50463,38484
50463,51885
50463,110264
50463,117439
50463,74221
50465,34733
50465,16412
50465,43646
50465,5012
50465,28067
50465,129699
50465,4030
50465,88559
50465,47544
50465,17427
50465,19503
50465,66041
50465,84232
50465,6369
50465,66965
50465,115062
50465,20826
50465,73986
50465,93265
50465,134309
50465,54401
50465,34645
50465,35889
50465,134081
50465,91839
50465,82062
50465,1272
50465,110858
50465,69874
50465,18542
50465,83487
50465,47381
50465,38348
50466,81953
50466,32214
50466,137804
50466,56163
50466,2330
50466,108497
50466,94958
50466,71457
50466,10888
50466,53182
50466,114345
50466,120892
50466,72666
50466,42709
50466,67837
50466,8811
50466,100052
50466,96812
50466,89862
50466,15244
50466,88999
50466,15595
50466,75618
50466,63197
50466,102491
50466,8889
50466,78262
50466,8809
50466,96304
50466,96686
50466,99030
50467,92698
50467,9522
50467,27711
50467,11414
50467,79534
50467,125447
50467,42875
50467,115763
50467,34348
50467,18859
50467,70352
50467,43966
50467,38846
50467,127831
50467,30417
50467,63682
50467,131345
50467,31945
50467,114777
50467,137592
50467,40463
50467,18569
50467,44879
50467,67688
50467,121287
50467,31442
50467,110963
50467,35043
50467,99894
50467,37788
50467,135195
50467,102112
50467,68783
50467,134786
50469,51505
50469,4372
50469,41602
50469,38332
50469,64798
50469,18670
50469,88854
50469,64104
50469,90238
50469,54758
50469,102408
50469,121017
50469,124572
50469,110901
50469,110750
50469,98560
50469,82858
50469,137367
50469,80400
50469,48535
50469,70437
50469,50214
50469,92440
50469,26712
50469,49945
50469,135974
50469,29680
50469,106848
50469,50454
50469,35469
50469,24157
50469,125055
50472,36989
50472,36822
50472,104556
50472,105307
50472,57584
50472,38926
50472,10566
50472,13603
50472,578
50473,46478
50473,121496
50473,6131
50473,24125
50473,134156
50473,79813
50473,50879
50473,58573
50473,99299
50473,69673
50473,120126
50473,23856
50474,55669
50474,6578
50474,118445
50474,90312
50474,61015
50474,82237
50474,59497
50474,29301
50474,19605
50474,4430
50474,45882
50474,136805
50474,88386
50474,35042
50474,131932
50474,51236
50474,20932
50474,56330
50474,25168
50474,55777
50474,89232
50474,28665
50474,17637
50474,6271
50474,100703
50474,102144
50474,109958
50474,128839
50474,116435
50474,1842
50474,62030
50474,26357
50474,100892
50475,48766
50475,39185
50475,99668
50475,29934
50475,78184
50475,5678
50475,65337
50478,98500
50478,39938
50478,11235
50478,118300
50478,118002
50478,77908
50478,36703
50478,10901
50478,16155
50478,1945
50478,94373
50478,86060
50478,116473
50478,88255
50478,70321
50478,63255
50479,70924
50479,14154
50479,128655
50479,116554
50479,22541
50479,12447
50479,93795
50479,109396
50479,41854
50479,66602
50479,123941
50479,121774
50479,136088
50479,9222
50479,50204
50479,62689
50479,51517
50479,38803
50479,122980
50479,110789
50479,81759
50479,95711
50479,94816
50479,27619
50479,131712
50479,5163
50479,34375
50479,96890
50479,99178
50479,19321
50480,133943
50480,93974
50480,66750
50480,20587
50480,109804
50480,136813
50480,75205
50480,25159
50480,133235
50480,59721
50480,77074
50480,127671
50480,57170
50480,133689
50480,49084
50480,96206
50480,109610
50480,6713
50480,8864
50480,4080
50480,105779
50480,4503
50480,80709
50480,12957
50480,15390
50480,55127
50481,60590
50481,60048
50481,101024
50481,76901
50481,110105
50481,85724
50481,50298
50481,91497
50481,121239
50481,75671
50481,70218
50481,44743
50481,102498
50482,29293
50482,106265
50482,45240
50482,31762
50482,54278
50482,106053
50482,49044
50482,65384
50482,126722
50482,139432
50482,68852
50482,36172
50482,79462
50482,80441
50482,39406
50482,21132
50482,140319
50482,37708
50482,56208
50482,104293
50482,2842
50482,7649
50482,81047
50482,106180
50482,33415
50482,24474
50482,61392
50483,111876
50483,45813
50483,7242
50483,38326
50483,33359
50483,14640
50483,57898
50483,17934
50483,53872
50485,105845
50485,4416
50485,3934
50485,21421
50485,28821
50485,98278
50485,28951
50485,32963
50485,74829
50485,137621
50485,70505
50485,48643
50485,20386
50485,84769
50486,42878
50486,132659
50486,50964
50486,123449
50486,140570
50486,9364
50486,46556
50486,33569
50487,18640
50487,101865
50487,140601
50487,28438
50487,81598
50487,64336
50487,58783
50487,115880
50487,95942
50487,110761
50487,106030
50487,128890
50487,107064
50487,96225
50487,57363
50487,49822
50487,112876
50487,93276
50487,34564
50487,51049
50487,78130
50487,28645
50487,120417
50487,131453
50487,138272
50487,137744
50487,35994
50487,57031
50487,66541
50487,131935
50487,19311
50487,47223
50487,20187
50487,26813
50488,123902
50488,21157
50488,25521
50488,42725
50488,13634
50488,126027
50488,6982
50488,10942
50488,134890
50488,115455
50488,27654
50488,136725
50488,30852
50488,117926
50488,102398
50488,135108
50488,19854
50488,123665
50488,113918
50488,119532
50488,269
50488,55739
50488,87905
50488,58063
50488,137275
50488,136683
50488,41329
50488,45337
50488,22601
50488,28318
50488,6133
50488,80291
50489,84448
50489,120404
50489,32880
50489,59835
50489,120392
50489,110872
50489,94770
50489,832
50489,59648
50489,49339
50489,48613
50489,24727
50489,137368
50489,71034
50489,47844
50489,117589
50489,15835
50490,89388
50490,20563
50490,128018
50490,113830
50490,8729
50490,39592
50490,5441
50493,116778
50493,80833
50493,105534
50493,131958
50493,23328
50493,10242
50493,93485
50493,78945
50493,128632
50493,109598
50493,76969
50493,50432
50493,69236
50493,130541
50493,138371
50493,123375
50497,78756
50497,41508
50497,61261
50497,49311
50497,114106
50497,85911
50497,127923
50497,26149
50497,6105
50497,64100
50497,61848
50497,40981
50497,106566
50497,35247
50497,116977
50497,24062
50497,92471
50497,94495
50497,122726
50497,65517
50499,77223
50499,23252
50499,53989
50499,82528
50499,121849
50499,70086
50499,135584
50499,116223
50499,41222
50499,34131
50499,46704
50499,109257
50499,103147
50499,57890
50499,30522
50499,29626
50499,126131
50499,29385
50499,135406
50499,72033
50499,49506
50499,74707
50499,138380
50499,43658
50499,61647
50499,30409
50499,36323
50501,18933
50501,96728
50501,12516
50501,105552
50501,97940
50501,101671
50501,65699
50501,17447
50501,82564
50501,102036
50501,110951
50501,2088
50501,90861
50501,125094
50501,33996
50501,95589
50501,126881
50501,46226
50501,78151
50501,52980
50501,124650
50501,71247
50501,25252
50501,63332
50501,20024
50501,105677
50501,75177
50501,87300
50501,85431
50501,10148
50501,107691
50502,70054
50502,118034
50502,134152
50502,50435
50502,62003
50502,22160
50502,119536
50502,43718
50502,82921
50502,54548
50502,64368
50502,26251
50502,50408
50502,39374
50502,23350
50502,32516
50502,118182
50502,10719
50502,104504
50502,118465
50502,76534
50502,52119
50502,27115
50502,16149
50502,59952
50502,57426
50502,137054
50502,133682
50502,2053
50502,74567
50502,32048
50502,109021
50502,45609
50502,2179
50503,111719
50503,38658
50503,89878
50503,91601
50503,38161
50503,102251
50503,17642
50503,135249
50503,88671
50503,93978
50503,108191
50503,11297
50503,65782
50503,248
50503,125343
50503,33815
50503,11957
50503,83831
50503,55264
50503,97704
50503,140202
50503,40412
50503,78841
50503,98465
50503,100437
50503,60463
50503,125254
50503,119805
50503,52851
50503,95078
50503,12005
50503,60274
50503,31768
50504,125744
50504,134845
50504,101406
50504,100748
50504,81804
50504,103908
50504,24092
50504,99219
50504,100664
50504,13760
50504,19807
50504,80832
50504,131350
50504,30435
50504,114209
50504,82897
50504,106647
50504,14912
50504,39526
50504,54116
50504,67619
50504,62587
50504,99844
50504,129643
50504,72508
50504,128339
50504,98347
50504,97432
50504,90254
50504,7432
50504,61946
50504,112871
50505,111387
50505,39817
50505,64163
50505,55448
50505,73011
50505,74975
50505,84425
50505,132761
50505,130738
50505,33380
50505,40107
50505,67882
50505,22351
50506,75117
50506,80701
50506,80946
50506,73717
50506,24057
50506,64580
50506,69377
50506,133229
50506,110023
50510,43421
50510,124092
50510,39042
50510,37140
50510,107718
50510,7571
50510,123458
50510,82234
50510,24043
50510,117007
50510,73496
50510,74744
50510,33040
50510,25251
50510,36543
50510,79070
50510,45818
50510,84996
50510,106065
50510,123950
50510,110642
50510,41726
50510,9551
50510,57433
50510,108242
50510,118653
50510,58757
50510,76559
50510,6496
50510,113408
50510,98186
50510,137939
50511,114251
50511,38828
50511,112510
50511,2136
50511,98990
50511,109632
50511,103345
50511,125136
50511,12125
50511,138839
50511,87588
50511,98742
50511,84269
50511,134242
50511,99656
50511,112387
50511,48380
50511,106418
50511,106188
50511,117915
50511,36675
50511,15166
50511,48167
50511,6099
50511,7182
50511,58189
50511,111594
50512,87634
50512,103773
50512,97922
50512,27592
50512,35281
50512,45560
50512,117842
50512,104618
50512,76317
50512,33204
50512,23106
50512,95380
50512,67050
50512,118998
50512,13011
50512,59556
50512,35487
50512,58914
50512,38077
50512,66710
50512,62176
50512,104450
50512,138388
50512,81127
50512,40191
50512,60523
50512,30709
50512,20991
50512,4603
50512,140686
50512,21945
50513,111382
50513,40808
50513,70724
50513,117821
50513,87797
50513,136094
50513,110112
50513,29938
50513,34629
50513,79230
50513,108809
50513,30319
50513,48467
50513,67808
50513,70364
50513,700
50513,73701
50513,74160
50513,2351
50513,606
50515,60931
50515,43963
50515,101508
50515,60844
50515,1732
50515,29465
50515,101849
50515,12355
50515,27529
50515,65335
50515,100679
50515,48797
50515,21728
50515,59916
50515,67575
50515,79350
50515,21482
50515,26161
50515,109339
50515,65137
50515,76990
50515,99732
50515,29202
50515,74752
50515,61372
50515,64757
50515,93308
50515,113745
50515,51485
50515,750
50515,64646
50516,136215
50516,135492
50516,51532
50516,105304
50516,85382
50516,24138
50516,46909
50516,165
50516,25766
50516,111173
50516,75076
50516,42392
50516,49413
50516,16368
50516,74395
50516,5831
50516,120151
50516,68502
50516,61510
50516,89881
50516,74710
50516,42774
50518,124342
50518,114932
50518,116942
50518,37818
50518,77089
50518,104517
50518,134323
50518,60846
50518,35223
50518,38419
50518,14082
50518,131892
50518,70177
50518,21018
50518,134154
50518,49656
50518,26248
50518,68420
50518,90845
50518,59781
50518,77795
50518,60468
50518,78500
50518,122112
50518,77914
50518,29633
50518,90809
50518,59657
50518,117294
50518,40279
50518,125083
50518,94455
50519,40254
50519,58709
50519,98516
50519,138137
50519,32132
50519,73363
50519,90206
50519,91297
50519,18697
50521,129305
50521,109251
50521,85970
50521,6033
50521,49826
50521,33337
50521,31380
50521,40505
50521,11104
50521,32747
50521,109800
50521,88691
50521,26643
50521,62023
50521,122682
50521,56076
50521,73637
50521,35758
50521,33172
50521,54365
50521,45736
50521,39313
50521,6798
50521,108352
50521,64465
50521,68496
50521,89330
50521,83858
50523,119130
50523,111936
50523,103368
50523,65525
50523,74571
50523,130294
50523,110100
50523,8914
50523,45486
50523,102360
50523,54635
50523,43663
50523,44632
50523,103518
50523,13855
50523,88911
50523,5335
50523,61943
50523,14202
50523,11257
50523,2177
50523,127089
50523,13115
50523,96306
50523,25456
50523,35698
50523,88327
50523,67004
50523,90505
50523,43065
50523,39365
50527,78237
50527,94902
50527,32226
50527,123524
50527,111848
50527,108302
50527,64072
50527,61899
50527,20036
50527,75016
50527,17750
50527,129778
50527,53198
50527,91099
50527,47804
50527,107599
50527,76146
50527,47299
50528,118727
50528,41014
50528,72472
50528,53575
50528,100524
50528,120282
50528,138847
50528,31761
50528,92469
50528,125776
50528,46785
50528,40869
50528,88164
50528,30016
50528,125433
50528,124924
50528,85908
50528,89858
50528,56740
50528,37055
50528,68371
50528,57023
50529,69184
50529,93974
50529,25159
50529,5322
50529,35679
50529,91975
50529,99025
50529,121696
50529,4503
50529,8864
50529,34151
50529,133689
50529,106335
50529,37790
50529,6713
50529,120238
50529,15390
50529,4080
50529,24041
50529,138452
50529,75408
50529,45693
50529,67233
50529,119527
50529,113983
50529,72873
50529,63188
50529,79398
50529,67477
50529,41337
50529,27540
50529,95095
50529,55127
50529,29044
50533,55920
50533,132435
50533,118677
50533,52539
50533,83422
50533,60910
50533,35377
50533,3323
50533,97282
50535,21090
50535,74428
50535,39639
50535,127369
50535,60000
50535,8206
50535,5902
50535,34791
50535,57010
50535,114295
50535,85045
50535,103854
50535,77385
50535,11147
50535,99087
50535,5841
50535,61104
50535,43625
50535,22031
50535,47442
50535,98693
50535,22935
50535,89566
50535,131951
50535,33353
50535,125976
50535,62649
50535,107376
50537,119942
50537,124763
50537,52796
50537,73791
50537,69107
50537,57728
50537,45548
50537,118445
50537,45604
50537,117742
50537,131964
50537,47748
50537,91967
50537,72476
50537,106653
50537,91132
50537,132466
50537,66337
50537,28980
50537,70613
50537,37742
50537,58755
50537,121459
50537,122322
50537,7651
50537,128839
50537,32788
50537,75433
50537,6647
50537,57319
50537,39906
50537,16144
50537,13511
50539,90437
50539,138287
50539,96726
50539,46004
50539,23861
50539,105411
50539,33442
50539,18232
50539,140674
50539,49757
50539,37257
50539,91157
50539,19582
50539,19343
50539,88804
50539,103423
50539,703
50539,82079
50539,45821
50539,47162
50539,27725
50539,131055
50539,80704
50539,125234
50539,128550
50539,129854
50539,90979
50539,101548
50540,121598
50540,124834
50540,13288
50540,89808
50540,98501
50540,108611
50540,138414
50540,49492
50540,132482
50540,50997
50540,13982
50540,81307
50540,19041
50540,48387
50543,114864
50543,27308
50543,122600
50543,78100
50543,23734
50543,93590
50543,6981
50543,41649
50543,75619
50543,12562
50543,71135
50543,105302
50543,60348
50543,53391
50543,56995
50545,118749
50545,104546
50545,52203
50545,114017
50545,43185
50545,17018
50545,23347
50545,38898
50545,26006
50545,107404
50545,100874
50545,117509
50545,49316
50545,85491
50545,96337
50545,85514
50545,125993
50545,81199
50545,20850
50545,20969
50545,17592
50545,72980
50545,132305
50545,68503
50545,84469
50545,101586
50545,28018
50545,58745
50545,47614
50545,129539
50545,44912
50545,98783
50548,11668
50548,137262
50548,1563
50548,40814
50548,132673
50548,86428
50548,120081
50548,64541
50548,117391
50548,128529
50548,33291
50548,31548
50548,44335
50548,89980
50548,48437
50548,136259
50548,74782
50552,30592
50552,7522
50552,3249
50552,51014
50552,40554
50552,83074
50552,46950
50552,105016
50552,378
50552,62470
50552,135928
50552,2372
50552,118867
50552,105370
50552,130902
50552,119201
50552,3305
50552,140147
50552,134019
50552,21645
50554,32724
50554,93277
50554,62490
50554,136983
50554,119796
50554,75632
50554,105608
50554,3901
50554,96849
50554,91666
50554,68871
50554,30944
50554,105455
50554,83588
50554,43533
50554,1092
50554,61168
50554,94093
50554,75182
50554,18332
50554,31320
50554,34361
50554,80401
50554,70184
50554,40664
50554,77087
50554,35597
50554,134016
50554,115830
50554,67390
50554,66619
50560,94065
50560,91751
50560,33032
50560,134677
50560,129014
50560,86518
50560,27473
50560,107832
50560,80261
50560,87854
50560,139934
50560,42344
50560,41532
50560,129823
50560,33693
50560,56075
50560,87316
50560,5760
50560,86830
50560,111113
50560,98013
50560,49788
50560,3365
50560,115877
50560,64823
50560,101994
50560,58260
50560,61903
50560,5946
50560,56217
50560,4215
50560,102043
50560,34452
50561,52732
50561,32548
50561,130658
50561,122713
50561,80052
50561,42926
50561,84736
50561,24164
50561,14535
50561,46221
50561,124555
50561,1189
50561,116861
50561,67045
50561,84456
50562,35223
50562,77914
50562,131892
50562,70177
50562,40279
50562,124342
50562,137997
50562,116942
50562,59781
50562,14082
50562,78500
50562,90845
50562,15443
50562,38419
50562,104517
50562,93970
50562,77089
50562,11032
50562,24545
50562,128101
50562,94534
50562,122112
50562,86042
50562,90809
50562,94455
50562,46274
50562,89699
50562,77795
50562,60468
50562,60846
50562,9972
50562,59657
50563,89097
50563,131350
50563,118824
50563,129916
50563,17023
50563,34169
50563,77772
50563,46068
50563,77444
50563,125655
50563,99844
50563,86021
50563,46411
50563,19807
50563,62946
50563,91288
50563,35397
50563,10250
50563,65481
50563,30630
50563,99801
50563,33805
50563,44485
50563,113164
50563,44196
50563,60654
50563,137209
50563,45354
50563,88969
50563,41497
50563,135063
50563,112546
50563,73078
50563,134607
50565,25169
50565,81193
50565,117125
50565,126804
50565,139292
50565,116296
50565,38086
50565,12058
50565,79192
50565,64324
50565,73074
50565,79147
50566,33944
50566,80101
50566,120720
50566,90409
50566,34938
50566,25278
50566,124893
50566,132844
50566,121080
50566,139171
50566,131326
50566,41214
50566,75735
50566,7367
50566,94430
50566,1438
50566,1850
50566,82214
50566,4615
50566,69989
50566,26045
50566,94445
50566,119711
50566,106013
50566,101981
50566,50327
50566,91424
50566,74913
50566,109252
50566,441
50567,133374
50567,111558
50567,136836
50567,74007
50567,16285
50567,54803
50567,46897
50567,46374
50567,110958
50567,97613
50567,78447
50567,15926
50567,134202
50567,79620
50567,135622
50567,74143
50567,111396
50567,97676
50567,23019
50567,83350
50568,138957
50568,116616
50568,89118
50568,124112
50568,119694
50568,45648
50568,46688
50568,6573
50568,137891
50568,115956
50568,106067
50568,74741
50568,4393
50568,60002
50568,32437
50568,20947
50568,15345
50568,11808
50568,11519
50568,60723
50568,44287
50568,45452
50568,91225
50568,76037
50568,80290
50568,135286
50568,54663
50570,5866
50570,34873
50570,17253
50570,67813
50570,12912
50570,113586
50570,115048
50570,96099
50570,40380
50570,71739
50570,13120
50570,25684
50570,40442
50570,48230
50570,67887
50570,29953
50570,10216
50570,70196
50570,11284
50570,25831
50570,27855
50570,3046
50570,100586
50570,5847
50570,65146
50570,22700
50570,108963
50570,18431
50570,2733
50570,69688
50570,88899
50570,133165
50572,21344
50572,118674
50572,32752
50572,95085
50572,42981
50572,120242
50572,98860
50572,64015
50572,92965
50572,89144
50572,47961
50572,17880
50572,101402
50572,69200
50572,53290
50572,42292
50572,71556
50572,64108
50572,130559
50572,51573
50572,35044
50572,117793
50572,64517
50572,102633
50572,30261
50572,30992
50572,87006
50572,18255
50572,131510
50572,132215
50572,122060
50572,8409
50573,118937
50573,46153
50573,140132
50573,111856
50573,21721
50573,719
50573,55303
50573,40649
50573,20362
50573,24311
50573,17170
50573,5780
50573,57470
50573,111480
50573,5710
50573,19018
50573,62328
50573,130415
50573,129440
50573,30627
50573,76777
50573,106204
50573,97305
50573,97264
50574,12887
50574,20391
50574,33547
50574,82441
50574,137473
50574,7453
50574,92680
50574,13720
50574,79402
50574,13707
50574,109950
50574,89745
50574,127404
50574,105715
50574,84458
50574,118621
50574,129424
50574,30345
50574,1437
50574,6852
50574,59513
50574,114403
50574,126116
50574,138436
50574,108570
50574,101368
50574,22050
50574,66223
50574,105535
50574,123092
50574,12423
50575,86606
50575,123641
50575,109793
50575,21222
50575,54705
50575,122749
50575,117990
50575,58735
50575,64710
50575,64020
50575,63129
50575,104133
50575,19565
50575,67308
50575,52622
50575,9215
50575,60591
50575,87660
50575,108184
50575,36771
50575,126414
50575,137946
50575,109545
50575,61491
50575,46569
50575,42201
50575,67897
50575,15079
50575,134910
50575,19427
50575,118919
50575,99236
50575,113138
50575,116460
50577,121089
50577,54141
50577,61791
50577,38021
50577,47288
50578,72968
50578,17863
50578,78578
50578,128319
50578,6489
50578,18604
50578,78372
50578,116424
50581,26547
50581,33545
50581,17804
50581,42859
50581,23289
50581,27923
50581,50217
50581,91483
50581,112380
50581,65368
50585,114537
50585,83044
50585,46581
50585,64320
50585,4295
50585,86308
50585,114558
50585,25428
50585,52900
50585,9080
50585,9602
50585,135949
50585,115315
50585,97277
50585,8892
50585,31889
50585,91324
50585,88942
50585,92589
50585,93197
50585,124127
50585,62297
50585,5452
50585,25617
50585,107382
50585,38966
50585,6201
50585,3165
50585,31468
50585,112118
50585,61704
50586,78944
50586,73184
50586,61111
50586,49923
50586,62510
50586,59395
50586,6597
50586,123250
50586,131320
50586,99833
50586,101697
50586,30422
50586,96513
50586,39047
50586,42570
50586,47595
50586,39677
50586,126470
50586,87788
50586,80618
50586,109731
50586,7077
50586,101986
50586,68744
50586,81654
50588,19743
50588,17105
50588,6427
50588,98106
50588,21688
50588,95369
50588,66506
50588,137514
50588,111508
50588,67376
50588,115213
50588,98457
50588,69489
50588,74921
50588,54818
50588,126732
50588,89951
50588,52915
50588,103353
50588,91084
50588,109650
50588,2990
50588,67653
50588,4256
50588,137042
50588,138603
50588,128836
50588,18635
50588,39748
50588,111831
50588,74298
50589,60232
50589,90262
50589,69376
50589,96134
50589,66945
50590,49310
50590,74598
50590,35378
50590,97113
50590,140472
50590,136797
50590,139470
50590,121348
50590,42244
50590,43709
50590,9268
50590,89820
50590,121702
50590,3675
50590,125914
50590,70048
50590,66752
50590,4690
50590,44443
50590,124624
50590,100944
50590,78496
50590,138704
50590,8325
50590,104619
50590,129562
50590,36246
50590,27253
50590,79897
50590,40391
50590,17068
50591,89626
50591,59241
50591,76484
50591,67551
50591,67485
50591,33553
50591,48339
50591,1083
50591,39431
50591,131474
50591,42168
50591,83517
50591,109191
50591,53791
50591,13115
50591,9439
50591,112588
50591,16450
50593,68178
50593,34519
50593,76171
50593,111072
50593,58978
50593,32661
50593,131645
50593,117388
50593,75251
50593,24055
50593,1681
50593,105670
50595,90861
50595,75691
50595,68375
50595,112752
50595,97940
50595,91683
50595,130253
50595,102036
50595,52980
50595,26159
50595,12516
50595,96728
50595,105552
50595,23609
50595,33996
50595,126881
50595,46226
50595,23394
50595,82564
50595,106029
50595,23120
50595,120872
50595,20024
50595,110951
50595,63332
50595,25252
50595,79205
50595,127592
50595,78151
50595,19790
50595,75177
50596,22431
50596,126013
50596,115168
50596,42265
50596,88226
50596,139976
50596,33687
50596,19565
50596,81186
50596,111855
50596,22510
50596,48877
50596,100568
50596,67308
50596,41946
50596,113106
50596,4573
50596,121362
50596,77563
50596,28427
50596,8993
50596,111453
50596,69514
50596,123935
50596,138962
50596,35114
50596,58023
50596,73394
50596,80265
50596,127861
50596,13019
50596,560
50600,55837
50600,107882
50600,37434
50600,79774
50600,110241
50600,107168
50600,39769
50600,93046
50600,104870
50600,78533
50600,46509
50600,55040
50600,14820
50600,78595
50600,56131
50600,130303
50600,110823
50600,94847
50601,68139
50601,65049
50601,15852
50601,28801
50601,63621
50601,95509
50601,36865
50601,47313
50601,78698
50601,104244
50601,41427
50601,48312
50601,76057
50605,58090
50605,10802
50605,87995
50605,132433
50605,137676
50605,11852
50605,63411
50605,54787
50605,135484
50605,42647
50605,34818
50605,136419
50605,21541
50605,83963
50605,128848
50605,16011
50605,92405
50605,87004
50605,95903
50605,40370
50605,40037
50605,111317
50605,94529
50605,77954
50605,91794
50605,105079
50605,52954
50607,26458
50607,39924
50607,36977
50607,101209
50607,30761
50607,19168
50607,94377
50607,28782
50608,55006
50608,55739
50608,82871
50608,113918
50608,19854
50608,269
50608,86202
50608,119532
50608,136725
50608,6133
50608,136683
50608,28318
50608,4218
50608,30977
50612,90829
50612,24021
50612,101503
50612,92403
50612,91084
50612,79953
50612,80869
50612,88553
50612,84526
50613,65758
50613,3713
50613,97339
50613,117420
50613,115796
50613,83511
50613,25298
50613,93078
50613,65313
50613,90258
50613,78979
50613,22300
50613,102355
50613,21474
50613,47537
50613,98525
50613,11768
50613,92159
50613,28685
50613,110339
50613,114107
50613,63663
50613,131723
50614,16709
50614,136061
50614,31036
50614,77371
50614,83367
50614,4751
50614,116644
50614,102111
50614,33746
50614,21779
50614,26195
50614,117992
50614,97425
50614,90603
50614,88144
50614,60906
50614,3795
50614,52037
50614,44857
50614,38587
50614,45094
50614,60404
50614,110741
50614,112972
50614,6458
50614,51341
50614,54992
50614,51893
50614,20672
50614,124990
50614,13842
50614,126888
50614,54113
50615,132979
50615,78875
50615,126809
50615,88187
50615,77071
50615,33758
50615,70987
50615,139464
50615,102503
50615,89529
50615,140013
50615,35070
50615,20798
50615,3427
50615,124503
50615,66026
50615,31459
50615,43441
50615,80919
50615,65651
50615,469
50615,55247
50615,72885
50615,116974
50615,30277
50615,84191
50615,83343
50615,123828
50615,73241
50615,85861
50615,138203
50617,38910
50617,91714
50617,18651
50617,4571
50617,16687
50617,45966
50617,76856
50617,29643
50617,15267
50617,87618
50617,101146
50617,90819
50617,97907
50617,74165
50617,85865
50617,113108
50617,58124
50617,140337
50617,10214
50617,38800
50617,38497
50617,49487
50617,92038
50618,97202
50618,117581
50618,6167
50618,59040
50618,74738
50618,121815
50618,72221
50618,33049
50618,117846
50618,43
50618,20354
50618,115163
50618,74623
50618,3163
50618,106694
50618,47335
50618,48564
50618,53315
50618,36328
50618,109265
50618,100015
50618,94154
50618,17303
50618,39165
50618,79360
50618,72484
50618,125132
50618,87560
50618,90577
50618,120836
50618,63342
50619,103885
50619,58027
50619,23121
50619,112335
50619,121047
50619,109018
50619,95490
50619,68118
50619,127213
50619,95012
50619,138204
50619,137984
50619,14133
50619,37255
50619,22765
50619,139138
50619,94325
50619,46859
50619,91428
50619,135883
50619,61167
50619,54328
50620,80008
50620,17460
50620,95098
50620,59837
50620,6452
50620,124771
50620,48694
50620,35844
50620,40198
50620,77518
50620,68498
50620,6870
50620,47233
50620,34936
50620,60000
50620,16608
50620,30414
50620,108279
50620,50994
50620,98689
50620,8206
50620,6961
50620,33839
50620,49627
50620,89566
50620,16308
50620,24149
50620,51858
50620,6341
50620,121499
50620,88870
50626,102305
50626,37431
50626,33869
50626,86983
50626,130139
50627,70930
50627,52221
50627,121111
50627,3655
50627,78726
50627,91093
50628,128927
50628,77286
50628,2859
50628,88366
50628,79020
50628,34746
50628,127369
50628,69535
50628,34791
50628,22935
50628,36763
50628,13705
50628,135426
50628,33428
50628,67291
50628,88613
50628,89564
50628,50994
50628,121775
50628,70312
50628,89643
50628,94383
50628,60000
50628,7056
50628,43625
50628,72503
50628,131951
50628,75260
50628,56990
50628,29740
50628,32308
50628,105152
50628,13067
50629,4202
50629,115751
50629,39709
50629,7203
50629,124452
50629,85366
50629,85700
50629,84416
50629,95651
50629,28306
50629,42817
50629,112251
50629,36017
50629,53255
50629,118855
50629,118427
50629,97385
50629,110561
50629,11416
50629,132967
50629,74678
50629,106027
50629,86698
50629,112612
50629,60165
50629,134575
50629,8629
50629,39487
50629,5996
50629,139739
50629,96141
50635,24545
50635,37818
50635,116942
50635,131892
50635,70177
50635,14082
50635,35223
50635,77914
50635,77089
50635,90845
50635,21018
50635,104517
50635,134154
50635,49656
50635,90809
50635,137997
50635,68420
50635,114932
50635,78500
50635,38419
50635,77795
50635,60846
50635,60468
50635,57952
50635,94455
50635,46274
50635,38904
50635,59781
50635,122112
50635,40279
50635,117294
50635,59657
50637,34795
50637,14164
50637,135512
50637,116542
50637,73064
50637,40061
50638,87352
50638,44773
50638,106296
50638,104922
50638,50433
50638,49717
50638,95311
50638,132466
50638,5310
50638,15159
50638,73884
50638,127058
50638,46248
50638,3723
50638,54601
50638,131418
50638,25660
50638,101744
50638,16894
50638,39885
50638,56475
50638,31175
50638,39984
50638,42968
50638,64446
50638,86090
50638,15882
50638,108473
50638,39703
50638,129605
50638,13777
50638,75433
50639,101782
50639,20679
50639,17795
50639,89006
50639,35054
50639,100374
50639,66095
50639,66890
50639,133520
50639,34740
50639,136312
50639,137364
50639,64897
50639,105601
50639,122245
50639,119357
50639,87596
50639,90221
50639,98849
50639,43549
50639,73557
50639,48420
50639,138184
50639,24640
50639,82886
50639,83713
50639,73790
50639,58295
50639,113627
50639,132468
50639,44855
50640,90283
50640,94675
50640,129378
50640,14955
50640,100223
50640,69671
50640,61745
50640,88740
50640,44600
50640,16148
50640,41992
50640,136922
50640,133133
50640,106177
50640,79010
50640,90298
50640,138896
50640,65425
50640,76288
50640,63443
50640,117933
50640,25731
50640,41277
50640,128614
50640,130894
50640,52569
50640,82153
50640,99032
50640,55943
50640,96702
50640,104759
50640,124207
50641,46786
50641,119630
50641,48831
50641,119517
50641,95390
50641,115548
50641,40968
50641,13684
50641,6705
50641,11307
50641,113778
50641,30699
50641,1123
50641,74637
50641,36168
50641,10183
50641,13467
50641,58263
50641,113417
50641,11046
50641,45592
50641,54322
50641,69268
50642,14145
50642,15926
50642,133374
50642,111558
50642,79620
50642,54803
50642,74007
50642,21032
50642,136836
50642,16285
50642,46374
50642,46897
50642,135622
50642,78447
50642,134202
50642,119670
50642,97676
50642,138969
50642,97613
50642,86402
50642,107115
50642,14856
50642,113342
50642,83350
50642,115934
50642,74143
50642,83752
50642,81927
50642,111396
50642,111477
50642,12190
50642,67309
50642,62033
50643,840
50643,129005
50643,6903
50643,126030
50643,80237
50643,66451
50643,128608
50643,36093
50643,14027
50643,87870
50643,14703
50643,16085
50643,8214
50643,124750
50643,121834
50643,77511
50643,43942
50643,19894
50643,15955
50643,67835
50643,111503
50643,83742
50643,84321
50644,6559
50644,9138
50644,65987
50644,127898
50644,41225
50644,124813
50644,139776
50644,25069
50644,56986
50644,43875
50644,120586
50644,135380
50644,119577
50644,113005
50644,52669
50644,27853
50644,73141
50644,124842
50644,78585
50644,136645
50644,62236
50644,27421
50644,11690
50644,74783
50644,59276
50644,44277
50644,66051
50644,128916
50644,119251
50644,13976
50644,13463
50644,104622
50645,137835
50645,54596
50645,742
50645,125637
50645,116531
50645,79958
50645,104088
50645,134099
50645,3622
50645,140493
50645,101033
50645,53007
50645,45271
50645,126742
50645,74442
50645,25138
50645,7498
50645,6377
50645,83570
50645,116270
50645,136980
50645,31253
50645,89283
50645,62989
50645,68226
50645,98213
50645,132800
50645,62296
50645,33769
50645,132074
50646,61456
50646,112402
50646,108013
50646,123489
50646,20081
50646,7695
50646,90858
50646,98472
50646,15793
50646,30927
50646,51491
50646,45344
50646,107541
50646,43586
50646,48589
50646,70228
50646,93178
50646,74375
50646,55658
50646,48530
50646,19734
50646,91503
50646,40146
50646,90811
50646,130359
50646,42682
50646,139848
50646,102560
50646,56695
50646,15762
50646,41983
50646,3553
50646,70809
50650,50123
50650,18216
50650,1712
50650,97445
50650,113211
50650,112527
50650,74647
50650,21517
50650,41873
50650,1151
50650,2657
50650,48500
50650,19447
50650,137571
50650,15938
50650,75171
50650,458
50650,66224
50650,134458
50650,76295
50650,109323
50650,32009
50650,47080
50650,44566
50650,76385
50650,63047
50650,112726
50650,46540
50650,42916
50650,93659
50651,26144
50651,122461
50651,48056
50651,38681
50651,105689
50651,6450
50651,133798
50652,135249
50652,102251
50652,95379
50652,132490
50652,116889
50652,115718
50652,39503
50652,50554
50652,41484
50652,40286
50652,139993
50652,78841
50652,108094
50652,132045
50652,125343
50652,97704
50652,40412
50655,12505
50655,67262
50655,136559
50655,107235
50655,76120
50655,30836
50655,123059
50655,127950
50655,18392
50655,94105
50655,49837
50657,17690
50657,90822
50657,57325
50657,94952
50657,17551
50657,132976
50657,81295
50657,112916
50657,62807
50657,113767
50657,123169
50657,4595
50657,93820
50657,120909
50657,49224
50657,125373
50657,95157
50657,114481
50657,136580
50657,29504
50657,110934
50657,62322
50657,43922
50657,67746
50657,35246
50657,67246
50657,15724
50657,131686
50657,14660
50657,29569
50657,43881
50657,42542
50657,78519
50657,26221
50658,2434
50658,46059
50658,113197
50658,57948
50658,43575
50658,2298
50658,132697
50658,128909
50658,115263
50658,52270
50658,69256
50658,134480
50658,122963
50658,14588
50658,17478
50658,116755
50658,41580
50658,118410
50658,46161
50658,93869
50658,16994
50658,48658
50658,32334
50658,46527
50658,118280
50658,98214
50658,69420
50659,62219
50659,38962
50659,128708
50659,98785
50659,19287
50659,78621
50659,42036
50659,25570
50659,122845
50659,53599
50659,6742
50659,110551
50659,129119
50659,21851
50659,18043
50659,61547
50659,84533
50659,2380
50659,70386
50659,67900
50659,139256
50659,3310
50659,135657
50659,21318
50659,95788
50659,86727
50659,63962
50659,101197
50659,128455
50659,117493
50659,11368
50659,74511
50659,69770
50659,118614
50660,85905
50660,68711
50660,71933
50660,111674
50660,102191
50660,5008
50660,43052
50660,116983
50660,130224
50660,70263
50660,92075
50660,42030
50660,101579
50660,14056
50660,83189
50660,105905
50660,128358
50660,110244
50660,67652
50660,45651
50660,78253
50660,57914
50660,2078
50660,106093
50660,51419
50660,22695
50660,128581
50660,36006
50660,103834
50660,78091
50660,17595
50660,12273
50660,67725
50661,7975
50661,40477
50661,104296
50661,98745
50661,73872
50661,81385
50661,64841
50661,12534
50661,64936
50661,110192
50661,106283
50661,94637
50661,72999
50661,39027
50661,60232
50661,24413
50661,21442
50661,116621
50661,82272
50661,121323
50661,4641
50661,13656
50661,113907
50661,109746
50661,78549
50661,20720
50661,114955
50661,2893
50661,49938
50661,39752
50661,34044
50661,103087
50663,109793
50663,16830
50663,101743
50663,86606
50663,113106
50663,22431
50663,75125
50663,34066
50663,126465
50663,122749
50663,121238
50663,75827
50665,86855
50665,106805
50665,48570
50665,15359
50665,106531
50665,126363
50665,16558
50665,34784
50665,35106
50665,62588
50665,114459
50665,124786
50665,114228
50665,8454
50665,111441
50665,67768
50665,17814
50665,126421
50665,44371
50665,128255
50665,30507
50665,57653
50665,108681
50665,39802
50665,38605
50665,126681
50665,55723
50665,81177
50665,108511
50665,29098
50665,135518
50665,103940
50665,92261
50666,22578
50666,27699
50666,77856
50666,10107
50666,106236
50666,5286
50666,139917
50666,66606
50666,89341
50666,115310
50666,89476
50666,126899
50666,134232
50666,57114
50666,30618
50666,112101
50666,32842
50666,134086
50666,113229
50666,121350
50666,139418
50666,10763
50666,92611
50666,58217
50666,21808
50666,121675
50666,27525
50666,71922
50666,124234
50666,9589
50666,62326
50666,101162
50667,5505
50667,15640
50667,94584
50667,62417
50667,7516
50667,19233
50667,26418
50667,107698
50667,132416
50667,70302
50667,41326
50667,113169
50667,90013
50667,7064
50667,3628
50667,76929
50667,3447
50667,17382
50667,48645
50667,53841
50667,55905
50667,42723
50667,34584
50667,84311
50667,124538
50667,21108
50667,110225
50667,77959
50667,18526
50667,13398
50667,106618
50667,19366
50667,125641
50670,72491
50670,83945
50670,88208
50670,4325
50670,63158
50670,92372
50670,105117
50670,137748
50670,114384
50670,80968
50670,130912
50670,36780
50670,133328
50670,15971
50670,105420
50670,2439
50670,78441
50670,78713
50670,56758
50670,13898
50670,135125
50670,48979
50670,138005
50670,50823
50670,13274
50670,101291
50670,125621
50670,43763
50670,128340
50670,45391
50670,65094
50670,54105
50671,84311
50671,3434
50671,91639
50671,70627
50671,50917
50671,12970
50671,117970
50671,81849
50671,77346
50671,140391
50671,132
50671,27633
50671,28634
50671,47728
50671,63835
50672,73333
50672,94209
50672,124202
50672,44688
50672,130803
50672,85693
50674,8617
50674,101880
50674,81313
50674,103888
50674,123637
50674,91499
50674,33801
50674,89054
50676,17253
50676,34873
50676,96099
50676,67813
50676,70196
50676,100586
50676,11284
50676,115048
50676,13120
50676,3046
50676,48230
50676,86629
50676,112113
50676,29953
50676,99806
50676,40442
50676,25684
50676,76087
50676,82394
50676,108963
50676,67887
50676,22700
50676,71662
50676,12912
50676,5847
50676,40380
50676,90879
50676,69688
50676,27855
50676,124947
50676,26507
50676,88899
50678,20270
50678,51526
50678,112929
50678,28165
50678,122828
50678,83684
50678,70067
50678,80127
50680,127896
50680,30413
50680,91052
50680,122143
50680,139815
50680,103730
50680,137043
50680,81091
50680,4787
50680,68694
50680,119825
50680,7997
50680,106941
50680,18296
50680,23968
50680,138216
50680,108047
50680,15744
50680,15755
50680,55945
50680,49834
50680,133885
50680,37090
50680,138525
50680,14945
50680,102197
50680,102902
50680,82203
50680,60567
50680,59020
50687,35245
50687,21731
50687,115779
50687,44693
50687,44497
50687,119952
50687,88345
50687,114230
50687,12248
50687,103937
50687,55688
50687,23697
50687,32625
50687,117177
50687,117667
50687,121071
50687,56417
50687,32243
50687,4610
50687,24996
50687,36029
50687,70568
50687,72684
50687,9253
50689,109559
50689,9902
50689,10504
50689,31111
50689,15662
50689,127402
50689,63164
50695,20113
50695,65130
50695,74438
50695,36790
50695,108331
50695,11211
50695,31847
50695,5745
50695,75001
50695,71875
50695,43584
50695,73195
50697,38968
50697,95667
50697,74728
50697,99857
50697,118472
50697,110932
50697,69882
50697,139387
50697,117181
50697,80737
50697,113854
50697,51370
50698,87097
50698,19278
50698,40692
50698,23435
50698,1132
50698,74073
50698,111284
50698,78305
50698,76536
50698,100547
50698,64832
50698,108883
50698,102415
50698,54130
50698,27567
50698,6603
50698,112383
50698,7927
50698,38357
50698,35129
50698,134758
50698,17701
50698,111901
50698,137161
50698,35674
50698,31505
50698,3583
50698,22602
50698,8626
50698,26194
50698,64817
50698,62419
50698,80145
50700,116505
50700,118670
50700,107652
50700,135028
50700,132210
50700,73077
50700,80545
50700,119794
50700,51178
50700,53883
50700,75972
50700,33828
50700,57169
50700,106307
50700,101520
50700,73145
50700,124043
50700,87652
50700,34221
50700,46027
50700,131917
50700,37540
50700,103174
50700,63417
50700,28132
50700,20022
50700,53916
50700,75890
50700,61011
50700,16325
50700,118206
50700,36507
50702,15964
50702,18114
50702,4695
50702,90608
50702,57201
50702,73061
50702,101899
50702,115056
50702,81477
50702,82190
50702,85846
50702,70461
50702,25323
50702,96842
50702,110046
50702,140418
50702,46149
50702,95772
50702,29172
50702,62760
50702,22407
50703,138185
50703,76075
50703,101480
50703,64130
50703,80611
50703,85599
50703,42822
50703,52289
50703,79339
50703,68230
50703,82935
50703,99942
50703,72928
50703,15930
50703,31286
50703,117788
50703,2543
50703,131454
50703,14198
50703,55467
50703,125168
50703,35204
50705,90437
50705,96726
50705,140674
50705,138287
50705,82079
50705,45821
50705,23861
50705,105411
50705,33442
50705,18232
50705,49757
50705,27725
50705,37257
50705,46004
50705,131055
50705,91157
50705,19582
50705,19343
50705,125234
50705,103423
50705,88804
50705,128550
50705,90979
50705,47162
50705,80704
50705,58134
50705,129854
50705,101548
50706,42369
50706,89441
50706,77995
50706,138037
50706,67015
50706,128329
50706,59318
50706,82676
50706,8146
50706,94306
50706,110292
50706,29007
50706,24456
50706,134971
50706,123464
50706,18778
50706,62257
50706,19096
50706,89690
50706,118167
50706,126700
50706,16712
50706,36009
50706,854
50706,44672
50706,89313
50706,52946
50706,36912
50708,9477
50708,22249
50708,37308
50708,100665
50708,97821
50708,88120
50708,14791
50708,42035
50708,138169
50708,18591
50708,119230
50708,69058
50708,63334
50708,18009
50708,55244
50708,28031
50708,64254
50708,55186
50708,20852
50708,63861
50708,52213
50708,89375
50708,62625
50708,132272
50708,101302
50708,103701
50708,122459
50710,104854
50710,64174
50710,52891
50710,71930
50710,107606
50710,75191
50710,22204
50710,78574
50710,51601
50710,101337
50710,67943
50710,58170
50710,31124
50710,76397
50710,23470
50710,111666
50710,122786
50710,74961
50710,103881
50710,43598
50710,73924
50710,140061
50710,125854
50710,92653
50710,83491
50710,93859
50710,59578
50710,424
50710,19917
50710,52624
50710,113015
50710,61719
50710,82609
50711,6300
50711,85833
50711,20362
50711,5780
50711,57470
50711,111480
50711,17170
50711,62328
50711,30627
50711,76777
50711,106204
50711,14147
50711,21134
50711,97305
50711,8679
50712,22339
50712,118570
50712,110227
50712,111497
50712,52875
50712,14338
50712,29444
50712,94878
50712,67615
50712,37966
50712,71912
50712,19711
50712,121214
50712,134278
50712,36180
50712,21734
50712,31670
50712,119619
50712,74559
50712,7920
50712,129148
50712,41510
50712,15668
50712,125181
50712,128451
50712,21015
50712,92832
50712,110410
50712,98043
50712,62681
50712,22436
50713,125035
50713,84746
50713,88406
50713,65242
50713,44957
50713,52945
50713,122772
50713,23072
50713,133977
50713,8759
50713,31026
50713,138162
50713,100842
50713,79005
50713,81292
50713,119273
50713,109630
50713,47040
50713,92824
50713,31165
50713,114182
50713,77241
50713,67637
50713,1709
50713,7632
50713,116565
50713,91242
50713,64954
50713,23304
50714,13354
50714,72109
50714,65266
50714,57714
50714,106707
50714,93677
50715,23413
50715,10944
50715,97579
50715,39084
50715,113420
50715,78613
50715,91848
50715,78190
50715,134268
50715,66666
50715,75365
50715,65538
50715,80311
50715,48919
50715,83338
50715,58544
50715,38782
50715,22673
50715,85936
50715,88356
50715,139716
50715,123499
50715,80739
50715,74309
50715,115123
50715,65797
50715,94389
50715,67467
50715,129280
50715,138000
50715,139723
50716,22160
50716,82921
50716,62003
50716,70054
50716,50408
50716,64368
50716,26251
50716,118034
50716,104504
50716,50435
50716,32516
50716,43718
50716,59952
50716,39374
50716,118182
50716,54548
50716,119536
50716,80502
50716,133682
50716,2053
50716,60050
50716,32048
50716,28229
50716,27115
50716,10719
50716,134152
50716,52119
50716,68745
50716,118465
50716,23350
50716,76534
50716,74567
50716,104746
50716,2179
50717,10931
50717,109456
50717,136530
50717,52541
50717,7650
50717,114828
50717,116733
50717,118334
50717,98950
50717,21457
50717,90591
50717,126097
50717,98564
50717,124635
50717,108836
50717,99836
50717,99776
50717,134377
50717,139942
50717,80539
50717,140196
50717,78567
50717,76421
50717,74586
50717,56851
50717,38836
50717,37399
50717,30745
50717,29621
50717,10133
50717,57669
50717,45619
50717,7132
50717,31999
50718,33934
50718,35251
50718,43213
50718,41034
50718,2640
50718,125647
50718,126713
50718,64449
50718,97878
50718,77218
50718,106019
50718,117844
50718,23097
50718,33332
50718,816
50718,39573
50718,61874
50718,29243
50718,41790
50718,17120
50718,43747
50718,32642
50718,125305
50718,44442
50718,51415
50718,18004
50718,48625
50718,26451
50718,128564
50718,130926
50718,126977
50719,16336
50719,4132
50719,88142
50719,73760
50719,12206
50719,32803
50719,107751
50719,92445
50719,82970
50719,57186
50719,27426
50719,130755
50719,43147
50719,44466
50719,22124
50719,126848
50719,86798
50719,118172
50719,12392
50719,110779
50719,110520
50719,72510
50719,18903
50719,28528
50719,121260
50719,132665
50719,93199
50719,13140
50719,30984
50719,18993
50719,37584
50719,17168
50720,29280
50720,18640
50720,110875
50720,73098
50720,93176
50720,96509
50720,33256
50720,15540
50720,92397
50720,21623
50721,79140
50721,79417
50721,2182
50721,137558
50721,109689
50721,127863
50721,14705
50721,118638
50721,130425
50721,103316
50721,78478
50721,94844
50721,117838
50721,44865
50721,54371
50722,15159
50722,104922
50722,52796
50722,131418
50722,50433
50722,53037
50722,95311
50722,87352
50722,44925
50722,3723
50722,95779
50722,25660
50722,73884
50722,46248
50722,39885
50722,27436
50722,112721
50722,47171
50722,61533
50722,101384
50722,135111
50722,98691
50722,38038
50722,42176
50722,56862
50723,132863
50723,85980
50723,65353
50723,15841
50723,78343
50723,67823
50723,76788
50723,55161
50723,105955
50723,45493
50723,108650
50723,17644
50723,66309
50723,78832
50723,119551
50723,53792
50723,40913
50723,133723
50723,118191
50723,124897
50723,111798
50723,111887
50723,136702
50723,108879
50723,102348
50723,43061
50723,21975
50723,89992
50723,6590
50723,77557
50723,110399
50724,66456
50724,96999
50724,71167
50724,68358
50724,52350
50724,18139
50724,120589
50724,64694
50724,86011
50724,32780
50724,134999
50724,3186
50724,130410
50724,135394
50724,42805
50724,129791
50724,137736
50726,14506
50726,38087
50726,51355
50726,123483
50726,120777
50726,29163
50726,37123
50726,6648
50726,125609
50726,66900
50726,6088
50726,81146
50726,46060
50726,34598
50726,124943
50726,110896
50726,112078
50726,140618
50726,41207
50726,87027
50726,94915
50726,86945
50726,50390
50726,39292
50726,87477
50726,4878
50726,116683
50726,120138
50726,17438
50726,139048
50726,85832
50727,81973
50727,99164
50727,26870
50727,96522
50727,42725
50727,107998
50727,121442
50727,139031
50727,37408
50727,25521
50727,82871
50727,23337
50727,38347
50727,79777
50727,113918
50727,19854
50727,269
50727,65405
50727,55620
50727,136725
50727,28318
50727,27654
50727,45337
50727,31424
50727,30977
50727,130340
50727,97665
50728,93654
50728,16830
50728,113106
50728,104468
50728,95292
50728,117990
50728,75125
50728,34066
50728,109793
50728,86606
50728,63045
50728,101743
50728,88226
50728,122749
50728,126465
50728,131363
50728,123051
50728,96091
50728,22431
50728,121785
50728,93405
50728,120541
50728,36771
50728,52826
50728,135393
50728,59858
50728,119207
50728,69017
50728,12425
50728,112685
50728,28427
50728,121238
50728,59565
50729,137425
50729,107152
50729,21744
50729,35951
50729,40554
50729,99217
50729,40861
50729,3305
50729,55622
50729,116431
50729,72708
50729,72888
50729,71386
50729,23537
50729,378
50729,62470
50729,133670
50729,118440
50729,82186
50729,105016
50729,46950
50729,140147
50729,76941
50729,115450
50729,38321
50729,84047
50729,134019
50729,126556
50729,125654
50729,47337
50729,118773
50729,53518
50733,7564
50733,54280
50733,87089
50733,102499
50733,53200
50733,103312
50733,81338
50733,82226
50733,89040
50733,103387
50733,108772
50733,109491
50733,2068
50733,64773
50733,61911
50733,59601
50733,48834
50733,24457
50733,14445
50733,10252
50733,71686
50733,134266
50733,27963
50735,29604
50735,24311
50735,7360
50735,88096
50735,11821
50735,116416
50735,93795
50735,37429
50735,46056
50735,89118
50735,37798
50735,74474
50735,32625
50735,28248
50735,109185
50735,4309
50735,121774
50735,123941
50735,37728
50735,49041
50735,74741
50735,14389
50735,91206
50735,11103
50735,106067
50735,109253
50735,115770
50735,115956
50735,59528
50735,119508
50735,2720
50735,138416
50735,89119
50735,32107
50736,93221
50736,24385
50736,99414
50736,94079
50736,79394
50736,10155
50736,116069
50736,44806
50736,55315
50736,138120
50736,15348
50736,30180
50736,126339
50736,95678
50736,24803
50736,21283
50736,61652
50736,23229
50736,66677
50736,117061
50736,111115
50736,96243
50736,67546
50736,126158
50736,59848
50736,18144
50736,5871
50736,75828
50736,58533
50736,110197
50736,69373
50736,120050
50737,50123
50737,59198
50737,109791
50737,62855
50737,1151
50738,136300
50738,3003
50738,136969
50738,76911
50738,1974
50738,140032
50738,93938
50738,99397
50738,57022
50738,138080
50738,68006
50738,69921
50738,50257
50738,27919
50738,87193
50738,84366
50738,26189
50738,73851
50738,128440
50738,104643
50738,23255
50738,58198
50738,55555
50738,37227
50738,27285
50738,96334
50738,19541
50738,71348
50738,136772
50741,21129
50741,37029
50741,103682
50741,42200
50741,96662
50741,36619
50741,45447
50741,22295
50741,52464
50741,53377
50741,116345
50741,40185
50741,128528
50741,70401
50741,75658
50741,137305
50741,138276
50741,112607
50742,124764
50742,107398
50742,105032
50742,68363
50742,89078
50742,28865
50742,121844
50742,61268
50742,29276
50742,125337
50742,137431
50742,36468
50742,10731
50742,92211
50742,35809
50742,106764
50742,2641
50742,39004
50742,69088
50742,101003
50742,113283
50742,42953
50742,104434
50742,108795
50742,88609
50742,56423
50742,41444
50742,123698
50742,101999
50742,104126
50742,69371
50742,55076
50743,34793
50743,100767
50743,24836
50743,13544
50743,128699
50743,51021
50743,13962
50743,5223
50743,49558
50743,86409
50743,2279
50743,43115
50743,109029
50743,28879
50743,28344
50743,47417
50743,73473
50743,125099
50743,93283
50743,102302
50743,72272
50743,37722
50743,28686
50743,85519
50743,87032
50743,22919
50743,3454
50743,96922
50743,119346
50743,67314
50743,87684
50743,79464
50743,140352
50747,11085
50747,129170
50747,120501
50747,18259
50747,32956
50747,89646
50747,121158
50747,4040
50747,123962
50747,78389
50747,116010
50747,122609
50747,49375
50747,129913
50747,140376
50750,96371
50750,42087
50750,60832
50750,73081
50750,61330
50750,65418
50750,138559
50750,51849
50750,119412
50750,62301
50750,71504
50750,40083
50750,19538
50750,129983
50750,96329
50750,128866
50750,139809
50750,537
50750,116308
50750,65642
50750,21398
50750,80230
50750,120352
50750,22019
50750,121156
50750,125042
50750,86912
50750,87760
50750,114250
50750,107871
50750,76130
50750,77004
50750,11683
50752,114377
50752,9717
50752,92811
50752,43168
50752,72957
50752,86439
50752,93193
50752,105711
50752,118477
50752,71329
50752,122920
50752,140008
50752,51253
50752,70296
50752,3048
50752,29712
50752,1846
50752,101789
50752,46035
50752,119423
50752,110568
50752,129332
50752,52102
50753,31212
50753,116851
50753,12666
50753,96202
50753,97451
50753,103962
50753,114796
50753,6525
50753,25016
50753,34549
50753,40015
50753,48616
50753,71374
50753,71529
50754,52769
50754,87055
50754,24828
50754,42417
50754,39293
50754,121576
50754,30649
50754,47736
50754,124373
50754,19967
50754,133730
50754,95008
50754,126507
50754,6405
50754,128361
50754,31415
50754,49154
50754,95491
50754,2252
50754,33637
50754,92406
50754,117843
50754,20877
50754,53892
50754,54804
50754,125410
50754,28004
50755,94699
50755,13697
50755,115612
50755,38837
50755,12357
50755,27142
50755,101804
50755,67961
50755,95182
50755,64602
50755,42011
50755,48924
50755,59322
50755,85575
50755,130173
50755,83364
50755,63276
50755,3962
50755,55050
50755,7011
50755,52587
50755,47769
50755,15770
50755,10177
50755,8797
50755,132279
50755,97386
50755,62237
50755,67389
50755,14530
50755,37726
50755,19428
50756,91165
50756,93859
50756,104854
50756,17627
50756,73924
50756,43598
50756,52891
50756,99081
50756,67943
50756,122786
50756,59578
50756,69753
50756,129454
50756,140619
50756,58170
50756,133247
50756,1367
50756,124281
50756,83491
50756,82609
50756,81676
50756,84922
50756,92653
50756,52624
50756,38590
50756,28164
50756,23336
50756,424
50756,43211
50761,8754
50761,111451
50761,99555
50761,41377
50761,99497
50761,17322
50761,10205
50761,104397
50761,79356
50761,60860
50761,127367
50761,45216
50761,43075
50761,128760
50761,46737
50761,65672
50761,75560
50761,91528
50761,19270
50761,39140
50761,26974
50761,126728
50761,90084
50761,29291
50761,27973
50761,27988
50761,5083
50761,133029
50761,4148
50761,58727
50763,100852
50763,69294
50763,18016
50763,72185
50763,13996
50763,100913
50763,68517
50763,69199
50763,79225
50763,4940
50763,86760
50763,116043
50763,9392
50763,17890
50763,35767
50763,33528
50763,82482
50763,137773
50763,66769
50763,99323
50763,72909
50763,37278
50763,38183
50763,11244
50763,101128
50763,78169
50763,40937
50763,20299
50763,125440
50763,57905
50763,109409
50763,50188
50763,75069
50765,3320
50765,82860
50765,51368
50765,70392
50765,134253
50765,24649
50765,50071
50765,45513
50765,16889
50765,30213
50765,53407
50765,56371
50765,85421
50765,25391
50765,62332
50765,122616
50765,14981
50765,131734
50765,25795
50765,100289
50765,72193
50765,138802
50765,125701
50766,4182
50766,21977
50766,13141
50766,88898
50766,109011
50766,131715
50766,102393
50766,93032
50766,27493
50766,135220
50766,91176
50766,76942
50766,120865
50766,23846
50766,73690
50766,33637
50766,79097
50766,67986
50766,87818
50766,114053
50766,49614
50766,96705
50766,130476
50766,125340
50766,94840
50766,100699
50766,107878
50767,72228
50767,69617
50767,18879
50767,33530
50767,45905
50767,51749
50767,87620
50767,17971
50768,70720
50768,22180
50768,45450
50768,83340
50768,91402
50768,78182
50768,50810
50768,68837
50768,119392
50768,120356
50768,85722
50768,137562
50768,72344
50768,18611
50768,64414
50768,79311
50768,129620
50768,848
50768,35308
50768,113499
50768,78377
50768,82338
50768,114370
50768,79303
50768,25498
50768,39016
50768,51420
50768,38398
50768,2103
50768,40230
50768,3376
50768,134754
50769,137200
50769,38576
50769,95949
50769,4916
50769,77877
50769,137581
50769,50453
50769,15827
50769,7636
50769,41311
50769,138110
50769,3380
50769,26642
50769,38514
50769,121167
50769,129141
50769,85740
50769,66617
50769,64065
50769,25324
50769,111326
50769,110861
50769,102344
50769,58633
50769,4934
50769,44448
50769,57138
50769,116875
50769,53945
50769,108085
50769,115268
50769,9915
50769,139546
50770,93651
50770,19251
50770,7937
50770,25953
50770,11165
50770,4966
50770,78576
50770,130658
50770,65536
50770,15186
50770,19006
50770,52488
50770,17590
50770,59663
50770,24164
50770,80052
50770,126858
50770,85751
50770,67013
50770,123498
50770,42926
50770,60599
50770,73627
50770,119598
50770,58080
50770,93740
50770,29548
50770,37481
50770,117034
50770,116861
50770,134022
50770,135025
50771,7659
50771,4778
50771,3709
50771,56138
50771,38375
50771,113487
50771,4219
50771,58078
50771,36861
50771,43445
50771,130781
50771,77219
50771,8952
50771,61010
50771,113650
50771,107271
50771,90928
50771,92758
50771,133582
50771,62505
50771,84714
50771,123205
50771,139080
50771,18208
50771,33762
50771,127359
50771,31812
50771,74628
50771,101850
50771,39764
50771,76404
50771,28770
50771,44365
50771,68171
50773,3863
50773,37793
50773,2052
50773,58845
50773,36344
50773,60813
50773,52363
50773,62934
50773,115286
50773,772
50773,105472
50775,49513
50775,70996
50775,85559
50775,104612
50775,129046
50775,2137
50775,44516
50775,91280
50775,86374
50775,121540
50775,64286
50775,135667
50775,133833
50775,105125
50775,16206
50775,40202
50775,62009
50775,131325
50775,30333
50775,125517
50775,104905
50775,11780
50775,17007
50775,55235
50775,87297
50775,18082
50775,58075
50775,135939
50775,64281
50775,7858
50775,15287
50775,114927
50778,48996
50778,75209
50778,90192
50778,72517
50778,47888
50778,25517
50778,98108
50778,32941
50778,49117
50778,40871
50778,140761
50778,79783
50778,19524
50778,49129
50778,117904
50778,102487
50778,13370
50778,92971
50778,36904
50778,74999
50778,131292
50778,34109
50778,101261
50778,107806
50778,132291
50778,120551
50778,7123
50778,52736
50778,32103
50778,28435
50778,94165
50778,9606
50781,26779
50781,128037
50781,78673
50781,138972
50781,75558
50781,132497
50782,28149
50782,31511
50782,78773
50782,96405
50782,119092
50782,59825
50783,81062
50783,116485
50783,104379
50783,90178
50783,101881
50783,129971
50783,98466
50783,46335
50783,139251
50783,17574
50783,64684
50787,107760
50787,37654
50787,136650
50787,14741
50787,17312
50787,119861
50787,139964
50787,93304
50787,22761
50787,10749
50787,86693
50787,16045
50787,138235
50787,10799
50787,41217
50787,120014
50787,81092
50787,95913
50787,64811
50787,72971
50787,138275
50787,12260
50787,33013
50788,14728
50788,110229
50788,74204
50788,25301
50788,13541
50788,124246
50788,23185
50788,8758
50789,16004
50789,42961
50789,79762
50789,105809
50789,94632
50789,114770
50789,110691
50789,70278
50789,128794
50789,129637
50789,14106
50789,72844
50789,51769
50789,50982
50789,19912
50789,35270
50789,26687
50789,79872
50789,128348
50789,129645
50789,106969
50789,138831
50789,78861
50789,121293
50789,102257
50789,52092
50789,334
50789,111131
50789,19646
50791,65349
50791,9060
50791,86409
50791,56700
50791,36903
50791,28344
50791,126531
50791,93283
50791,51021
50791,93311
50791,27016
50791,983
50791,44068
50791,15807
50791,100530
50791,50368
50791,127100
50791,79830
50791,13008
50791,22846
50791,126861
50791,116152
50791,41793
50791,130813
50791,87032
50791,32746
50791,42425
50791,27640
50791,25164
50791,123914
50791,79890
50792,4017
50792,113857
50792,38480
50792,53269
50792,140519
50792,74914
50792,128319
50792,66736
50792,58117
50792,93912
50792,34641
50794,43912
50794,97426
50794,103589
50794,51789
50794,34792
50794,50632
50794,89219
50794,74261
50794,38486
50794,101269
50794,135801
50794,46810
50794,60459
50794,65195
50794,85817
50794,47848
50794,37873
50794,50619
50794,50822
50794,94966
50794,13117
50794,83382
50796,5005
50796,42753
50796,78460
50796,87168
50796,116468
50796,129540
50796,126510
50796,5578
50796,124421
50796,139717
50796,107830
50796,90659
50796,32514
50796,92273
50796,79280
50796,106061
50796,75327
50796,38903
50796,99077
50796,49655
50797,83325
50797,123142
50797,67129
50797,116026
50797,89925
50797,108560
50797,2081
50797,90357
50797,62878
50797,111891
50797,38085
50797,33685
50797,3170
50797,4501
50797,10934
50797,30508
50797,90391
50797,6915
50798,56177
50798,20900
50798,64449
50798,126713
50798,49810
50798,52859
50798,88177
50798,23921
50798,93268
50798,137890
50798,78292
50798,44442
50798,90880
50798,18004
50798,133487
50800,64017
50800,119002
50800,94241
50800,138290
50800,115994
50800,6400
50800,133846
50800,82967
50800,978
50800,19965
50800,80067
50800,94850
50800,50366
50800,54795
50800,110915
50800,54739
50800,37339
50800,97517
50800,59204
50800,68372
50800,53443
50800,122468
50800,79141
50800,24654
50800,118722
50800,114201
50800,83079
50800,94976
50800,85930
50800,105745
50800,97430
50800,32279
50803,15787
50803,58257
50803,67453
50803,122972
50803,50833
50803,39417
50803,39312
50803,6255
50803,58298
50803,10339
50803,133297
50803,130009
50803,71129
50803,76801
50803,134707
50803,43933
50803,35511
50803,36586
50803,83057
50803,108174
50803,23306
50803,18330
50803,33339
50803,30995
50803,81817
50803,57219
50803,111279
50803,101055
50803,4833
50803,86492
50803,58100
50803,92210
50803,36310
50803,122714
50804,53572
50804,75915
50804,53584
50804,43555
50804,104348
50804,104835
50804,102035
50804,65747
50804,125965
50804,128908
50804,12381
50804,130791
50804,127689
50804,21943
50804,39190
50804,136608
50804,49972
50804,32002
50804,96084
50804,118417
50804,110281
50804,15885
50804,44411
50804,36470
50804,3326
50804,23633
50804,36037
50804,118939
50804,97532
50804,135919
50804,112642
50804,84301
50805,44213
50805,119002
50805,50366
50805,54795
50805,110915
50805,79141
50805,76755
50805,139974
50805,104748
50805,31066
50805,46800
50806,130119
50806,135228
50806,116910
50806,71742
50806,123249
50806,85376
50806,136072
50806,69908
50806,7358
50806,84809
50806,56479
50806,130978
50806,108606
50807,47861
50807,89530
50807,62016
50807,36024
50807,65874
50807,109600
50807,15456
50807,113862
50810,51876
50810,134609
50810,116398
50810,134685
50810,6838
50810,3518
50810,28238
50810,38363
50810,126968
50810,94534
50810,76351
50810,68420
50810,110263
50810,49656
50810,66253
50810,134154
50810,68777
50810,125083
50810,57952
50810,138106
50810,22066
50811,25521
50811,42725
50811,19854
50811,112786
50811,115455
50811,21157
50811,134890
50811,45337
50811,30852
50811,117926
50811,92214
50811,55620
50811,13634
50811,113918
50811,82871
50811,6982
50811,135108
50811,269
50811,55006
50811,26819
50811,136683
50811,136725
50811,6133
50811,41329
50811,102398
50811,10942
50811,22601
50811,137705
50811,27654
50811,30977
50811,123902
50811,28318
50814,137056
50814,4778
50814,38375
50814,127712
50814,59111
50814,113487
50814,4219
50814,58078
50814,8952
50814,43445
50814,3321
50814,94709
50814,88535
50814,130781
50814,61010
50814,107271
50814,92758
50814,133582
50814,62505
50814,26753
50814,84714
50814,18208
50814,13676
50814,33762
50814,126729
50814,101850
50814,74628
50814,139096
50814,85114
50814,99620
50814,28770
50814,38356
50814,68171
50814,544
50815,22139
50815,78741
50815,78944
50815,34178
50815,47595
50815,131320
50815,99833
50815,135668
50815,49923
50815,123596
50815,50116
50815,123250
50815,59395
50815,81217
50815,130850
50815,55139
50815,6597
50815,70143
50815,84711
50815,7077
50815,101986
50815,42570
50815,85611
50815,108913
50815,38883
50820,55403
50820,62162
50820,121838
50820,121461
50820,13618
50820,2145
50820,126414
50820,17320
50820,40580
50820,137964
50820,105749
50820,122388
50820,17143
50820,59467
50820,60711
50820,66160
50820,134116
50820,16899
50820,133315
50820,88220
50820,51476
50820,91626
50821,122621
50821,100122
50821,82927
50821,3858
50821,139197
50821,2531
50821,41712
50821,139366
50821,45080
50821,98862
50821,46506
50821,13044
50821,61290
50821,57790
50821,36871
50821,62160
50821,21419
50821,16367
50821,103187
50821,106262
50821,69261
50821,57945
50821,7051
50821,10746
50821,7527
50821,64889
50821,138600
50821,16649
50821,44419
50821,74288
50821,32112
50821,47786
50822,77876
50822,72320
50822,57886
50822,119831
50822,113767
50822,58068
50822,16366
50822,73062
50822,96235
50822,49224
50822,1477
50822,56560
50822,23230
50822,62229
50822,17963
50822,77184
50822,81110
50822,92569
50822,124241
50822,28791
50823,50890
50823,18380
50823,24345
50823,93944
50823,136159
50823,60458
50823,17213
50823,7258
50823,3566
50823,126571
50823,94956
50823,107316
50823,7360
50823,20133
50823,74130
50823,63457
50823,77583
50823,132293
50823,56685
50823,139502
50823,90389
50823,134654
50823,33466
50823,80200
50824,137997
50824,124342
50824,24545
50824,21018
50824,37818
50824,14082
50824,35223
50824,104517
50824,38419
50824,90845
50824,131892
50824,70177
50824,77089
50824,116942
50824,59781
50824,77914
50824,114932
50824,78500
50824,40279
50824,26248
50824,49656
50824,134154
50824,90809
50824,68420
50824,125083
50824,122112
50824,59657
50824,60468
50824,94455
50824,46274
50824,77795
50824,117294
50824,60846
50825,40738
50825,117170
50825,108340
50825,27809
50825,124347
50825,84459
50825,75137
50825,47215
50825,38105
50825,80597
50825,40502
50825,75320
50825,71096
50825,73965
50825,41029
50825,138454
50825,64408
50825,33453
50825,139280
50825,84362
50825,11604
50825,91190
50825,51347
50825,42504
50825,62688
50825,121072
50825,11810
50825,47839
50825,128365
50825,129075
50825,112823
50825,111999
50825,63314
50826,62264
50826,51995
50826,96419
50826,33609
50826,49633
50826,48421
50826,135909
50826,108835
50826,95982
50826,77815
50826,2446
50826,18042
50826,17887
50826,68286
50826,90079
50826,53392
50826,89479
50826,107017
50826,96497
50826,52956
50827,109782
50827,121379
50827,107579
50827,8111
50827,38140
50827,137627
50827,50018
50827,24659
50827,86923
50827,71141
50827,98693
50827,138223
50827,27019
50827,125268
50827,13471
50827,37504
50827,42449
50827,125159
50827,109642
50827,101200
50827,138557
50827,72801
50827,125032
50827,77849
50827,92295
50827,24381
50827,138822
50827,66973
50827,68376
50827,49692
50827,29848
50828,90781
50828,112166
50828,112874
50828,77062
50828,50806
50828,24507
50828,80088
50828,28873
50828,27488
50828,38724
50828,14916
50828,73708
50828,120419
50828,130202
50828,110613
50828,120786
50828,54875
50828,20230
50828,67865
50828,51036
50828,7255
50828,114421
50828,25477
50829,122676
50829,24368
50829,76537
50829,111574
50829,6983
50829,56982
50829,109540
50829,74868
50829,99769
50829,77392
50829,132718
50829,15750
50829,23281
50829,34243
50829,90731
50829,105696
50829,53966
50829,63524
50829,113660
50829,85774
50829,43831
50829,29361
50829,52886
50829,11048
50829,29883
50829,46235
50829,4932
50829,37880
50829,83715
50829,5494
50830,132766
50830,95558
50830,129773
50830,24983
50830,73422
50830,133375
50830,3782
50830,59014
50830,116897
50830,90533
50830,87321
50830,844
50830,16993
50830,61980
50830,75248
50830,113064
50830,81883
50832,122777
50832,51215
50832,12753
50832,62104
50832,86174
50832,61837
50832,14951
50832,18207
50832,7345
50832,93432
50832,16173
50832,93908
50832,84742
50832,95420
50832,44865
50832,14559
50832,112761
50832,135578
50832,39200
50832,115192
50832,79465
50832,26764
50832,89843
50832,106309
50832,131441
50832,39983
50832,117928
50832,85360
50832,12386
50832,133669
50832,109299
50832,58487
50833,72731
50833,36412
50833,126818
50833,125656
50833,36045
50833,52683
50833,53141
50833,46393
50833,121049
50833,119316
50833,23661
50833,16499
50833,90380
50833,25564
50833,131131
50833,105123
50833,110663
50833,78649
50833,79240
50833,92868
50833,64949
50833,98851
50833,361
50833,66917
50833,44170
50833,122299
50833,21198
50833,103935
50835,131220
50835,44269
50835,111381
50835,2951
50835,140203
50835,30713
50835,57096
50835,32343
50835,33210
50835,68470
50835,74632
50835,78594
50835,113606
50835,139901
50835,23089
50835,61154
50835,60225
50835,27579
50835,115960
50835,139748
50835,73702
50835,123576
50835,55420
50835,46125
50835,109000
50835,129814
50835,28887
50835,14649
50835,61628
50836,67449
50836,50267
50836,55022
50836,136449
50836,61838
50836,26745
50836,33695
50836,73103
50836,135876
50836,135421
50836,128864
50836,139445
50836,12862
50837,60046
50837,24646
50837,50553
50837,62886
50837,95225
50837,54726
50837,32108
50837,122377
50837,72476
50837,2506
50837,125002
50837,3638
50837,12950
50837,55979
50837,92733
50837,57728
50837,21244
50837,81150
50837,130073
50837,9223
50837,42674
50837,28522
50837,115096
50837,95552
50837,134875
50837,26422
50837,114939
50837,92078
50837,110657
50837,58998
50837,38256
50837,43264
50837,28639
50837,99326
50838,133249
50838,116269
50838,80107
50838,69195
50838,123396
50838,112472
50838,3059
50838,4651
50838,14631
50838,1275
50838,122108
50838,4042
50838,102734
50838,88781
50838,41059
50838,63677
50838,31635
50838,118468
50838,74453
50838,59281
50838,117115
50838,119227
50838,9320
50838,88720
50838,2400
50838,71475
50838,15378
50838,57157
50838,45845
50838,130580
50838,24799
50838,38350
50839,69184
50839,5322
50839,106335
50839,6713
50839,25159
50839,35679
50839,67477
50839,111838
50839,112502
50839,27540
50839,119527
50839,99025
50839,121696
50839,49084
50839,105779
50839,4503
50839,113983
50839,91975
50839,34151
50839,79398
50839,15390
50839,37790
50839,45693
50839,120238
50839,41337
50839,138452
50839,72873
50839,93974
50839,106226
50839,8864
50839,129631
50841,81738
50841,41635
50841,123477
50841,61329
50841,115978
50841,136897
50841,123885
50841,2486
50841,17252
50841,74098
50842,44421
50842,55121
50842,9169
50842,107090
50842,92090
50842,121965
50842,74110
50842,94368
50842,58240
50842,66877
50842,79731
50842,18420
50842,88908
50842,121116
50842,22021
50842,8047
50842,53304
50842,15073
50842,85210
50842,25887
50842,44027
50842,130725
50842,11524
50843,29293
50843,54278
50843,56208
50843,86190
50843,2842
50843,65384
50843,106265
50843,68852
50843,92035
50843,79462
50843,128867
50843,111544
50843,71985
50843,106053
50843,89456
50843,84631
50843,94392
50843,54107
50843,13746
50843,72763
50843,36172
50843,24474
50843,138433
50843,39530
50843,86915
50845,5355
50845,41423
50845,25370
50845,99726
50845,47637
50845,17493
50845,130141
50845,56911
50845,524
50845,92257
50845,131744
50845,118353
50845,34807
50845,74557
50845,8983
50845,43266
50845,140724
50845,135274
50845,37813
50845,27357
50845,139866
50845,28494
50845,19438
50845,90078
50845,100206
50845,95108
50846,130472
50846,99851
50846,131978
50846,121736
50846,140295
50846,62847
50846,68475
50846,1120
50846,48967
50846,50646
50846,68893
50846,13939
50846,7268
50846,14107
50846,70423
50846,118792
50846,126904
50846,135867
50846,8041
50846,106995
50846,93278
50846,16836
50846,64544
50846,104576
50846,69173
50846,54313
50846,36899
50846,92093
50846,126326
50846,26208
50846,114989
50846,77117
50846,60031
50847,71181
50847,4875
50847,1230
50847,3213
50847,8962
50847,61529
50847,79740
50847,126657
50847,70606
50847,17633
50847,70078
50847,125311
50847,71376
50847,139366
50847,23212
50847,38725
50847,86639
50847,77935
50847,78838
50847,70934
50847,70839
50847,105307
50847,69261
50847,35264
50847,74754
50847,44923
50847,106262
50847,121267
50847,64762
50847,10746
50847,126719
50847,80475
50848,61880
50848,80582
50848,92133
50848,115657
50848,70351
50848,49760
50848,130474
50848,23052
50850,44493
50850,1958
50850,6559
50850,6739
50850,44671
50850,57346
50850,79044
50850,2237
50850,82271
50850,132055
50850,100240
50850,135258
50850,116725
50850,15647
50850,13784
50850,103072
50850,56986
50850,85790
50850,84261
50850,68913
50850,62934
50850,35956
50850,138098
50850,117535
50850,69680
50850,33282
50850,127366
50850,91409
50850,44277
50850,25256
50850,20652
50850,100255
50850,124963
50851,20197
50851,29738
50851,107428
50851,69276
50851,17078
50851,7793
50851,57847
50851,24644
50851,14943
50851,78448
50851,130618
50851,125040
50851,16823
50851,105334
50851,134408
50851,131598
50851,21533
50851,88670
50851,46223
50851,23327
50851,70274
50851,33012
50851,18034
50851,77897
50851,5016
50851,125033
50851,16501
50851,131376
50851,102885
50851,16424
50851,72561
50851,45373
50851,103431
50852,117805
50852,50197
50852,66177
50852,42541
50852,139465
50852,14301
50852,22196
50852,66551
50852,12929
50853,106793
50853,99723
50853,100023
50853,34820
50853,76996
50853,97339
50853,110448
50853,121972
50853,76759
50853,123036
50853,67177
50853,25298
50853,80138
50853,102355
50853,94158
50853,83625
50853,131773
50853,93078
50853,107794
50853,90258
50853,131723
50853,78455
50853,26521
50853,114283
50853,112890
50853,134301
50853,58024
50853,40266
50853,119540
50853,75140
50853,12394
50853,113424
50854,47392
50854,85965
50854,14840
50854,78649
50854,43028
50854,1736
50854,130869
50854,81849
50854,60270
50854,91330
50854,125261
50854,110243
50854,21231
50854,18526
50854,132416
50854,126652
50854,59024
50854,48645
50854,134549
50854,10642
50854,102345
50854,134456
50854,14643
50854,121208
50854,234
50854,90083
50854,86654
50854,85147
50854,67110
50854,7071
50854,140396
50854,39466
50859,140534
50859,111986
50859,23703
50859,115457
50859,102005
50859,131790
50859,81662
50860,70720
50860,22180
50860,78182
50860,114370
50860,82338
50860,12560
50860,85722
50860,64414
50860,5116
50860,45450
50860,44385
50860,50810
50860,7958
50860,90873
50860,18611
50860,3376
50860,72344
50860,35308
50860,848
50860,49817
50860,22790
50860,79303
50860,120356
50860,119392
50860,68837
50860,25498
50860,28884
50860,91402
50860,79311
50860,113920
50860,39016
50860,2103
50860,40230
50861,116032
50861,42087
50861,60832
50861,73081
50861,42047
50861,62301
50861,51849
50861,65418
50861,138559
50861,71504
50861,40083
50861,29517
50861,116308
50861,19538
50861,36580
50861,125042
50861,21398
50861,80230
50861,120352
50861,22019
50861,87760
50861,11683
50861,70273
50861,114250
50861,96329
50861,65642
50861,39673
50861,76130
50861,77004
50861,86912
50861,121156
50861,26127
50861,3456
50861,53387
50862,43000
50862,69138
50862,132532
50862,28458
50862,28697
50862,75376
50862,50704
50862,34164
50862,28768
50862,39513
50862,56211
50862,33330
50862,33546
50862,32228
50862,1394
50862,94779
50862,4960
50862,138785
50862,84692
50862,13296
50862,28556
50864,72472
50864,913
50864,92469
50864,30016
50864,40869
50864,46785
50864,37055
50864,124924
50864,56740
50864,85908
50864,7091
50864,125961
50864,57023
50864,16195
50865,6755
50865,84816
50865,82878
50865,52541
50865,116997
50865,85937
50865,90591
50865,21457
50865,131658
50865,85280
50865,109456
50865,57288
50865,108836
50865,134377
50865,140196
50865,118823
50865,126097
50865,34248
50865,76629
50865,30745
50865,89693
50865,29621
50865,99776
50865,72201
50865,45358
50865,80539
50865,6758
50865,114828
50865,15095
50865,136530
50865,111363
50865,105171
50865,23151
50866,27718
50866,54259
50866,57609
50866,80258
50866,95939
50866,16875
50866,41299
50866,106375
50866,101524
50866,122653
50866,30729
50866,79384
50866,56038
50866,956
50866,10186
50867,120550
50867,31716
50867,5886
50867,6404
50867,119076
50867,107588
50867,24517
50867,69326
50867,12689
50867,51598
50867,60658
50867,110320
50867,9416
50867,3954
50867,78392
50867,5277
50867,52258
50867,19872
50867,102086
50867,6060
50867,54753
50867,26286
50867,42708
50867,36231
50867,106437
50867,39997
50867,78251
50867,67454
50867,97824
50867,101432
50868,138004
50868,95222
50868,6397
50868,12808
50868,134633
50868,105104
50868,133499
50868,87293
50868,96809
50868,43369
50868,36335
50868,93123
50868,127475
50868,132563
50868,58167
50868,96707
50868,58277
50868,86522
50868,66737
50868,10188
50868,38329
50868,33201
50868,36863
50868,123449
50868,38710
50868,61804
50868,84635
50871,131917
50871,52125
50871,107652
50871,73077
50871,101520
50871,46027
50871,33828
50871,89238
50871,34221
50871,137487
50871,117771
50871,23777
50871,19836
50871,61935
50871,92432
50871,16325
50871,36507
50871,3235
50871,7620
50871,68579
50871,7065
50871,32519
50871,42983
50871,77364
50871,19855
50871,27375
50871,80638
50871,106307
50871,56697
50871,41077
50871,31281
50874,8834
50874,95076
50874,113547
50874,86398
50874,98577
50874,110617
50874,22529
50874,48520
50874,112417
50874,58684
50874,82845
50874,134555
50874,21243
50874,59422
50874,50856
50874,25253
50874,101461
50874,75484
50874,60108
50874,105928
50874,14565
50874,44111
50874,95723
50874,122339
50874,52148
50874,89750
50874,81571
50874,109439
50874,3728
50874,120367
50874,23987
50874,94336
50874,49062
50879,103658
50879,59454
50879,134178
50879,12898
50879,99221
50879,94478
50879,130673
50879,82032
50879,48925
50879,114533
50879,68766
50879,58677
50879,100686
50879,87121
50879,93646
50879,95549
50879,102003
50879,86602
50879,8005
50879,80311
50879,93055
50879,107383
50879,94663
50879,129396
50879,20995
50879,99259
50879,121893
50879,65359
50879,138069
50879,134877
50879,50417
50880,69184
50880,63105
50880,20430
50880,60144
50880,96780
50880,133943
50880,46501
50880,20587
50880,133689
50880,131493
50880,57170
50880,93974
50880,5322
50880,25159
50880,14480
50880,67233
50880,8864
50880,15390
50880,59721
50880,27632
50880,27540
50880,34151
50880,129914
50880,78647
50880,31825
50880,75205
50880,24041
50880,67477
50880,113983
50880,79475
50880,35679
50880,4503
50880,20274
50880,75408
50882,71167
50882,66456
50882,68358
50882,96999
50882,18139
50882,3186
50882,120589
50882,64694
50882,32780
50882,86011
50882,134999
50882,135394
50882,42805
50882,115047
50882,39128
50883,25127
50883,92656
50883,57757
50883,69202
50883,115547
50883,119724
50883,140347
50886,21322
50886,114568
50886,30650
50886,1446
50886,85113
50886,100417
50886,13959
50886,59924
50886,118077
50886,40207
50886,135889
50886,29254
50886,38764
50886,11070
50886,77850
50887,30338
50887,120851
50887,48136
50887,23268
50887,71220
50887,102054
50887,63916
50887,139197
50887,69154
50887,15994
50887,18053
50887,62762
50887,115026
50887,96761
50887,36871
50887,5002
50887,3572
50887,126264
50887,63266
50887,30950
50887,21419
50887,25070
50887,27911
50887,35599
50887,44686
50887,25416
50887,44923
50887,135537
50887,23212
50887,138600
50887,64762
50887,24559
50888,107652
50888,119794
50888,135028
50888,118670
50888,116505
50888,95604
50888,124043
50888,87652
50888,106307
50888,96808
50888,75972
50888,73077
50888,51178
50888,34221
50888,96748
50888,57169
50888,53916
50888,19157
50888,9831
50888,7620
50888,94988
50888,3235
50888,56573
50888,37330
50888,31038
50888,16325
50888,37540
50888,118206
50888,28496
50888,28132
50888,137646
50888,56908
50889,35223
50889,38419
50889,21018
50889,124342
50889,137997
50889,116942
50889,104517
50889,24545
50889,60846
50889,14082
50892,2028
50892,98034
50892,47885
50892,32739
50892,82944
50892,132353
50892,28187
50892,38095
50892,86146
50892,52506
50892,119973
50892,58584
50892,110015
50892,135303
50892,68518
50892,129210
50892,99540
50892,52751
50892,101191
50892,47403
50892,140480
50892,113692
50892,6840
50892,121068
50892,24518
50892,34804
50892,97934
50892,77341
50892,66850
50892,113686
50895,43264
50895,62886
50895,44234
50895,60046
50895,32108
50895,54726
50895,3638
50895,134875
50895,58998
50895,125002
50895,72476
50895,39966
50895,12950
50895,37088
50895,42674
50895,9223
50895,81150
50895,107985
50895,92382
50895,110586
50895,90658
50895,87459
50895,8706
50895,95552
50895,110657
50895,114939
50895,28639
50895,55979
50895,99326
50895,28522
50895,53745
50896,33776
50896,57891
50896,5654
50896,53667
50896,95007
50896,73383
50896,84163
50896,40035
50896,41956
50896,96586
50896,5691
50896,33100
50896,54929
50896,6291
50896,132782
50896,123578
50896,12614
50896,79997
50896,80525
50896,18921
50896,106018
50896,109668
50896,17992
50896,111554
50896,132949
50896,79976
50896,100002
50896,106529
50896,32109
50898,21766
50898,76204
50898,26183
50898,58742
50898,3979
50898,22175
50898,44014
50898,107781
50898,22419
50898,68660
50898,2530
50898,46600
50898,29351
50898,56144
50898,53382
50898,33075
50898,67498
50898,23866
50898,86718
50898,116139
50898,136454
50898,42716
50898,64800
50898,20786
50898,82667
50898,4840
50898,108553
50898,105142
50898,3504
50898,77748
50898,88339
50898,46431
50899,44493
50899,86107
50899,41225
50899,76226
50899,31820
50899,52669
50899,69392
50899,115731
50899,6559
50899,99161
50899,1958
50899,139718
50899,96753
50899,109810
50899,5420
50899,65987
50899,127898
50899,124845
50899,124751
50899,27853
50899,69730
50899,25069
50899,120586
50899,46678
50899,131346
50899,208
50899,8903
50899,66464
50899,43875
50899,88055
50899,11976
50899,128916
50900,45110
50900,1445
50900,95303
50900,28481
50900,127757
50900,5556
50900,49229
50901,76727
50901,64114
50901,67764
50901,16141
50901,81765
50901,67560
50901,69132
50901,123206
50901,13703
50901,67698
50901,32851
50901,139570
50901,28182
50901,128293
50901,50074
50901,47154
50901,62345
50901,100509
50901,101390
50901,56082
50901,74821
50901,106116
50901,50413
50901,99826
50901,131680
50901,101180
50901,11159
50901,26949
50901,8078
50901,44243
50901,27470
50901,83795
50901,47388
50901,27646
50902,128027
50902,52750
50902,15857
50902,14153
50902,32502
50902,24400
50902,95774
50903,80468
50903,40483
50903,108585
50903,119317
50903,82449
50903,12205
50903,16094
50903,54213
50903,38553
50904,21150
50904,140304
50904,28943
50904,115562
50904,88988
50904,48512
50904,2899
50904,114177
50904,101451
50904,88023
50904,25223
50904,105565
50904,68658
50904,58015
50904,90665
50904,51653
50904,31381
50904,90509
50904,100473
50904,88307
50904,45412
50904,12976
50904,85323
50904,18566
50904,52463
50904,136707
50904,78171
50904,55158
50904,50151
50904,28070
50904,17039
50905,23097
50905,33934
50905,51199
50905,35251
50905,8001
50905,44779
50905,49498
50905,41034
50905,125647
50905,97726
50905,26451
50905,16060
50905,61820
50905,48625
50905,33332
50905,128564
50905,64449
50905,37849
50905,117844
50905,106019
50905,43213
50905,120593
50905,60548
50905,136248
50905,106016
50905,44442
50905,90880
50905,51415
50905,97878
50905,130926
50905,816
50905,88177
50905,124575
50905,111635
50908,79955
50908,101108
50908,121837
50908,103821
50908,105609
50908,133427
50908,39280
50908,55910
50908,9923
50908,102000
50908,122045
50911,77482
50911,76617
50911,6214
50911,15181
50911,72813
50911,18970
50911,136536
50911,33035
50911,127949
50911,18156
50911,9401
50911,130634
50911,133389
50911,35338
50911,131053
50911,27641
50911,22664
50911,103874
50911,83407
50911,72857
50911,27312
50911,139830
50911,120901
50911,19074
50911,69434
50911,94354
50911,114366
50911,60758
50911,79231
50911,106874
50911,53867
50911,47087
50912,88253
50912,43729
50912,100918
50912,130940
50912,130077
50912,42184
50912,46906
50912,118227
50912,18442
50912,45253
50912,130667
50912,34506
50912,37863
50912,128723
50912,120120
50912,110840
50912,126356
50912,76010
50912,26506
50912,27109
50912,108124
50912,54484
50912,30018
50912,125421
50912,82791
50912,108598
50912,982
50912,126574
50912,10153
50912,93108
50913,2358
50913,112769
50913,72979
50913,9051
50913,64389
50913,18350
50913,111924
50913,69208
50913,4442
50913,137580
50913,7965
50913,10176
50913,69601
50913,126986
50913,117537
50913,8774
50913,86458
50913,85256
50913,64808
50913,13766
50913,65840
50913,14652
50913,17511
50913,49082
50913,124581
50913,87129
50913,32052
50913,98194
50913,49812
50913,128383
50913,41592
50913,69409
50913,33071
50915,105264
50915,80417
50915,94173
50915,113236
50915,14716
50915,669
50915,2250
50915,100857
50915,131787
50919,108230
50919,101445
50919,33217
50919,53367
50919,6680
50919,11609
50919,16391
50919,16882
50919,88771
50919,139343
50919,3277
50919,128188
50919,23541
50919,23682
50919,136257
50920,97269
50920,118903
50920,126749
50920,60139
50920,108095
50920,60624
50920,15875
50920,127171
50920,117598
50920,108602
50920,56311
50920,52458
50920,15328
50920,135604
50920,21774
50920,102659
50920,108359
50921,1473
50921,10844
50921,75238
50921,108552
50921,94054
50921,60510
50921,23759
50921,60861
50921,128495
50921,6969
50921,44223
50921,23372
50921,16764
50921,32424
50921,126675
50921,53672
50921,68960
50921,94452
50921,13358
50921,135212
50921,81480
50921,93813
50921,126761
50921,38193
50921,12643
50921,23875
50921,22057
50921,40817
50921,92107
50921,96595
50921,62269
50923,106230
50923,86989
50923,7377
50923,48004
50923,3775
50923,87490
50923,87154
50923,106421
50923,90920
50923,113402
50923,2906
50923,70624
50923,124778
50923,120248
50923,123584
50923,63604
50923,38758
50923,87256
50923,93594
50923,57125
50923,28517
50923,29230
50923,128155
50923,101982
50923,7895
50923,128834
50923,80579
50923,14024
50923,38262
50923,34852
50923,134288
50923,38064
50923,35010
50923,19150
50924,42928
50924,69822
50924,67728
50924,133212
50924,11496
50924,84306
50924,52375
50924,45462
50924,32701
50924,9003
50924,44372
50924,104112
50924,84766
50924,133878
50924,87474
50924,51261
50924,78976
50924,110504
50924,3273
50924,104096
50924,106268
50924,44045
50924,82754
50924,27695
50924,21522
50924,88614
50924,102774
50924,56868
50924,46718
50924,28746
50924,22304
50926,92300
50926,13389
50926,122140
50926,57103
50926,14778
50926,2885
50926,54591
50926,124733
50926,46204
50927,8066
50927,84578
50927,66073
50927,110614
50927,113715
50927,59999
50927,94141
50927,53897
50927,135058
50927,6693
50927,106102
50927,89590
50927,4553
50927,16346
50927,7882
50927,116456
50927,64162
50927,59446
50927,40349
50927,120311
50927,53142
50927,34045
50927,11248
50927,62901
50929,135291
50929,66089
50929,22389
50929,120602
50929,55765
50929,41764
50929,71579
50929,136651
50929,49114
50929,78311
50929,100701
50929,81985
50929,125201
50929,73599
50929,91967
50929,123694
50929,30059
50929,131964
50929,66488
50929,79980
50929,81446
50929,73297
50929,56965
50929,94384
50929,51227
50929,67269
50929,127878
50929,32737
50929,62697
50929,101428
50929,123893
50930,97533
50930,27512
50930,87670
50930,2548
50930,85655
50930,69272
50930,56446
50930,21218
50930,46727
50930,9125
50930,71618
50930,22354
50930,8367
50930,1461
50930,2131
50930,19913
50930,98079
50930,108212
50930,46460
50930,35988
50930,26320
50930,11328
50930,10726
50930,118168
50930,70910
50930,39745
50930,103877
50930,56037
50930,73255
50930,95623
50930,16434
50930,132235
50930,10541
50931,124166
50931,419
50931,53547
50931,19743
50931,31359
50931,125053
50931,24021
50931,65100
50931,98457
50931,67376
50931,95369
50931,137514
50931,98106
50931,84526
50931,119127
50931,136880
50931,1535
50931,81465
50931,91687
50931,39748
50931,131344
50931,103353
50931,18635
50931,37093
50931,4256
50931,74298
50931,115213
50931,79068
50931,56064
50931,99430
50931,67569
50931,62168
50934,65218
50934,57196
50934,8085
50934,58163
50934,63494
50934,106764
50934,59782
50934,108827
50934,39004
50935,51849
50935,138559
50935,116032
50935,60832
50935,71504
50935,80230
50935,65418
50935,119412
50935,62301
50935,87760
50935,42087
50935,40083
50935,96371
50935,96329
50935,19538
50935,97625
50935,125042
50935,139809
50935,537
50935,39673
50935,65642
50935,116308
50935,82343
50935,21398
50935,114250
50935,61330
50935,86912
50935,26127
50935,70273
50935,15768
50935,112261
50935,76130
50935,11683
50935,121156
50936,45378
50936,71412
50936,91189
50936,99836
50936,105801
50936,20215
50936,3148
50936,132377
50936,139411
50936,47968
50936,21189
50936,117415
50936,352
50936,139247
50936,62627
50936,102389
50936,82155
50936,7499
50936,75362
50936,68662
50936,114611
50936,53281
50936,120559
50937,41242
50937,103247
50937,83378
50937,23736
50937,17461
50937,60912
50937,59064
50937,86917
50937,66811
50937,115841
50937,91785
50937,87546
50937,128082
50937,12659
50937,38624
50937,82496
50937,63090
50937,4592
50937,50125
50937,35476
50937,36481
50937,136017
50937,77597
50937,42388
50937,26077
50937,126266
50937,53677
50939,80082
50939,125264
50939,109890
50939,84054
50939,18236
50939,90547
50939,102313
50939,37825
50939,38010
50943,136416
50943,63286
50943,140554
50943,30084
50943,31414
50943,103839
50943,64952
50943,138481
50943,66033
50943,139382
50943,36458
50943,26938
50943,135627
50943,12918
50943,19932
50943,40594
50943,89461
50943,113200
50943,20960
50943,121557
50943,41889
50943,82383
50943,32727
50943,95768
50943,33816
50943,50401
50943,30061
50943,117313
50943,57237
50943,139938
50943,12365
50944,128594
50944,96086
50944,26731
50944,83607
50944,76821
50944,50107
50944,138046
50944,19233
50944,16024
50944,51625
50944,140229
50944,44231
50944,122329
50944,64827
50944,78727
50944,93462
50944,37837
50944,123531
50944,94930
50944,21198
50944,79183
50944,97500
50944,46726
50944,21108
50944,6184
50944,86177
50944,90942
50944,71672
50944,136631
50944,106618
50944,114663
50944,107721
50946,6633
50946,139984
50946,106594
50946,84507
50946,114623
50946,111075
50948,36811
50948,84815
50948,129867
50948,84216
50948,100738
50948,68047
50948,122158
50948,21120
50948,106104
50948,105401
50948,115152
50948,72188
50948,58292
50948,124038
50948,82568
50948,137886
50948,136542
50948,73832
50948,6513
50949,57016
50949,95900
50949,136493
50949,91449
50949,34070
50949,5835
50949,98414
50949,3757
50949,106986
50949,1943
50949,43653
50949,132832
50949,35503
50949,5989
50949,118629
50949,126900
50949,101430
50949,46714
50950,9624
50950,54937
50950,99484
50950,138112
50950,72090
50950,74045
50950,22883
50950,24452
50950,50162
50950,128085
50950,24194
50950,5543
50950,34263
50950,95031
50950,3180
50950,22393
50950,28181
50950,110165
50950,94822
50950,35235
50950,31940
50950,73666
50950,63894
50950,123675
50950,94729
50950,82231
50950,134992
50950,139162
50951,128644
50951,77429
50951,104053
50951,4345
50951,22216
50951,129124
50951,10750
50951,1877
50951,101183
50951,32004
50951,68140
50951,43810
50951,140315
50951,54439
50951,56850
50951,75210
50951,46371
50951,14288
50951,105599
50951,126688
50951,56466
50951,106609
50951,95991
50951,93161
50951,139582
50951,139192
50951,481
50951,80982
50951,115185
50951,7673
50951,97009
50953,97789
50953,13323
50953,53979
50953,93074
50953,54680
50953,36459
50953,133631
50953,20298
50953,81963
50953,80045
50953,7793
50953,14943
50954,133509
50954,24513
50954,127094
50954,96974
50954,31135
50954,85555
50954,48233
50954,109868
50954,7898
50954,107090
50954,30487
50954,20937
50954,131894
50954,104493
50954,94897
50954,55059
50954,48898
50954,44421
50954,33130
50954,25887
50954,88908
50954,66877
50954,58240
50954,121965
50954,53304
50954,65910
50954,55121
50954,51465
50954,79731
50954,74110
50954,11885
50954,130725
50954,110830
50955,37489
50955,85097
50955,65909
50955,62533
50955,121248
50955,33216
50955,77036
50955,93880
50955,50969
50955,113182
50955,101358
50955,60434
50955,96876
50955,17743
50955,47687
50956,24946
50956,55321
50956,92344
50956,135097
50956,98991
50956,103351
50956,52842
50956,26526
50956,36596
50956,123276
50957,134188
50957,85601
50957,59780
50957,74514
50957,103658
50957,87015
50957,92705
50957,68795
50957,93033
50957,65019
50957,78190
50957,100149
50957,129396
50957,78613
50957,101134
50957,139876
50957,50417
50957,20531
50957,71069
50957,86602
50957,93055
50957,10855
50957,137701
50957,24847
50957,94663
50957,94082
50957,10151
50957,138069
50959,86237
50959,101410
50959,111393
50959,35705
50959,140742
50959,18580
50959,94904
50959,36581
50959,73433
50959,94886
50959,8988
50959,94192
50959,51274
50959,108792
50959,49712
50959,13320
50959,55320
50959,101079
50959,10992
50959,98544
50959,24056
50959,46102
50959,18439
50960,117055
50960,139501
50960,2115
50960,28446
50960,113700
50960,100241
50960,73801
50960,137556
50960,65399
50960,122120
50960,58959
50960,76910
50960,58721
50960,117253
50960,4796
50960,34778
50960,133572
50960,110619
50961,49623
50961,119314
50961,46101
50961,39004
50961,22290
50961,40445
50961,63494
50961,10194
50961,93239
50961,37107
50961,11974
50961,114892
50961,105032
50961,63031
50961,23869
50961,31938
50961,10056
50961,108351
50961,42953
50961,137451
50961,51713
50961,108795
50961,101003
50961,88626
50961,105146
50961,138406
50961,27937
50961,107772
50961,35088
50961,55076
50961,10794
50961,25507
50964,137200
50964,95949
50964,24880
50964,62561
50964,4916
50964,85740
50964,77877
50964,41311
50964,13772
50964,38576
50964,106271
50964,70798
50964,104749
50964,121167
50964,129141
50964,1897
50964,79799
50964,11352
50964,81936
50964,53498
50964,64065
50964,109492
50964,133127
50964,102344
50964,60788
50964,89811
50964,33559
50964,110861
50964,73302
50964,92036
50964,105447
50964,129780
50966,94526
50966,93635
50966,543
50966,22797
50966,104063
50966,88326
50966,77958
50966,58133
50966,45119
50966,138078
50966,27604
50966,2535
50966,20161
50966,19225
50966,125469
50966,63629
50966,57867
50966,59358
50966,46413
50966,23300
50966,1499
50966,19298
50966,112712
50966,74633
50966,10159
50966,5940
50966,21295
50969,30944
50969,46821
50969,48683
50969,66619
50969,104739
50969,83588
50969,35597
50969,97233
50969,76680
50969,22280
50970,110035
50970,125561
50970,131633
50970,7908
50970,85387
50970,39116
50970,94448
50970,127859
50970,40784
50970,42684
50970,11418
50970,3841
50970,25402
50970,38996
50970,77372
50970,88706
50970,89511
50970,99048
50970,26825
50970,11840
50970,44837
50970,35090
50970,44836
50970,83499
50970,14324
50971,55314
50971,113297
50971,38260
50971,80275
50971,24806
50971,81498
50971,54064
50971,46971
50971,119957
50971,14391
50971,2476
50971,6011
50971,43838
50971,90319
50971,131077
50971,130587
50971,28206
50971,46743
50971,11981
50971,34947
50971,12449
50971,27213
50971,813
50971,111211
50971,24645
50971,86400
50971,75309
50971,128364
50971,63800
50971,44719
50971,111913
50971,34065
50971,109470
50972,119968
50972,111942
50972,74001
50972,51008
50972,57060
50972,91510
50972,138383
50972,93259
50972,66796
50972,41621
50972,28148
50972,87177
50972,76564
50972,120936
50972,140512
50972,108243
50972,80810
50972,9432
50973,27534
50973,120604
50973,82384
50973,58348
50973,88211
50973,113242
50973,34569
50973,49216
50973,136857
50973,28031
50973,5571
50973,10735
50973,84958
50973,139376
50974,35942
50974,77848
50974,96701
50974,135475
50974,126930
50974,127076
50974,22563
50974,135950
50974,96565
50974,26298
50974,68131
50974,94707
50974,136716
50974,46202
50974,41165
50974,9231
50974,50423
50974,671
50974,7480
50974,19553
50974,61229
50974,80297
50974,81372
50974,33249
50974,97138
50974,40819
50974,10664
50974,32997
50974,85350
50974,81784
50974,13198
50974,94599
50974,100334
50976,29877
50976,7676
50976,16462
50976,132511
50976,94836
50976,2730
50976,93168
50976,120386
50976,67804
50976,103149
50976,2924
50976,88186
50976,1957
50976,9516
50976,41255
50977,59198
50977,95721
50977,128923
50977,83244
50977,23457
50977,134061
50977,15652
50977,5552
50977,87506
50977,2752
50977,5269
50977,102493
50977,52205
50977,73049
50977,90152
50977,131718
50977,132888
50977,22221
50977,20494
50977,18781
50977,23433
50977,90317
50977,128606
50977,69630
50977,32021
50977,64849
50977,136932
50977,133849
50977,25589
50977,15653
50977,31199
50977,84083
50977,119971
50979,17226
50979,44185
50979,68488
50979,10409
50979,75314
50979,107992
50980,139894
50980,79968
50980,98091
50980,71907
50980,34319
50980,78476
50980,64599
50980,39122
50980,136775
50980,95187
50980,24794
50980,97565
50980,30023
50980,1563
50980,137262
50980,86428
50980,119252
50980,3423
50980,33291
50980,29329
50980,32653
50980,7926
50980,55571
50980,98726
50980,140766
50980,50450
50980,98018
50980,86189
50980,11150
50980,86597
50980,44335
50980,31548
50980,74782
50981,57384
50981,84839
50981,118455
50981,40184
50981,14401
50981,59192
50981,106220
50981,110519
50981,104632
50981,30663
50981,69512
50981,65299
50981,82810
50981,43064
50981,27256
50981,114194
50981,105434
50981,7385
50981,12361
50981,119309
50981,21366
50981,113173
50981,125482
50981,104889
50981,45848
50981,35868
50981,35157
50982,140652
50982,46915
50982,39298
50982,14186
50982,97973
50982,3929
50982,75942
50982,8912
50982,14968
50982,29917
50982,60671
50982,18525
50982,61033
50982,71521
50982,7459
50982,127612
50982,58089
50982,109879
50982,59709
50982,88601
50982,102497
50982,98249
50982,42726
50982,113676
50982,121561
50982,81412
50982,128531
50982,73520
50982,63431
50982,92741
50982,15610
50982,125427
50985,12493
50985,130016
50985,76045
50985,115005
50985,6666
50985,37030
50987,20013
50987,109346
50987,73699
50987,34221
50987,96808
50987,84296
50987,80396
50987,88902
50987,28132
50987,23777
50987,16337
50987,11359
50987,40475
50987,99062
50987,40165
50987,19836
50987,134724
50987,65456
50987,59973
50987,32519
50987,69683
50987,20144
50987,135429
50987,56913
50987,54507
50987,135476
50987,106169
50987,123583
50987,59206
50988,71181
50988,89359
50988,112574
50988,30878
50988,110998
50988,110738
50988,34552
50988,14536
50988,89360
50988,30338
50988,38800
50988,66770
50988,101588
50988,16824
50988,91172
50988,46917
50988,74447
50988,88888
50988,130428
50988,39164
50988,123558
50988,30752
50988,98159
50988,139530
50988,58475
50988,64372
50988,1546
50988,128841
50988,113108
50988,54940
50990,63470
50990,46415
50990,22163
50990,112435
50990,113208
50990,115943
50990,3776
50990,131066
50990,122752
50990,124497
50990,44530
50990,120519
50990,45650
50990,20863
50990,79875
50990,51514
50990,109651
50990,53279
50990,61545
50990,92995
50990,41832
50990,38130
50990,29079
50990,32073
50990,31437
50990,19974
50990,56603
50990,54445
50990,82699
50990,15990
50990,2770
50990,35749
50990,42389
50990,76814
50993,4778
50993,98447
50993,25686
50993,63794
50993,58631
50993,92758
50993,39122
50993,101830
50993,64599
50993,102588
50993,105959
50993,120379
50993,106523
50993,22233
50993,102528
50993,3709
50993,133582
50993,57086
50993,19532
50993,62505
50993,84714
50993,87939
50993,123205
50993,123275
50993,23247
50993,98018
50993,43681
50993,108906
50993,109544
50993,129571
50993,89772
50993,129820
50993,5185
50993,93006
50994,114559
50994,66102
50994,124566
50994,47961
50994,48665
50994,97724
50994,19166
50994,60785
50994,109781
50994,81884
50994,64603
50994,127310
50994,104871
50994,100924
50996,117217
50996,55123
50996,24643
50996,63930
50996,19344
50996,72957
50996,88340
50996,46771
50996,4763
50996,102241
50996,31109
50996,73765
50996,2604
50996,92746
50996,43796
50996,60640
50996,112109
50996,68167
50996,38429
50996,26632
50996,11170
50996,118477
50996,80036
50996,126705
50996,80120
50996,134009
50996,41352
50996,1406
50996,8760
50996,119389
50996,57779
50996,131889
50996,110162
50997,30878
50997,23268
50997,61529
50997,41278
50997,71181
50997,15994
50997,126264
50997,3213
50997,7880
50997,76379
50997,84032
50997,23212
50997,105408
50997,1230
50997,80475
50997,38538
50997,111170
50997,74754
50997,53494
50997,70606
50997,135499
50997,60084
50997,64762
50997,78838
50997,77935
50997,38725
50997,10746
50997,7527
50997,105307
50997,10996
50997,121267
50997,138600
50998,42287
50998,106648
50998,118521
50998,23321
50998,118915
50998,8801
50998,84591
50998,134503
50998,73490
50998,53814
50998,131391
50998,66827
50998,99433
50998,74357
50998,66835
50998,98429
50998,26492
50998,21337
50998,48868
50998,91041
50998,117764
50998,7271
50998,86802
50998,76974
50998,114426
50998,38177
50998,100596
50998,36199
50998,34279
50998,46797
50998,138011
50998,40876
51000,56941
51000,52323
51000,132583
51000,133110
51000,112024
51000,10576
51000,11261
51000,66404
51000,120483
51000,55425
51000,59551
51000,10810
51003,106304
51003,80930
51003,33083
51003,6578
51003,45882
51003,80778
51003,54906
51003,9456
51003,55669
51003,103663
51003,98216
51003,34728
51003,8243
51003,2356
51003,132104
51003,125299
51003,92024
51003,81767
51003,125002
51003,45604
51003,90439
51003,66858
51003,15716
51003,21244
51003,90312
51003,43456
51003,62042
51003,67792
51003,130073
51003,131660
51003,100703
51003,110977
51003,82328
51004,10189
51004,118840
51004,118352
51004,26814
51004,84078
51004,60354
51004,83097
51004,118125
51004,130925
51004,136420
51004,109850
51004,91088
51004,23065
51004,63119
51004,264
51004,110254
51004,59214
51004,25933
51004,104239
51004,113320
51004,41804
51004,119494
51004,106293
51004,120974
51004,82600
51004,28776
51004,110270
51004,123064
51004,19660
51004,129153
51006,90146
51006,44630
51006,116468
51006,121883
51006,15327
51006,139717
51006,124421
51006,32514
51006,75327
51006,10027
51006,107830
51006,10022
51006,38903
51006,29946
51006,74184
51006,58776
51006,12050
51006,106061
51006,101612
51007,80946
51007,72400
51007,3351
51007,37729
51007,34298
51007,80701
51007,24492
51007,59011
51007,98674
51007,110023
51007,2488
51007,116652
51007,30376
51007,123832
51007,40564
51007,24816
51007,120500
51007,52790
51010,98785
51010,53599
51010,84533
51010,35407
51010,35006
51010,60774
51010,136683
51010,139256
51010,3310
51010,37408
51010,95788
51010,24430
51010,128455
51011,63132
51011,33233
51011,3599
51011,37823
51011,66541
51011,57428
51011,64336
51013,116199
51013,136607
51013,114897
51013,139682
51013,20520
51013,7983
51013,3631
51013,45521
51013,23613
51013,61664
51013,115936
51013,107912
51013,116303
51013,4399
51013,124331
51013,40039
51013,20210
51013,116615
51013,107763
51013,12342
51013,56110
51013,130408
51013,127850
51013,80867
51013,107670
51013,97976
51013,57870
51013,14190
51013,5407
51013,122215
51013,57633
51013,48105
51014,84240
51014,55293
51014,129823
51014,33693
51014,41532
51014,49788
51014,98013
51014,100608
51014,122375
51014,3365
51014,86595
51014,58260
51014,72376
51014,87316
51014,4215
51014,56217
51014,127621
51014,46949
51015,74591
51015,91893
51015,43973
51015,12207
51015,20804
51015,122815
51015,134452
51015,12389
51015,137011
51015,57990
51015,14226
51015,44728
51015,120990
51015,65886
51015,32673
51015,87773
51015,58417
51015,129730
51015,31640
51015,120203
51015,34371
51015,12892
51015,11411
51015,89464
51015,63984
51015,48265
51015,131731
51015,62719
51015,44022
51015,95240
51016,42087
51016,96371
51016,60832
51016,65418
51016,51849
51016,138559
51016,62301
51016,71504
51016,116032
51016,40083
51016,80230
51016,19538
51016,116308
51016,129983
51016,36580
51016,128866
51016,537
51016,125042
51016,21398
51016,120352
51016,22019
51016,70273
51016,87760
51016,114250
51016,65642
51016,96329
51016,39673
51016,76130
51016,121156
51016,86912
51016,11683
51016,77004
51016,3456
51017,26499
51017,36275
51017,125988
51017,68839
51017,116848
51017,54827
51017,86122
51017,87798
51017,134231
51017,116486
51017,13290
51017,133665
51017,137041
51017,139275
51017,98933
51017,117408
51017,135525
51017,83884
51017,65133
51017,64197
51017,62073
51017,82690
51017,92550
51017,14071
51017,11557
51018,104594
51018,2442
51018,86964
51018,77250
51018,129266
51018,88762
51018,24207
51018,30520
51018,42714
51018,11328
51018,2282
51018,74390
51018,46990
51018,28235
51018,76290
51018,39745
51018,22354
51018,73255
51018,16247
51018,11358
51018,79893
51018,89247
51018,123830
51018,24294
51018,100378
51018,464
51019,23701
51019,89050
51019,87892
51019,56617
51019,83853
51019,90655
51019,70121
51019,44215
51019,46572
51019,59991
51019,24237
51019,86360
51019,116412
51019,100421
51019,3746
51019,133452
51019,48592
51019,123693
51019,38744
51019,10369
51019,85111
51019,24047
51019,117435
51019,27931
51019,10038
51020,69154
51020,70078
51020,101627
51020,21419
51020,84032
51020,111780
51020,106262
51020,58037
51020,32700
51020,18727
51020,71376
51020,16824
51020,23212
51020,61203
51020,99251
51020,36822
51020,104853
51020,57584
51020,7051
51020,91172
51020,38926
51020,59063
51020,2087
51020,70329
51020,128841
51020,67017
51020,53665
51020,48010
51020,64569
51020,69261
51020,16649
51023,116032
51023,51849
51023,138559
51023,62301
51023,96371
51023,42087
51023,114250
51023,36580
51023,71504
51023,80230
51023,65418
51023,119412
51023,87760
51023,70273
51023,40083
51023,121156
51023,125042
51023,65642
51023,39673
51023,116308
51023,129983
51023,82343
51023,77004
51023,86912
51023,42047
51023,5651
51023,76130
51023,96039
51023,26127
51023,3456
51023,19472
51023,53387
51024,90019
51024,1146
51024,68473
51024,27310
51024,90889
51024,10596
51024,104200
51024,7484
51024,135266
51024,16968
51024,133806
51024,96927
51024,130510
51024,114509
51024,105109
51024,28692
51024,57133
51024,112514
51026,75059
51026,135227
51026,60062
51026,83711
51026,23814
51026,74397
51026,89550
51026,116150
51026,76312
51026,9210
51026,129895
51026,12000
51026,139012
51026,122705
51026,15786
51027,56255
51027,5853
51027,42101
51027,10538
51027,81089
51027,59131
51027,38917
51027,55230
51027,48985
51027,87490
51027,112324
51027,75716
51027,119349
51027,48757
51027,28679
51027,37063
51027,1949
51027,123584
51027,41441
51027,19043
51027,121611
51027,99270
51027,60244
51027,97298
51027,14478
51027,111343
51027,20317
51027,13800
51027,39849
51027,24984
51027,128155
51027,139310
51027,92676
51027,133321
51028,27476
51028,121213
51028,599
51028,34609
51028,25439
51029,42659
51029,15790
51029,6591
51029,94000
51029,99017
51029,138981
51029,55614
51029,13940
51029,92430
51029,104864
51029,1690
51029,19940
51029,91606
51029,33301
51029,33542
51029,127015
51029,79986
51029,4464
51029,40134
51029,88202
51029,76639
51029,46843
51029,91040
51029,58810
51029,46961
51029,12546
51029,65750
51029,80873
51029,131984
51029,45599
51029,53730
51031,20951
51031,113901
51031,13387
51031,19556
51031,39148
51031,36558
51031,37337
51031,57554
51031,90120
51031,52231
51031,28065
51031,48281
51031,50195
51034,12994
51034,16711
51034,111272
51034,132616
51034,73933
51034,39682
51034,117352
51034,28313
51034,83925
51034,71464
51034,114006
51034,128473
51034,10368
51034,123684
51034,9480
51034,130673
51034,47525
51034,38303
51034,86560
51034,40750
51034,12001
51034,134178
51034,87789
51034,97671
51034,121167
51034,134907
51034,68255
51034,120634
51034,121290
51034,114593
51035,9207
51035,132782
51035,96092
51035,91856
51035,9135
51035,33776
51035,12614
51035,57891
51035,5654
51035,109695
51035,24638
51035,17507
51035,84069
51035,100002
51035,109668
51035,104847
51035,54929
51035,94187
51035,39541
51035,39147
51035,139888
51035,78420
51035,111554
51035,106696
51035,6291
51035,123578
51035,79209
51035,52970
51035,33100
51035,22779
51035,87990
51036,7659
51036,38375
51036,137056
51036,56138
51036,59111
51036,94709
51036,88535
51036,90928
51036,107271
51036,58078
51036,61010
51036,8952
51036,130781
51036,43445
51036,92758
51036,36861
51036,82016
51036,54690
51036,35829
51036,4778
51036,84714
51036,123205
51036,13676
51036,18208
51036,62505
51036,126729
51036,101850
51036,76404
51036,31812
51036,127083
51036,77219
51036,133582
51036,4219
51036,139080
51036,68171
51036,39764
51037,38937
51037,24406
51037,107428
51037,20197
51037,3893
51037,69276
51037,6971
51037,104188
51037,126050
51037,10805
51037,13323
51037,68819
51037,24644
51037,129727
51037,112359
51037,46256
51037,31084
51037,97789
51037,108752
51037,85922
51037,83328
51037,105334
51037,29738
51037,53979
51037,38228
51037,80045
51037,7793
51037,54680
51037,134004
51037,20298
51037,133631
51037,101313
51038,76667
51038,107530
51038,130023
51038,29967
51038,69161
51038,64490
51038,107365
51038,19862
51038,50261
51038,62299
51038,52162
51038,13052
51038,120945
51038,119987
51038,136211
51038,50874
51038,84871
51038,135973
51038,109158
51038,123042
51038,86903
51038,12708
51038,61947
51038,73164
51038,8468
51038,313
51038,98400
51038,23473
51038,37967
51038,48049
51038,2009
51038,83068
51039,111830
51039,67661
51039,101015
51039,9128
51039,57986
51039,27982
51039,15705
51040,16934
51040,42694
51040,93804
51040,24353
51040,118084
51040,30810
51040,88377
51040,94663
51040,99221
51040,15940
51040,8005
51040,93055
51040,53590
51040,69911
51040,87121
51040,68649
51040,96914
51040,123521
51040,135707
51040,986
51040,83080
51040,137640
51040,129260
51040,130089
51040,109727
51040,121408
51040,32576
51040,80311
51040,32068
51040,117626
51040,20838
51041,33793
51041,113826
51041,90688
51041,118646
51041,8632
51041,39242
51041,41843
51041,57161
51041,23198
51041,105467
51041,63325
51041,31772
51041,12442
51041,26929
51041,11129
51041,22523
51041,17928
51041,120678
51041,117852
51041,132926
51041,134753
51041,24742
51041,4162
51041,100343
51041,26040
51041,96905
51041,58712
51041,14903
51041,112188
51041,30270
51042,24666
51042,14812
51042,135422
51042,100522
51042,76231
51042,8475
51042,129765
51042,126896
51042,113561
51042,83937
51042,82725
51042,7521
51042,37861
51042,33898
51042,31976
51042,22888
51042,12752
51042,138927
51042,87026
51042,37782
51042,41445
51042,71557
51042,94346
51042,107943
51042,37320
51042,119755
51042,129657
51042,15923
51043,1497
51043,77360
51043,68487
51043,82927
51043,53494
51043,57790
51043,58051
51043,16649
51043,128615
51043,7880
51043,103187
51043,48671
51043,138600
51043,60084
51043,108564
51044,104397
51044,65672
51044,126728
51044,104851
51044,41377
51044,111451
51044,8754
51044,17322
51044,16659
51044,10205
51044,109953
51044,45216
51044,79356
51044,60860
51044,5388
51044,90084
51044,46737
51044,3064
51044,91528
51044,75560
51044,39140
51044,26974
51044,125307
51044,127367
51044,27973
51044,5083
51044,107915
51044,4133
51044,9718
51044,58727
51046,83080
51046,96914
51046,138758
51046,130089
51046,38107
51046,127257
51046,52276
51046,97256
51046,117124
51046,61731
51046,39110
51046,35304
51046,30133
51046,138000
51046,112666
51046,129338
51046,105212
51046,51322
51046,114302
51046,20838
51046,138592
51046,45277
51047,133133
51047,14955
51047,16148
51047,90283
51047,28576
51047,61891
51047,49497
51047,100223
51047,88740
51047,117218
51047,106177
51047,25161
51047,117933
51047,62704
51047,44600
51047,30335
51047,41992
51047,52569
51047,25731
51047,95080
51047,127101
51047,114742
51047,61745
51047,67127
51047,115604
51047,128614
51047,136192
51048,130850
51048,113582
51048,81217
51048,106582
51048,83438
51048,5131
51048,73184
51048,30562
51048,69022
51048,65855
51048,107116
51048,119588
51048,59395
51048,79033
51048,15607
51048,62510
51048,55399
51048,16627
51048,30422
51048,83953
51048,137576
51048,47308
51048,139281
51048,118395
51048,65520
51048,12228
51048,71054
51050,85555
51050,7898
51050,30487
51050,133509
51050,103982
51050,31135
51050,8917
51050,96974
51050,55865
51050,109868
51050,14960
51050,92090
51050,139000
51050,110258
51050,37790
51050,120238
51050,13934
51050,94261
51050,15608
51050,116852
51050,59056
51050,53904
51050,117430
51050,38981
51050,46320
51050,99025
51050,41438
51050,52515
51050,55059
51050,134671
51050,120274
51050,73379
51050,14411
51051,122532
51051,125760
51051,92148
51051,60251
51051,58440
51051,104855
51051,15810
51051,17376
51051,97475
51051,136510
51051,57449
51051,109261
51051,7452
51051,36797
51051,92192
51051,21589
51051,100100
51051,137559
51051,14019
51051,133256
51051,47305
51051,122292
51051,6130
51051,22733
51051,127106
51051,110887
51052,88967
51052,63104
51052,46805
51052,55671
51052,70084
51052,41536
51052,96
51052,81319
51052,92287
51052,26253
51052,49915
51052,139858
51052,20410
51053,82891
51053,116843
51053,19532
51053,57548
51053,83440
51053,34668
51053,72066
51053,134296
51053,21709
51053,19525
51053,14519
51053,133044
51053,101770
51053,111336
51053,2898
51053,50446
51053,97213
51053,117713
51053,15548
51053,109239
51053,92251
51053,9464
51053,26191
51053,42943
51053,132184
51053,137694
51053,24571
51053,139186
51053,105506
51053,19898
51053,45823
51053,28741
51053,41893
51056,90294
51056,33901
51056,92519
51056,85270
51056,96073
51056,105041
51056,18108
51056,2611
51056,72820
51056,51289
51056,134821
51056,4618
51056,46686
51056,82333
51057,135620
51057,14064
51057,87409
51057,55637
51057,5184
51058,28662
51058,20153
51058,121857
51058,45911
51058,55272
51058,135132
51058,83022
51058,48394
51058,69549
51058,5040
51058,69745
51058,26096
51058,11862
51058,128607
51058,91638
51058,61876
51058,55511
51058,122908
51058,30402
51058,5816
51058,461
51058,63497
51058,44313
51058,7062
51058,126172
51058,126466
51058,16382
51058,87294
51059,128927
51059,84407
51059,77286
51059,74428
51059,127369
51059,121761
51059,34791
51059,69535
51059,36763
51059,33428
51059,22935
51059,30414
51059,5902
51059,124771
51059,89564
51059,88613
51059,99087
51059,60000
51059,94383
51059,121775
51059,8206
51059,118210
51059,131951
51059,95703
51059,89643
51059,33353
51059,75260
51059,7056
51059,47442
51059,29740
51059,125976
51060,36320
51060,76214
51060,81449
51060,25908
51060,10145
51060,33023
51060,46134
51062,40600
51062,5299
51062,4013
51062,3884
51062,132976
51062,17690
51062,94952
51062,90822
51062,64836
51062,95015
51062,112916
51062,78783
51062,62807
51062,64338
51062,98892
51062,60027
51062,123169
51062,4595
51062,87478
51062,138159
51062,29504
51062,23290
51062,136580
51062,3215
51062,66946
51062,30102
51062,14660
51062,15848
51062,94870
51062,67246
51062,29930
51062,26221
51062,131686
51062,132388
51065,85877
51065,37818
51065,77089
51065,130381
51065,19341
51065,38124
51065,21018
51065,12633
51065,95346
51065,24545
51065,6973
51065,43535
51065,110767
51065,59537
51065,127201
51065,78669
51065,133397
51065,59642
51065,127791
51065,69169
51065,98917
51065,120307
51065,75382
51065,54004
51065,109066
51065,43163
51065,15207
51065,117294
51065,28940
51068,94241
51068,54739
51068,64017
51068,115994
51068,53443
51068,68038
51068,37339
51068,80067
51068,68372
51068,122468
51068,138973
51068,94850
51068,19965
51068,139974
51068,135946
51068,119002
51068,133846
51068,35556
51068,59204
51068,24654
51068,96517
51068,97430
51068,121614
51068,105745
51068,44213
51068,978
51068,4581
51068,54795
51068,67539
51068,50366
51068,69638
51071,50802
51071,83526
51071,117027
51071,45435
51071,50887
51071,89696
51071,3870
51071,74444
51071,60894
51071,84068
51071,9765
51071,4965
51072,65063
51072,46425
51072,130042
51072,59648
51072,11347
51072,87670
51072,90862
51072,91780
51072,92499
51072,51473
51072,77038
51072,32898
51072,83106
51072,52300
51072,74208
51072,66203
51072,94770
51072,57257
51072,11198
51072,64581
51072,100216
51072,110872
51072,80678
51072,4321
51072,22284
51072,131970
51072,103375
51072,47844
51072,121038
51072,46979
51072,54939
51073,40055
51073,106165
51073,129282
51073,110484
51073,101486
51073,39840
51073,134078
51073,89975
51074,139053
51074,139557
51074,13234
51074,63837
51074,111453
51074,34683
51074,81703
51074,72726
51074,135096
51074,13377
51074,29559
51074,6532
51074,67570
51074,86622
51074,118993
51074,43870
51074,132162
51074,109545
51074,8993
51074,81375
51074,61463
51074,28038
51074,99735
51074,62432
51074,76689
51074,99475
51074,97147
51074,85894
51074,33004
51074,112195
51074,23095
51074,91381
51074,113138
51074,9496
51075,22973
51075,113196
51075,133565
51075,107608
51075,14896
51075,40891
51075,11903
51075,7524
51075,36038
51075,89134
51075,55270
51075,90260
51075,113967
51075,138977
51075,44308
51075,9284
51075,44739
51075,134841
51075,28393
51075,48975
51075,74012
51075,2659
51075,105343
51075,16423
51075,63107
51075,52353
51075,34848
51075,72714
51075,31929
51075,135777
51076,131314
51076,139053
51076,63837
51076,111453
51076,34683
51076,81703
51076,139557
51076,104133
51076,23095
51076,6532
51076,72726
51076,67570
51076,78919
51076,60591
51076,29559
51076,108184
51076,8993
51076,43870
51076,132162
51076,109545
51076,63256
51076,135096
51076,13377
51076,76689
51076,28038
51076,99735
51076,99475
51076,33004
51076,61463
51076,62432
51076,91381
51076,112195
51076,81375
51076,113138
51077,33830
51077,135030
51077,111936
51077,96853
51077,94617
51077,43065
51077,10949
51077,112915
51077,116876
51077,54468
51077,33553
51077,118179
51077,66357
51077,88327
51077,38112
51077,84592
51077,125463
51077,33370
51077,128394
51077,107992
51077,111797
51077,89704
51077,47039
51077,81944
51077,124457
51077,65550
51077,43251
51077,2406
51077,7507
51077,81694
51077,39177
51077,73661
51079,55258
51079,70952
51079,13558
51079,123292
51079,47495
51079,3941
51079,47038
51079,14606
51079,19543
51079,24882
51079,65373
51079,66906
51079,50388
51079,26836
51079,116773
51079,75576
51081,90920
51081,48004
51081,121041
51081,70887
51081,63604
51081,7377
51081,61586
51081,77574
51081,49928
51081,41400
51081,120248
51081,57125
51081,38758
51081,107028
51081,123709
51081,73342
51081,56917
51081,40048
51081,62031
51081,80579
51081,113402
51081,140016
51081,21638
51081,35010
51081,69171
51081,74085
51081,78642
51081,59042
51081,25979
51081,1211
51081,28517
51081,72631
51081,7895
51081,22988
51082,53480
51082,123055
51082,87171
51082,81352
51082,47427
51082,35556
51082,66733
51082,114442
51082,104927
51082,136658
51082,69539
51082,50303
51082,116668
51082,13221
51082,109770
51082,49905
51082,78911
51082,23982
51082,43978
51082,27595
51082,22457
51082,126555
51082,2336
51082,48922
51082,138447
51082,128481
51082,119806
51083,80091
51083,47984
51083,49254
51083,53100
51083,79299
51083,73265
51083,120478
51083,10114
51083,96094
51083,24476
51083,20970
51083,20584
51083,114435
51083,57562
51083,60295
51083,41659
51083,91138
51083,73896
51083,49328
51083,55101
51084,45792
51084,81370
51084,1265
51084,52679
51084,70106
51084,23275
51084,66891
51084,62165
51084,101864
51084,43314
51084,140635
51084,101164
51084,28431
51084,21426
51084,72280
51084,61579
51084,84431
51084,118319
51084,53426
51084,89404
51084,81179
51084,97198
51084,90038
51084,130204
51084,49427
51084,27830
51084,95169
51084,67833
51084,60667
51084,79139
51085,7638
51085,57838
51085,19849
51085,4100
51085,127781
51085,101412
51085,21500
51085,11149
51085,29947
51085,920
51085,138535
51085,88174
51085,85654
51085,98011
51085,122741
51085,39987
51085,93657
51085,32054
51085,93269
51085,96212
51085,41313
51085,129910
51085,58582
51085,96958
51085,24154
51085,63601
51085,110717
51085,105347
51085,80563
51085,107651
51085,1285
51086,97083
51086,38184
51086,63193
51086,54400
51086,10191
51086,22846
51086,82106
51086,72811
51086,4036
51086,127544
51086,13469
51086,26857
51086,110680
51086,13549
51086,73859
51086,84071
51086,124570
51086,105692
51086,61995
51086,93442
51086,13501
51086,9977
51086,37962
51086,71793
51086,42729
51086,99929
51086,88152
51087,132978
51087,59320
51087,98784
51087,91116
51087,91185
51087,83537
51087,83461
51087,131463
51087,63094
51087,107069
51087,71568
51087,87494
51087,31547
51087,81388
51087,29789
51087,66762
51087,11243
51087,1990
51087,14947
51087,73675
51087,93727
51087,3054
51087,76804
51087,16526
51087,37677
51087,133942
51087,61744
51087,50725
51087,116049
51087,69923
51087,52391
51087,41914
51087,11671
51088,24406
51088,36484
51088,24644
51088,46256
51088,104188
51088,126050
51088,16823
51088,29738
51088,129727
51088,68819
51088,10805
51088,54680
51088,80045
51088,81963
51088,16424
51088,20197
51088,13323
51088,105334
51088,27405
51088,38228
51088,130618
51088,101313
51088,20298
51090,6033
51090,129305
51090,49826
51090,31380
51090,109251
51090,85970
51090,40505
51090,11104
51090,88691
51090,32747
51090,26643
51090,62023
51090,73637
51090,54365
51090,33337
51090,33172
51090,109800
51090,122682
51090,45736
51090,39313
51090,83858
51090,6798
51090,56076
51090,64465
51090,108352
51090,109106
51090,68496
51091,41278
51091,23268
51091,30878
51091,20592
51091,21155
51091,27293
51091,14536
51091,110940
51091,4472
51091,59546
51091,51155
51091,91172
51091,124224
51091,25075
51091,53691
51091,110205
51091,126382
51091,97151
51091,139388
51091,56060
51091,140734
51091,53204
51091,46279
51091,109772
51091,124242
51091,94751
51091,128556
51091,2087
51091,58051
51091,65804
51091,6623
51094,102191
51094,71933
51094,92075
51094,133084
51094,45651
51094,22695
51094,127395
51094,78091
51094,43052
51094,134918
51094,12273
51094,42030
51094,133795
51094,51419
51094,128358
51094,110244
51094,20790
51094,57914
51094,67652
51094,138344
51094,101579
51094,3995
51094,2078
51094,42559
51094,56226
51094,20166
51094,106093
51094,82163
51094,28252
51094,67725
51094,117039
51094,10306
51094,122853
51095,99726
51095,5355
51095,40335
51095,101111
51095,115941
51095,19438
51095,34807
51095,130141
51095,94203
51095,524
51095,131744
51095,81879
51095,120026
51095,29265
51095,118353
51095,140450
51095,92257
51095,71488
51095,135274
51095,43266
51095,139866
51095,83388
51096,125081
51096,107648
51096,95664
51096,111135
51096,108216
51096,119893
51096,26012
51096,80667
51096,123967
51096,48327
51097,113522
51097,34179
51097,29957
51097,133503
51097,110555
51097,1994
51097,15991
51097,42645
51097,77663
51097,41623
51097,122456
51097,109507
51097,105561
51097,75434
51097,70591
51097,61323
51097,36474
51097,17504
51097,40833
51097,112573
51097,101625
51097,102726
51097,2798
51097,31343
51097,57238
51097,1965
51097,106879
51097,108519
51097,27424
51097,6342
51097,2635
51097,28368
51097,69595
51100,27788
51100,9696
51100,96426
51100,119653
51100,118188
51100,49601
51101,26737
51101,96068
51101,17726
51101,12998
51101,39301
51101,60491
51101,114507
51101,97992
51101,7197
51101,16059
51101,106086
51101,133151
51101,52907
51101,99871
51101,98125
51101,116636
51102,94209
51102,91310
51102,6585
51102,61162
51102,94617
51102,32199
51104,42967
51104,14844
51104,85965
51104,27969
51104,19202
51104,105517
51104,130869
51104,132416
51104,121520
51104,94553
51104,125066
51104,9545
51104,130951
51104,78144
51104,70697
51104,1736
51104,41326
51104,94135
51104,12238
51104,36531
51104,76396
51104,68544
51104,90013
51104,86892
51104,3854
51104,71152
51104,16651
51104,133815
51104,75969
51104,130578
51104,135695
51104,72915
51104,60171
51104,54703
51108,123206
51108,64114
51108,69132
51108,100509
51108,32851
51108,81765
51108,76727
51108,128293
51108,5315
51108,67764
51108,16141
51108,50074
51108,47154
51108,101180
51108,8078
51108,101390
51108,47388
51108,134373
51108,11293
51108,74821
51108,80460
51108,106116
51108,140011
51108,50413
51108,45512
51108,11159
51108,83795
51108,99826
51108,27470
51108,27646
51109,124166
51109,419
51109,131901
51109,112568
51109,125053
51109,79068
51109,137514
51109,89951
51109,68002
51109,58136
51109,67376
51109,65100
51109,85065
51109,31359
51109,53547
51109,111940
51109,39748
51109,111508
51109,24021
51109,66506
51109,77465
51109,121421
51109,84526
51109,92403
51109,62168
51109,56064
51109,67569
51109,88553
51109,80251
51109,91084
51109,117751
51109,131344
51110,22776
51110,83845
51110,55071
51110,104691
51110,101148
51110,53330
51110,67448
51110,13917
51110,8427
51110,99229
51110,97204
51110,38531
51110,41257
51110,89903
51110,77821
51110,1074
51110,4214
51110,76854
51110,127548
51110,64463
51110,80226
51110,80514
51110,89520
51110,95925
51110,19788
51112,87720
51112,128546
51112,50931
51112,64001
51112,37614
51112,50518
51112,31301
51112,30165
51112,5874
51112,42982
51112,113688
51112,56818
51112,61565
51112,5648
51112,82260
51112,121743
51112,71666
51112,98552
51112,85782
51112,61458
51112,83650
51112,97262
51112,474
51112,128766
51112,35918
51112,3191
51112,119378
51112,33474
51112,11756
51112,126519
51112,76208
51116,2491
51116,90708
51116,96424
51116,30271
51116,42618
51116,112094
51116,70210
51117,32384
51117,38669
51117,137172
51117,57811
51117,125954
51117,37015
51117,73839
51117,43937
51117,50975
51117,90039
51117,122019
51117,53207
51117,62931
51117,72754
51117,43989
51117,28920
51117,21290
51117,132116
51117,58152
51117,139787
51117,86681
51117,80392
51117,87654
51117,89327
51117,21027
51117,135890
51117,24209
51117,14093
51117,34729
51117,53728
51117,77141
51117,36987
51118,96274
51118,136118
51118,24532
51118,93231
51118,104334
51118,39294
51118,47859
51118,54376
51118,36830
51118,133619
51118,55117
51118,4241
51118,35625
51118,34069
51118,89120
51118,35441
51118,15605
51118,20365
51118,125922
51118,60273
51118,137292
51118,23069
51118,46975
51118,3166
51118,85367
51118,116163
51118,18485
51118,104500
51118,55261
51118,58694
51118,96947
51118,35573
51119,61409
51119,13761
51119,104900
51119,134994
51119,41527
51119,70219
51119,95345
51119,27962
51119,3842
51119,98996
51119,102435
51119,83672
51119,36677
51119,28899
51119,46296
51119,53281
51119,114611
51119,532
51120,44798
51120,131362
51120,1934
51120,46333
51120,60013
51120,139156
51120,76445
51120,98846
51120,28867
51120,21815
51120,21065
51120,12721
51120,61917
51120,62105
51120,6456
51120,133257
51120,22082
51120,42356
51120,1885
51121,61317
51121,53149
51121,78842
51121,58647
51121,127906
51124,132592
51124,78419
51124,11462
51124,23198
51124,67954
51124,86989
51124,91607
51124,27600
51124,3500
51124,88616
51124,51087
51124,380
51124,44307
51124,39127
51124,8364
51124,19043
51124,69171
51124,97298
51124,118347
51124,32431
51124,44507
51124,127125
51124,101982
51124,128834
51124,78926
51124,13508
51124,92676
51124,71987
51124,121841
51127,117125
51127,61257
51127,91140
51127,92469
51127,138847
51127,17820
51127,126804
51127,134179
51127,81478
51127,118021
51127,139292
51127,83252
51127,110795
51127,116296
51127,38086
51127,79192
51127,133159
51127,101332
51127,25670
51127,106934
51127,70524
51127,14952
51127,25169
51127,4770
51127,58358
51127,91013
51127,106930
51127,128990
51127,53094
51127,22652
51127,35937
51128,75490
51128,21497
51128,80988
51128,55698
51128,102825
51128,80542
51128,53229
51128,63109
51128,104478
51128,123540
51128,115896
51128,31163
51128,113472
51128,658
51128,137996
51128,88434
51128,2086
51128,125369
51128,37682
51128,92173
51131,54788
51131,105002
51131,4806
51131,66354
51131,115508
51131,89859
51131,132547
51131,27666
51131,102704
51131,63329
51131,49150
51131,87402
51131,23733
51131,82599
51131,108869
51131,37785
51131,71525
51131,40023
51131,137645
51131,66221
51131,116444
51131,112381
51131,108103
51131,76491
51131,60120
51131,105826
51131,125237
51131,112877
51131,140207
51131,73483
51133,62467
51133,4094
51133,74357
51133,139084
51133,66255
51133,118915
51133,130961
51133,31204
51133,45419
51133,76893
51133,106648
51133,131391
51133,4531
51133,45787
51134,25431
51134,113901
51134,122131
51134,57554
51134,74541
51134,28014
51134,130867
51134,104399
51134,118342
51134,110329
51134,55607
51134,20522
51134,78991
51134,14099
51134,32559
51135,26006
51135,101586
51135,81199
51135,19823
51135,120763
51135,135407
51135,69364
51135,82630
51135,84469
51135,107404
51136,132487
51136,14843
51136,134941
51136,35562
51136,128332
51136,116136
51136,53109
51136,54439
51136,100379
51136,96745
51136,129090
51136,92252
51136,108186
51136,86297
51136,68140
51136,105181
51136,81469
51136,74491
51136,5663
51136,98104
51136,105599
51136,86528
51136,75210
51136,46371
51136,86126
51136,33468
51136,90958
51136,39159
51136,128540
51136,33920
51136,37223
51138,54048
51138,51111
51138,129990
51138,38001
51138,30443
51138,32202
51138,74428
51138,111960
51138,54630
51138,25423
51138,37056
51138,80898
51138,6452
51138,9619
51138,139007
51138,77518
51138,40198
51138,35844
51138,68498
51138,135706
51138,6870
51138,47233
51138,10346
51138,108279
51138,36314
51138,22031
51138,65825
51138,49627
51138,124771
51138,89566
51138,121499
51138,84457
51142,58641
51142,55409
51142,84690
51142,134598
51142,121896
51142,103665
51142,29212
51142,138845
51142,19366
51142,48900
51142,1751
51142,16592
51142,65535
51142,121462
51142,45667
51142,140396
51142,2369
51143,5282
51143,21733
51143,73948
51143,104276
51143,85708
51143,16962
51143,136919
51143,91889
51143,26311
51143,107478
51143,19345
51143,29341
51143,9248
51143,112506
51143,56358
51143,98441
51143,1731
51143,41342
51143,50098
51143,26268
51143,82910
51143,15636
51143,119894
51143,77650
51143,120261
51143,139909
51143,119466
51143,27610
51143,131253
51143,128954
51143,126819
51143,12948
51143,92
51146,44447
51146,82027
51146,8841
51146,8877
51146,86728
51146,66332
51146,112760
51146,130799
51146,31638
51146,110154
51146,98894
51146,11537
51146,31916
51146,116580
51146,86729
51146,36047
51146,106661
51146,11451
51146,139836
51146,114988
51146,73093
51146,117200
51146,110255
51146,126170
51146,103740
51146,37542
51146,129847
51146,107295
51146,101799
51146,55640
51147,103304
51147,130887
51147,78340
51147,76195
51147,23524
51147,6764
51147,505
51150,64104
51150,88854
51150,90182
51150,51505
51150,105253
51150,29680
51150,92440
51150,137367
51150,22886
51150,35469
51150,2374
51150,110750
51150,80400
51150,125425
51150,72118
51150,82858
51150,26712
51150,69845
51150,24157
51150,5605
51150,106848
51150,41602
51150,64798
51150,98560
51150,135974
51150,48535
51150,69558
51150,50454
51150,50214
51150,38332
51150,102408
51150,49945
51153,65503
51153,127748
51153,73484
51153,45500
51153,2421
51153,70194
51153,132177
51153,113714
51153,118284
51153,69346
51153,128574
51153,106475
51153,22464
51153,123318
51153,4911
51153,21886
51153,104688
51153,83114
51153,38805
51153,92373
51153,91405
51153,63736
51153,57713
51153,34023
51153,11857
51153,50444
51154,131608
51154,56330
51154,9987
51154,59154
51154,69107
51154,33083
51154,25168
51154,98998
51154,72057
51154,54906
51154,139764
51154,117742
51154,44737
51154,102144
51154,6271
51154,37733
51154,118366
51154,8243
51154,123948
51154,18107
51154,43997
51154,32788
51154,26357
51154,62030
51154,110977
51155,53191
51155,66084
51155,44850
51155,119997
51155,50389
51155,18766
51156,105408
51156,8161
51156,15994
51156,90730
51156,25476
51156,73173
51156,45080
51156,104625
51156,130807
51156,87936
51156,41278
51156,122621
51156,53494
51156,59105
51156,35817
51156,60277
51156,113069
51156,41712
51156,10996
51156,68491
51156,92663
51156,111368
51156,135499
51156,98736
51156,35264
51156,7880
51156,13603
51156,126665
51156,64762
51156,7527
51156,129228
51156,5002
51158,16545
51158,131614
51158,77226
51158,79176
51158,44649
51158,54883
51158,104539
51158,77550
51158,15856
51158,135019
51158,113421
51158,108487
51158,84799
51158,131940
51158,127864
51158,27014
51158,128486
51158,129205
51158,113297
51158,137744
51158,69993
51158,51955
51158,31963
51158,20499
51158,92561
51158,8672
51158,76579
51158,6492
51158,63039
51158,135373
51160,22576
51160,65702
51160,15569
51160,23807
51160,5520
51160,118967
51160,35820
51160,102772
51160,105569
51160,140709
51160,54761
51160,77378
51160,79230
51160,135066
51160,124141
51160,83007
51160,40025
51160,127683
51160,116428
51160,87142
51160,64957
51160,78335
51160,79001
51160,16970
51160,132805
51160,59773
51160,69224
51160,27508
51160,34677
51162,12097
51162,139675
51162,110592
51162,14336
51162,113051
51162,71380
51162,66013
51162,8894
51162,15715
51162,83874
51162,118456
51162,59587
51162,111546
51162,22162
51162,110728
51162,72733
51162,124277
51162,107776
51162,52908
51162,119094
51162,74801
51162,33074
51162,86298
51162,63678
51162,59730
51162,50720
51162,16827
51162,18730
51162,25095
51162,113143
51162,135188
51162,93036
51162,60811
51162,96470
51163,49985
51163,60628
51163,38084
51163,82164
51163,92446
51163,24436
51163,102349
51163,5135
51163,86078
51163,110061
51163,129668
51163,93460
51163,73234
51163,80284
51163,75978
51163,82175
51163,66809
51163,106824
51163,105993
51164,117793
51164,71556
51164,64517
51164,92965
51164,42292
51165,34066
51165,135551
51165,88226
51165,125423
51165,109793
51165,101743
51165,110302
51165,118800
51165,54705
51165,103635
51165,78866
51165,62131
51165,16826
51165,122749
51165,117129
51165,95292
51165,126465
51165,117744
51165,121785
51165,65704
51165,115168
51165,117990
51165,94188
51165,46569
51165,13317
51165,122668
51165,59858
51165,130029
51165,75637
51165,15634
51165,12183
51165,112806
51165,39355
51166,95509
51166,63621
51166,77389
51166,3262
51166,92516
51166,21592
51166,107497
51166,111672
51166,32877
51166,140235
51166,72858
51166,68139
51166,95218
51166,1124
51166,8690
51166,47313
51166,28801
51166,71399
51166,69070
51166,78698
51166,52065
51166,65049
51166,104244
51166,45771
51166,36865
51166,102545
51166,110771
51166,77313
51166,48312
51166,121124
51167,61060
51167,25614
51167,93640
51167,103313
51167,77283
51167,134528
51167,36791
51167,32943
51167,113971
51167,30820
51168,62990
51168,135846
51168,19850
51168,102481
51168,8998
51168,4881
51168,109820
51168,129185
51168,134972
51168,98301
51168,85439
51168,61860
51168,54175
51168,49673
51168,33515
51168,20851
51168,20699
51168,60135
51168,137268
51168,110883
51168,20252
51170,9537
51170,109033
51170,12800
51170,87693
51170,88303
51170,48457
51170,110918
51170,27795
51170,32038
51170,71059
51170,89113
51170,128860
51170,133358
51170,83383
51172,131697
51172,71469
51172,22596
51172,138922
51172,51782
51172,105392
51172,63066
51172,62600
51172,100683
51172,27458
51172,120694
51172,82620
51172,7763
51172,93981
51172,89826
51172,111920
51172,124730
51172,21386
51172,99027
51172,105179
51172,96600
51172,38928
51172,4962
51172,69530
51172,71991
51172,130461
51172,26087
51173,99129
51173,1448
51173,103744
51173,103984
51173,128943
51173,87623
51173,16337
51173,58948
51175,133433
51175,85582
51175,136639
51175,20282
51175,54095
51175,22971
51175,98773
51175,36055
51175,65184
51175,118215
51175,37950
51175,109010
51175,102237
51175,47775
51175,127383
51175,109260
51175,96434
51175,2907
51175,49850
51175,104828
51175,21415
51175,58988
51175,50326
51175,45741
51175,116572
51175,81719
51175,4786
51175,38876
51175,30913
51175,99931
51175,120709
51175,18399
51175,29800
51175,62226
51179,798
51179,108956
51179,36990
51179,133555
51179,18006
51179,127697
51179,93131
51179,105932
51179,67658
51179,95382
51179,52921
51179,14923
51179,16463
51179,122014
51179,22620
51179,53003
51179,125315
51179,63922
51180,125744
51180,81804
51180,130468
51180,101406
51180,100748
51180,139165
51180,103908
51180,15609
51180,99219
51180,100664
51180,80832
51180,13760
51180,114209
51180,5293
51180,8134
51180,67140
51180,30435
51180,24092
51180,106647
51180,82897
51180,54116
51180,14912
51180,62587
51180,99844
51180,72508
51180,53266
51180,18410
51180,90254
51180,109612
51180,7432
51180,128339
51182,34472
51182,73398
51182,101456
51182,123634
51182,104213
51182,65129
51182,104074
51182,130002
51184,109722
51184,72798
51184,53837
51184,3239
51184,10105
51184,32248
51184,20415
51184,23772
51184,36932
51184,65273
51184,72970
51184,29246
51184,6028
51184,95802
51184,135716
51184,22605
51184,119029
51184,137179
51184,72120
51184,107662
51184,63264
51184,128410
51184,136757
51184,34074
51184,138146
51184,120002
51184,61982
51184,138821
51184,135294
51184,133325
51184,111264
51185,111830
51185,67661
51185,65332
51185,27982
51185,9128
51185,101015
51185,9813
51185,101842
51185,30082
51185,5947
51185,41190
51185,104526
51185,57986
51185,10438
51185,132669
51185,40027
51185,30330
51185,41564
51185,15705
51187,1383
51187,14527
51187,41024
51187,15371
51187,17186
51187,44379
51187,108605
51187,60927
51187,81233
51187,35491
51187,66566
51187,104338
51187,10428
51187,19087
51187,6507
51187,17358
51187,63825
51187,121394
51187,112131
51187,60157
51187,4661
51187,126599
51187,14268
51188,45402
51188,6727
51188,29625
51188,32213
51188,94926
51188,5023
51188,88329
51188,50724
51188,24650
51188,51421
51188,86418
51188,67319
51188,39160
51188,126418
51188,45748
51188,28618
51188,58039
51188,118856
51188,23811
51188,84012
51188,39141
51188,106976
51188,442
51190,140657
51190,16635
51190,7477
51190,70303
51190,118480
51190,47653
51190,71161
51190,113867
51191,46043
51191,22911
51191,87024
51191,122646
51191,105267
51191,27872
51191,48878
51191,111679
51191,19613
51191,1041
51191,49094
51191,107623
51191,21496
51191,132693
51191,95266
51191,119573
51191,112001
51191,36015
51191,121772
51191,24081
51191,87759
51191,9410
51191,10490
51191,118535
51191,55643
51191,24907
51191,133728
51191,27206
51191,37887
51191,54470
51191,135450
51192,13725
51192,53629
51192,116662
51192,113716
51192,82786
51192,47688
51192,138542
51192,14289
51192,34523
51192,24943
51192,10000
51192,59026
51192,75453
51192,57136
51192,19952
51192,10836
51192,65999
51192,101768
51192,89554
51193,113644
51193,94927
51193,133445
51193,92176
51193,110879
51193,39381
51193,101010
51193,119256
51193,27867
51193,5105
51193,86359
51193,56679
51193,60928
51193,139756
51193,19323
51193,40715
51194,39647
51194,60009
51194,102730
51194,82562
51194,129160
51194,83462
51194,88976
51194,99386
51194,37947
51194,73751
51194,37877
51194,91263
51194,30896
51194,52999
51194,61005
51194,90556
51194,17578
51194,57803
51194,130328
51194,101324
51194,55328
51195,30453
51195,54432
51195,4298
51195,115350
51195,96399
51195,93118
51195,137336
51195,132828
51195,134405
51195,82624
51195,68780
51195,133085
51195,13554
51195,120306
51195,60111
51195,62398
51195,128769
51195,15329
51195,120365
51195,106404
51195,40736
51195,124046
51195,137819
51195,106731
51195,128051
51195,105814
51195,53073
51195,25453
51195,121416
51195,21705
51195,51371
51195,77338
51196,34214
51196,1230
51196,92137
51196,90730
51196,126657
51196,4875
51196,14536
51196,31643
51196,17633
51196,106262
51196,24685
51196,35817
51196,61529
51196,139366
51196,38750
51196,120497
51196,53494
51196,103176
51196,79026
51196,38291
51196,128615
51196,24559
51196,72492
51196,31169
51196,30950
51196,3858
51196,138600
51196,30593
51196,44923
51196,69261
51196,106819
51196,5002
51196,33977
51198,124730
51198,99027
51198,131697
51198,71469
51198,138482
51198,105179
51198,128612
51198,113775
51198,120694
51198,104766
51198,81752
51198,21742
51198,124016
51198,32741
51198,69885
51198,22596
51198,113697
51198,100683
51198,93981
51198,62600
51198,78752
51198,45544
51198,51782
51198,96031
51198,63066
51198,105392
51198,123216
51198,56950
51198,15566
51198,72905
51198,26011
51198,138922
51199,42369
51199,89441
51199,140098
51199,133003
51199,36087
51199,62257
51199,34047
51199,138037
51199,82676
51199,51556
51199,29007
51199,134971
51199,111045
51199,117394
51199,116984
51199,106763
51199,118167
51199,16712
51199,5327
51199,126700
51199,44672
51199,39149
51199,89690
51199,854
51199,87298
51199,137458
51199,89313
51199,52946
51199,114705
51199,45718
51199,129882
51200,124988
51200,138461
51200,27333
51200,63818
51200,72929
51200,122254
51200,39587
51200,109300
51200,77301
51200,548
51200,128181
51200,83815
51200,139168
51200,61095
51200,29803
51200,94416
51200,25794
51200,48510
51200,30827
51200,30494
51200,88397
51200,91062
51200,76353
51200,118464
51200,12563
51200,66281
51200,129420
51201,108152
51201,52283
51201,30880
51201,111905
51201,27952
51201,94446
51201,52204
51201,113504
51201,107698
51201,138555
51201,2312
51201,42127
51201,125641
51201,119669
51201,74022
51201,80863
51201,21231
51201,73138
51201,48556
51201,121896
51201,42723
51201,124538
51201,27221
51201,15439
51201,127979
51201,130341
51201,10681
51201,101135
51201,134459
51201,140396
51201,2369
51201,13398
51202,59175
51202,34222
51202,55718
51202,32240
51202,133797
51202,9665
51202,135774
51202,19826
51202,36651
51202,126301
51202,10044
51202,98336
51202,47846
51202,55949
51202,109846
51202,137721
51202,36822
51202,105688
51202,121991
51202,72672
51202,118348
51202,70960
51202,46734
51202,110815
51202,1267
51202,58865
51202,32787
51202,81549
51202,9507
51202,127403
51202,43881
51202,129228
51203,10194
51203,97816
51203,125337
51203,14576
51203,108795
51203,108111
51203,114892
51203,2641
51203,56665
51203,131255
51203,299
51203,134892
51203,125466
51207,4513
51207,117571
51207,121712
51207,126995
51207,46504
51207,46738
51207,7851
51207,83104
51207,32321
51207,75610
51207,73813
51207,135049
51208,58790
51208,134354
51208,32128
51208,19579
51208,22891
51208,56879
51208,32734
51208,29651
51208,23193
51208,89358
51208,6185
51209,26060
51209,61359
51209,10035
51209,125497
51209,59458
51209,70378
51209,60527
51209,111896
51209,45783
51209,104218
51209,140393
51209,66458
51209,66001
51211,50233
51211,54427
51211,866
51211,37301
51211,2378
51211,59119
51211,39324
51211,48077
51212,34037
51212,22392
51212,104
51212,46751
51212,60516
51212,132393
51212,96370
51212,33737
51212,26047
51212,125173
51212,79032
51212,135671
51212,14236
51212,90262
51212,76778
51212,5365
51212,68187
51212,127299
51212,81631
51212,125267
51212,11778
51212,109224
51212,68115
51212,137096
51212,26365
51212,66945
51212,102133
51212,31834
51214,133456
51214,139177
51214,92656
51214,25600
51214,128152
51214,39388
51214,68688
51214,90442
51214,115547
51214,120383
51214,69296
51214,123203
51214,21555
51214,8091
51214,83689
51214,134285
51214,58490
51214,3117
51214,57757
51214,128926
51214,26760
51214,69202
51214,139390
51214,119724
51214,37137
51214,67076
51214,90977
51214,140347
51214,99840
51214,39771
51214,29916
51216,110218
51216,58464
51216,76561
51216,715
51216,135544
51216,32410
51216,119784
51216,6718
51216,33802
51216,103922
51216,54077
51216,2959
51216,3394
51216,44736
51216,72955
51216,5792
51216,111649
51216,96029
51216,42181
51216,117971
51216,135439
51216,28805
51216,72121
51216,128317
51216,99722
51216,74283
51216,21362
51216,3279
51216,21946
51216,25857
51216,24242
51216,56012
51219,52018
51219,114919
51219,31655
51219,49554
51219,108104
51219,40274
51219,2869
51219,35219
51219,51821
51219,113921
51219,122691
51219,100581
51219,115401
51219,95770
51219,101155
51219,125320
51219,2495
51219,138986
51219,135372
51219,64564
51219,2705
51219,12654
51219,94128
51219,65696
51219,110335
51219,102218
51219,29063
51219,59808
51219,1344
51219,81019
51219,86794
51219,113785
51219,106746
51219,106899
51219,53169
51222,89006
51222,66095
51222,23984
51222,66890
51222,17795
51222,11331
51222,2196
51222,58295
51222,130413
51222,34740
51222,35054
51222,137364
51222,136312
51222,101782
51222,138687
51222,48420
51222,133520
51222,20679
51222,40467
51222,86036
51222,82886
51222,28503
51222,114872
51222,120499
51222,78834
51222,21770
51222,37287
51222,12008
51222,64897
51222,113627
51222,21213
51223,6202
51223,30949
51223,115954
51223,48555
51223,64020
51223,11991
51223,75125
51223,70058
51223,34196
51223,126013
51223,135565
51223,29559
51223,113107
51223,820
51223,132162
51223,136865
51223,90770
51223,119580
51223,58735
51223,16631
51223,6087
51223,64710
51223,72473
51223,14119
51223,63129
51223,81977
51223,65270
51223,114820
51223,51923
51223,100674
51223,108184
51223,42106
51223,43870
51223,63545
51223,35187
51223,67897
51224,79045
51224,33398
51224,50940
51224,93696
51224,30134
51224,107647
51224,138033
51225,68487
51225,77360
51225,1497
51225,53494
51225,82927
51225,48671
51225,33590
51225,138600
51225,7880
51225,128615
51225,16649
51225,108564
51225,60084
51227,138969
51227,74007
51227,46897
51227,70644
51227,119670
51227,83752
51227,78447
51227,134202
51227,111558
51227,136836
51227,133374
51227,14856
51227,113342
51227,110196
51227,115934
51227,107115
51227,21032
51227,54803
51227,3256
51227,81927
51227,86402
51227,67309
51227,62033
51227,79620
51227,12190
51227,23019
51228,122377
51228,50553
51228,62886
51228,35975
51228,37088
51228,44234
51228,81150
51228,134875
51228,32108
51228,95225
51228,72476
51228,26422
51228,2506
51228,57728
51228,130073
51228,9223
51228,115096
51228,58998
51228,28522
51228,53745
51228,107985
51228,21244
51228,92078
51228,114939
51228,38256
51228,99326
51230,44269
51230,68470
51230,2951
51230,30713
51230,131220
51230,111381
51230,73702
51230,140203
51230,57096
51230,113606
51230,32343
51230,74632
51230,60225
51230,139748
51230,123576
51230,55420
51230,46125
51230,129814
51231,128314
51231,95252
51231,81359
51231,63811
51231,59541
51231,124619
51231,125409
51231,100411
51231,83956
51231,134163
51231,85578
51231,79031
51231,61584
51231,55168
51231,2884
51231,74980
51231,93225
51231,117360
51231,70671
51231,125318
51233,133283
51233,7142
51233,136487
51233,62183
51233,104523
51233,87077
51233,132085
51233,54521
51233,114660
51233,136456
51233,53322
51233,2357
51233,33102
51233,125797
51233,63307
51233,38211
51233,39879
51234,56776
51234,53141
51234,139453
51234,72731
51234,88389
51234,79240
51234,126818
51234,119316
51234,44170
51234,5505
51234,36045
51234,122299
51234,23661
51234,121049
51234,47864
51234,52683
51234,36412
51234,47392
51234,64949
51234,71039
51234,90380
51234,110663
51234,5267
51234,125656
51234,16499
51234,15802
51234,125079
51234,66917
51234,51883
51234,131131
51234,25564
51234,361
51234,21198
51235,23636
51235,101543
51235,120403
51235,102466
51235,140533
51236,22051
51236,82144
51236,112281
51236,25536
51236,89626
51236,66505
51236,68488
51236,12865
51236,73661
51236,70030
51236,129711
51236,82246
51236,112915
51236,90647
51236,124197
51236,26739
51236,16190
51236,50692
51236,46079
51236,751
51236,49319
51236,133518
51236,52262
51236,28726
51236,67551
51236,78954
51236,64432
51236,48075
51236,44747
51236,14322
51236,13220
51236,109209
51237,110546
51237,51418
51237,16263
51237,118424
51237,137852
51237,64598
51237,62955
51237,99214
51237,80666
51237,115077
51237,55549
51237,7196
51237,53845
51237,65779
51237,123092
51237,66223
51237,135010
51240,105599
51240,75646
51240,107233
51240,43810
51240,140315
51240,82176
51240,26434
51240,115185
51240,105181
51240,93161
51240,139192
51240,92963
51240,100093
51240,35823
51240,129252
51240,97009
51242,33150
51242,54603
51242,21221
51242,52964
51242,103358
51242,105814
51242,3636
51242,132828
51242,81128
51242,2445
51242,135570
51242,39816
51242,51836
51242,72557
51242,99417
51242,19947
51242,98585
51242,83361
51242,66582
51242,65005
51242,92263
51242,119709
51242,1167
51242,140634
51242,104822
51242,131906
51242,91142
51242,128769
51242,133431
51242,120365
51242,106404
51242,106731
51242,128051
51242,137819
51242,21705
51244,65606
51244,46153
51244,66602
51244,22541
51244,59500
51244,124112
51244,35245
51244,20362
51244,68153
51244,103812
51244,16706
51244,16552
51244,80290
51244,90923
51244,7360
51244,111000
51244,49368
51244,4309
51244,73671
51244,89119
51245,79424
51245,127899
51245,92155
51245,79202
51245,62926
51246,121272
51246,27007
51246,65071
51246,103452
51246,112973
51246,84184
51246,8198
51247,65894
51247,100542
51247,6563
51247,36125
51247,93084
51247,21140
51247,86787
51247,126233
51247,94060
51247,25081
51247,91247
51247,38190
51247,90170
51247,83955
51247,139253
51247,60825
51247,35138
51247,8023
51247,23754
51247,24063
51247,50733
51247,129184
51247,28196
51247,107582
51247,7326
51247,66038
51247,125026
51247,78357
51247,41823
51247,60615
51247,81387
51247,107110
51247,122428
51247,73897
51248,87602
51248,99143
51248,32971
51248,94254
51248,53288
51248,133650
51248,108259
51248,88782
51248,95197
51248,34409
51248,122109
51248,2493
51248,126760
51248,43927
51248,6226
51248,993
51248,71042
51248,58512
51248,36421
51248,75111
51248,134829
51248,80939
51248,86771
51248,61875
51248,67591
51248,109588
51248,22929
51248,96997
51248,34183
51248,31051
51248,66931
51248,3847
51248,54002
51249,44238
51249,113743
51249,6294
51249,31406
51249,46299
51249,9654
51249,39038
51249,5909
51249,122698
51249,22254
51249,65127
51249,119464
51249,28251
51249,59008
51249,102008
51249,104039
51249,108189
51249,26382
51249,116311
51249,18345
51249,89172
51249,36240
51249,72642
51249,89570
51249,133855
51249,80268
51249,92279
51251,64017
51251,133846
51251,54739
51251,94241
51251,138290
51251,6400
51251,115994
51251,119002
51251,110915
51251,80067
51251,7127
51251,50366
51251,135946
51251,123055
51251,35556
51251,53443
51251,54795
51251,37339
51251,122468
51251,59204
51251,62868
51251,68372
51251,114201
51251,24654
51251,19965
51251,978
51251,15064
51251,83079
51251,7149
51251,63519
51251,42207
51251,32279
51251,10494
51255,118896
51255,11196
51255,22296
51255,38161
51255,33815
51255,65469
51255,48321
51255,8386
51255,73337
51255,60148
51255,39854
51255,24011
51255,15483
51255,80373
51255,130205
51255,86004
51255,12005
51255,110957
51255,104888
51255,130189
51256,112101
51256,112479
51256,10107
51256,52209
51256,22578
51256,137751
51256,34020
51256,139418
51256,32842
51256,113229
51256,21808
51256,121350
51256,77856
51256,92611
51256,106236
51256,5286
51256,134232
51256,132925
51256,115310
51256,23073
51256,69738
51256,69607
51256,126899
51256,139917
51256,126073
51256,55791
51256,63812
51256,57445
51256,130258
51256,108751
51256,121101
51257,32831
51257,6052
51257,36558
51257,90120
51257,92039
51257,4867
51257,6861
51257,84539
51257,65573
51257,42605
51257,59978
51257,41247
51257,41682
51257,104843
51257,64685
51257,34450
51257,136844
51257,49742
51257,117062
51257,104470
51257,115378
51257,27313
51257,74702
51257,26372
51257,37337
51257,9642
51257,18551
51257,120932
51257,71107
51257,128637
51257,93829
51257,96480
51258,43785
51258,90700
51258,70244
51258,93125
51258,33182
51258,93518
51258,87973
51258,98633
51258,127747
51258,46030
51258,108817
51258,86878
51258,122863
51258,58773
51258,53793
51258,129685
51258,59959
51258,102288
51258,107867
51258,110497
51258,89793
51258,82665
51258,20800
51258,56301
51258,67268
51258,69123
51258,22009
51258,40323
51258,753
51258,118582
51259,51531
51259,130165
51259,72170
51259,112461
51259,20493
51259,27959
51259,126905
51259,65295
51259,59701
51259,10809
51259,113966
51259,46386
51259,52554
51259,43713
51259,123002
51259,3063
51259,122773
51260,73848
51260,91336
51260,132611
51260,26448
51260,83259
51260,220
51260,98640
51260,90756
51260,12641
51260,27685
51260,70546
51260,55430
51260,11220
51260,81395
51260,23625
51260,132176
51260,3363
51260,46486
51260,122737
51260,79781
51260,125930
51260,123683
51260,116898
51260,121471
51260,77393
51260,51354
51260,120309
51260,50205
51260,124466
51260,6177
51260,24515
51260,28404
51260,56
51261,108768
51261,39841
51261,134444
51261,124875
51261,73343
51261,13543
51261,25996
51261,53739
51261,86963
51261,116979
51261,34718
51261,75384
51261,116392
51261,23857
51261,79226
51261,132251
51261,63445
51261,12290
51261,23323
51261,110454
51261,7151
51261,5675
51261,106881
51261,15007
51261,132314
51261,98422
51261,27544
51261,23431
51261,83809
51261,43039
51261,36740
51261,64145
51262,137301
51262,12197
51262,105534
51262,36289
51262,42906
51262,15491
51262,38164
51262,97038
51262,66327
51262,90386
51262,79318
51262,96270
51262,924
51262,1696
51262,75781
51262,111752
51262,124937
51262,29677
51262,116927
51262,23723
51262,43025
51262,15911
51262,131958
51262,61639
51262,45211
51263,21766
51263,58742
51263,3979
51263,22175
51263,44014
51263,64800
51263,107781
51263,33075
51263,22419
51263,76204
51263,26183
51263,53382
51263,46600
51263,2530
51263,29351
51263,42716
51263,56144
51263,108553
51263,86718
51263,26442
51263,23866
51263,125381
51263,116139
51263,4840
51263,136454
51263,20786
51263,115596
51263,46431
51263,105142
51263,88339
51263,77748
51263,68660
51264,65418
51264,138559
51264,40083
51264,96371
51264,51849
51264,80230
51264,62301
51264,116308
51264,129983
51264,36580
51264,71504
51264,42047
51264,87760
51264,42087
51264,125042
51264,77004
51264,121156
51264,96039
51264,39673
51264,65642
51264,73262
51264,5651
51264,76130
51264,53387
51264,15151
51264,3456
51264,26127
51265,80034
51265,17739
51265,118766
51265,28495
51265,30949
51265,115954
51265,19465
51265,116895
51265,45896
51265,112711
51265,76443
51265,136865
51265,85430
51265,77504
51265,24519
51265,13499
51265,83134
51265,116211
51265,64020
51265,122589
51265,22607
51265,81977
51265,136833
51265,11881
51265,69514
51265,119766
51265,90770
51265,91254
51265,42693
51265,67949
51265,80265
51265,105720
51265,106872
51266,69139
51266,65868
51266,110707
51266,92860
51266,68816
51266,45156
51266,140136
51266,38206
51266,126380
51266,41938
51266,95534
51266,85364
51268,90469
51268,895
51268,79872
51268,12252
51268,64675
51268,21440
51268,3711
51268,52377
51268,122062
51268,128855
51268,69776
51268,60619
51268,102514
51268,50982
51268,75494
51268,84593
51268,9379
51268,17480
51268,22753
51268,140381
51268,34481
51268,60257
51268,110380
51268,23594
51268,39917
51268,34632
51268,43633
51268,110653
51268,75569
51268,14736
51268,112370
51268,22271
51268,36502
51269,14844
51269,5505
51269,42967
51269,126818
51269,79240
51269,36412
51269,115106
51269,47392
51269,105123
51269,36045
51269,137498
51269,110663
51269,43028
51269,121008
51269,13483
51269,78649
51269,44883
51269,70302
51269,23661
51269,119316
51269,51616
51269,64949
51269,1736
51269,53454
51269,93741
51269,16467
51269,90380
51269,41326
51269,62417
51269,66917
51269,44170
51269,46393
51269,15802
51270,106972
51270,100372
51270,120303
51270,103543
51270,58664
51270,126593
51270,11555
51270,88555
51270,48253
51270,75012
51270,29996
51270,67800
51270,103968
51270,46815
51270,23451
51270,22810
51270,57835
51270,68619
51270,130569
51270,12706
51270,45439
51270,126111
51270,109573
51270,131475
51270,102667
51270,109530
51270,124693
51270,3617
51270,114486
51270,107049
51270,33441
51270,16458
51271,34222
51271,126301
51271,9665
51271,19826
51271,10044
51271,121991
51271,59175
51271,36822
51271,135774
51271,105688
51271,32240
51271,109846
51271,55718
51271,57325
51271,137721
51271,70960
51271,36651
51271,15724
51271,55949
51271,47846
51271,98336
51271,93830
51271,127403
51271,46734
51271,81549
51271,93820
51271,110815
51271,72672
51271,97131
51271,58865
51271,43881
51271,9507
51272,137997
51272,124342
51272,104517
51272,49656
51272,77089
51272,21018
51272,37818
51272,24545
51272,134323
51272,134154
51272,68420
51272,116942
51272,77914
51272,26248
51272,78500
51272,57952
51272,40279
51272,59781
51272,70177
51272,38419
51272,94455
51272,46274
51272,60846
51272,59657
51272,117294
51272,122112
51273,85508
51273,25424
51273,27369
51273,81025
51273,93640
51273,25614
51273,84882
51273,32943
51273,86594
51273,61252
51273,70404
51273,25526
51273,30820
51273,61060
51273,98567
51273,77283
51273,130392
51273,113971
51273,83208
51274,13449
51274,84746
51274,125035
51274,8759
51274,44957
51274,88406
51274,122772
51274,1709
51274,65242
51274,52945
51274,23072
51274,133977
51274,31026
51274,138162
51274,100842
51274,81292
51274,47040
51274,92824
51274,114182
51274,31165
51274,77241
51274,7632
51274,23304
51274,67637
51275,71517
51275,105209
51275,34323
51275,6679
51275,6082
51275,57800
51275,104351
51275,47471
51275,18141
51275,10130
51275,6102
51275,42505
51275,31407
51275,111411
51275,40269
51275,86478
51275,92771
51276,66507
51276,72521
51276,63708
51276,36171
51276,73745
51276,47782
51276,37968
51276,32969
51276,57845
51276,74104
51276,71989
51276,43982
51276,18755
51276,132964
51276,6128
51276,69368
51276,62731
51276,25318
51276,58899
51276,43348
51276,82901
51276,16335
51276,105984
51276,123906
51276,134789
51276,104455
51276,109698
51276,4646
51276,126950
51276,37752
51276,11113
51276,111707
51276,123227
51277,7707
51277,40105
51277,56425
51277,130520
51277,131973
51277,23907
51277,40381
51277,101546
51277,2074
51277,10357
51277,132658
51277,136511
51277,127316
51277,54362
51277,73869
51277,60203
51277,81290
51277,71346
51277,47048
51277,104417
51277,45573
51277,20811
51277,86905
51277,14586
51277,1274
51277,31513
51277,16589
51277,138170
51277,37535
51277,24066
51277,23169
51277,20834
51277,139769
51278,89082
51278,127392
51278,121134
51278,96778
51278,39309
51278,34053
51278,98322
51278,1966
51279,140006
51279,65218
51279,58163
51279,70999
51279,113788
51279,106764
51279,12785
51279,16118
51279,97986
51279,48019
51279,24168
51279,123264
51279,126012
51279,34790
51279,97054
51279,116041
51279,108827
51279,69371
51279,15223
51279,92211
51279,64884
51279,32624
51279,41366
51279,27230
51279,71581
51279,120787
51279,8085
51279,133275
51279,59782
51279,28865
51279,11974
51279,116060
51279,103307
51279,39004
51280,22578
51280,36171
51280,28383
51280,54438
51280,44897
51280,30618
51280,12135
51280,120403
51280,102413
51280,104455
51280,122734
51280,73745
51280,82210
51280,68872
51280,11602
51280,94863
51280,64913
51280,9437
51280,68813
51280,64488
51280,48071
51280,134586
51280,23636
51280,103830
51280,68530
51280,45851
51280,101543
51280,84914
51280,41944
51280,116724
51280,138233
51280,55195
51281,101111
51281,66146
51281,130141
51281,99726
51281,30762
51281,56911
51281,110269
51281,124279
51281,94203
51281,70834
51281,25370
51281,131744
51281,3189
51281,40335
51281,88905
51281,59097
51281,17493
51281,140450
51281,118353
51281,8983
51281,34807
51281,140027
51281,27357
51281,140724
51281,81879
51281,71488
51281,67810
51281,95108
51281,53424
51281,83388
51281,37813
51282,120466
51282,30304
51282,106919
51282,53917
51282,44484
51282,24960
51282,8150
51282,67607
51282,67351
51282,69678
51282,86032
51282,122819
51282,70938
51282,63285
51282,56638
51282,77060
51282,109972
51283,112196
51283,12514
51283,79017
51283,32980
51283,14908
51283,21054
51283,22614
51283,112035
51283,23110
51283,132692
51283,65342
51283,44714
51283,89833
51283,26211
51283,22547
51283,118782
51283,1334
51283,131200
51283,78516
51283,22329
51283,122276
51283,88987
51283,138866
51283,82712
51283,13213
51283,112608
51283,10846
51283,75394
51283,12592
51283,5363
51283,110733
51285,73696
51285,30288
51285,28823
51285,118836
51285,6843
51285,72141
51285,45270
51285,101347
51285,89389
51285,16284
51285,39089
51285,44626
51285,51777
51285,54007
51285,98236
51285,109064
51285,57012
51285,101254
51285,117827
51285,103462
51285,121114
51285,59033
51285,77475
51285,10611
51285,15292
51285,94640
51285,72569
51285,52011
51286,35000
51286,18994
51286,111353
51286,130530
51286,54667
51286,72490
51286,74990
51286,139472
51286,15860
51286,46541
51286,41432
51286,49758
51286,128274
51286,101904
51286,111689
51286,59880
51286,45445
51287,39809
51287,134379
51287,93819
51287,1025
51287,123857
51287,81408
51287,83331
51287,48243
51287,109462
51287,111731
51287,76429
51287,89191
51287,24993
51287,34518
51287,99280
51287,21501
51287,102932
51287,54268
51287,79200
51287,137119
51287,95681
51287,25864
51287,66256
51287,56448
51287,30289
51287,132464
51287,6931
51287,69117
51287,106402
51287,112548
51287,17553
51287,104303
51287,52252
51288,107982
51288,48216
51288,12507
51288,3988
51288,52463
51288,25223
51288,102739
51288,60020
51288,38906
51288,101451
51288,89802
51288,135064
51288,75807
51288,115562
51288,50151
51288,55109
51288,88307
51288,43605
51288,35504
51288,132838
51288,65454
51288,78171
51288,68658
51288,21492
51288,45412
51288,114177
51289,85845
51289,96805
51289,129964
51289,116492
51289,107432
51289,48560
51289,102486
51289,96634
51289,41798
51289,93975
51289,10832
51289,88176
51289,16790
51289,29412
51289,34335
51289,40694
51289,25776
51289,87965
51289,134704
51289,127854
51289,79125
51289,111250
51289,125595
51289,15478
51289,60403
51290,140257
51290,36271
51290,14220
51290,132070
51290,113165
51291,44097
51291,9951
51291,109160
51291,58204
51291,96741
51291,78534
51291,64405
51291,56828
51291,101496
51291,102579
51291,7550
51291,100292
51291,71999
51291,65165
51291,112812
51291,131885
51291,50329
51291,119402
51291,85075
51291,100187
51291,111811
51291,101631
51291,66434
51291,11827
51294,12418
51294,7148
51294,63456
51294,14934
51294,41292
51294,18021
51294,74693
51294,106315
51294,18790
51294,3362
51294,32329
51294,71518
51294,124931
51294,60948
51294,113985
51294,64153
51294,2583
51294,30771
51294,120537
51294,74052
51294,74336
51295,115595
51295,112948
51295,28329
51295,136058
51295,135755
51295,717
51295,29913
51295,59251
51295,18039
51295,99201
51295,82601
51295,97332
51295,93032
51295,123400
51295,34340
51295,78971
51295,7751
51295,107665
51295,24240
51295,35173
51295,20958
51295,65451
51295,59307
51295,108224
51295,69950
51295,139937
51295,69757
51299,107608
51299,113196
51299,14896
51299,11903
51299,96176
51299,17203
51299,55216
51299,17400
51299,105343
51299,63107
51299,123407
51299,11847
51299,97400
51299,52353
51299,8346
51299,117446
51299,83556
51299,89134
51299,36038
51299,53529
51299,96749
51299,132610
51299,28393
51299,43048
51299,124576
51299,31115
51299,117456
51299,42636
51299,137447
51299,123495
51299,135777
51302,107069
51302,8547
51302,36891
51302,93727
51302,50725
51302,116049
51303,114436
51303,110929
51303,16484
51303,103238
51303,11424
51303,100639
51303,69800
51303,134916
51303,122310
51303,76870
51303,8835
51303,106818
51303,20945
51303,83965
51303,62675
51303,39798
51303,112333
51303,78342
51303,111247
51303,98951
51304,72598
51304,125642
51304,118341
51304,93070
51304,133489
51304,96766
51304,45789
51304,84148
51304,90002
51304,102909
51304,118864
51304,111020
51304,21995
51304,20030
51304,87271
51305,9987
51305,33083
51305,6578
51305,106304
51305,29301
51305,9456
51305,90312
51305,119942
51305,80778
51305,107174
51305,102144
51305,55669
51305,66858
51305,80930
51305,103663
51305,82237
51305,69107
51305,45604
51305,61015
51305,90439
51305,115946
51305,37733
51305,132104
51305,128839
51305,6271
51305,8243
51305,43456
51305,10552
51305,100703
51305,35042
51305,117742
51305,15716
51305,62030
51309,24543
51309,98756
51309,123926
51309,114100
51309,57140
51309,15919
51309,40355
51309,84334
51309,121585
51309,83297
51309,11290
51309,108179
51309,140159
51309,76046
51309,117033
51309,40069
51309,36819
51309,57841
51309,114765
51309,14396
51309,91581
51310,53229
51310,63109
51310,55698
51310,31163
51310,80988
51310,137996
51310,104478
51310,85195
51310,113472
51310,81502
51310,123540
51310,92173
51312,76077
51312,32629
51312,118457
51312,9754
51312,99590
51312,32188
51312,50314
51312,114185
51312,65726
51312,130790
51312,52840
51312,74446
51312,95229
51312,52416
51312,111154
51312,51868
51312,130005
51312,27821
51312,95321
51312,126366
51312,86803
51312,115520
51312,104890
51312,43589
51315,75711
51315,106186
51315,55613
51315,44090
51315,88483
51315,49548
51315,40472
51315,11002
51315,81274
51315,86666
51315,80043
51315,3409
51315,32434
51315,83658
51315,59303
51315,71969
51315,119194
51315,126782
51315,72458
51315,13306
51315,101764
51315,41626
51315,22832
51315,45086
51315,12056
51315,19352
51316,17594
51316,25820
51316,56454
51316,78911
51316,47427
51316,123055
51316,87171
51316,35556
51316,93480
51316,53193
51316,67471
51316,46800
51316,53706
51316,116903
51316,91690
51316,66733
51316,126555
51316,54022
51316,128481
51316,81352
51316,114442
51316,48922
51316,16690
51317,136416
51317,63286
51317,140554
51317,12918
51317,90335
51317,37164
51317,31414
51317,45623
51317,27835
51317,121866
51317,50401
51317,139382
51317,36458
51317,41889
51317,95768
51317,106291
51317,58561
51317,19932
51317,140650
51317,138481
51317,97347
51317,113200
51317,33816
51317,39704
51317,121557
51317,32727
51317,82383
51317,89278
51317,30061
51317,94246
51317,12365
51319,101971
51319,84517
51319,134544
51319,132453
51319,71526
51319,137919
51319,125892
51319,105999
51319,23872
51319,33103
51319,2427
51319,12607
51319,94438
51319,3314
51319,94911
51319,36358
51319,123220
51319,74181
51319,102562
51319,2695
51319,115498
51319,62779
51319,95730
51319,10477
51319,15574
51319,46048
51319,49231
51319,104092
51319,105432
51319,80212
51319,34762
51320,93616
51320,26788
51320,137647
51320,53736
51320,25938
51320,131979
51320,137122
51320,12681
51320,62058
51320,70059
51320,60255
51320,9072
51321,138903
51321,35736
51321,131261
51321,99648
51321,49140
51321,5436
51321,9621
51321,33986
51321,123804
51321,75864
51321,125695
51321,103362
51321,14255
51321,8133
51321,57448
51321,22950
51321,129602
51322,9077
51322,23692
51322,140723
51322,8624
51322,7753
51322,139959
51322,140117
51322,48758
51322,54922
51322,63271
51322,110177
51322,71409
51322,68904
51322,99641
51322,119202
51322,47648
51322,102461
51322,101267
51322,85754
51322,57089
51322,29943
51322,39040
51322,74277
51322,83745
51322,38823
51322,10239
51322,123666
51322,45141
51322,97983
51322,46414
51323,18177
51323,86335
51323,138228
51323,106096
51323,17080
51323,62307
51323,117026
51323,22167
51323,106017
51323,33657
51323,7114
51323,1097
51323,42306
51323,130068
51323,86149
51323,128357
51323,9264
51323,100633
51323,83442
51323,7088
51323,114024
51323,8780
51323,93547
51323,27589
51323,112194
51323,71845
51323,62820
51323,90472
51323,14551
51323,83459
51323,100024
51323,87816
51323,31840
51324,91475
51324,56410
51324,44458
51324,35853
51324,70283
51324,64629
51324,93626
51324,89857
51324,49579
51324,78050
51324,15980
51324,117308
51324,82829
51324,85363
51324,43631
51324,789
51324,16839
51324,139763
51324,54861
51324,37545
51324,58878
51324,52996
51324,134551
51324,106660
51324,133739
51324,81715
51324,51103
51324,132751
51324,76035
51324,58894
51324,119019
51325,56868
51325,42928
51325,126423
51325,133212
51325,52375
51325,44045
51325,28746
51325,45462
51325,88614
51325,68734
51325,82754
51325,46369
51330,80259
51330,134269
51330,124443
51330,34824
51330,63171
51330,132771
51330,140816
51330,51809
51330,78345
51330,8685
51330,16815
51330,75995
51330,52111
51330,138004
51330,9188
51330,17998
51330,29182
51330,42675
51330,86026
51330,110328
51330,12808
51330,2787
51330,140570
51330,52057
51330,127475
51330,120267
51330,66893
51330,58277
51330,134633
51330,96707
51330,91906
51330,79338
51330,123449
51331,29349
51331,60062
51331,64769
51331,9958
51331,79275
51331,74397
51331,79352
51331,116150
51331,83711
51331,134483
51331,96870
51331,51055
51331,16954
51331,108699
51331,46564
51331,78143
51331,20752
51331,85809
51331,82731
51331,67979
51331,64939
51331,57366
51331,43504
51331,125473
51331,96945
51331,72196
51331,63167
51331,43772
51331,129895
51331,93976
51331,31287
51331,8732
51331,6117
51332,70863
51332,135420
51332,18640
51332,31951
51332,16477
51332,140601
51332,64336
51332,101865
51332,28438
51332,3599
51332,81598
51332,128890
51332,123395
51332,22859
51332,49822
51332,86930
51332,33233
51332,37823
51332,119042
51332,50184
51332,38759
51332,19785
51332,31724
51332,130558
51332,28645
51332,122129
51332,116304
51332,112060
51332,93276
51332,131935
51332,19311
51333,36753
51333,40392
51333,5772
51333,122744
51333,103582
51333,128783
51333,6140
51333,89519
51333,6907
51333,105913
51333,112457
51333,135200
51335,9131
51335,120193
51335,129245
51335,136065
51335,134700
51335,82943
51335,92935
51335,92996
51335,114891
51335,104875
51335,36134
51335,96774
51335,112253
51335,58718
51335,68920
51335,71467
51335,15564
51335,51036
51336,93608
51336,69063
51336,85099
51336,104814
51336,115298
51336,109763
51336,52536
51336,5384
51336,23348
51336,23352
51336,14026
51336,23936
51336,9191
51336,95707
51336,28814
51336,89210
51336,37687
51336,47923
51336,108294
51336,72088
51337,4738
51337,104093
51337,72353
51337,139111
51337,7487
51337,111865
51337,137564
51337,31821
51337,97581
51338,96399
51338,14347
51338,23976
51338,137336
51338,33150
51338,62306
51338,32862
51338,3636
51338,132828
51338,2445
51338,21221
51338,39816
51338,81128
51338,135570
51338,134405
51338,98585
51338,55351
51338,66582
51338,65005
51338,83361
51338,99417
51338,90419
51338,1167
51338,140634
51338,62398
51338,128769
51338,15329
51338,73810
51338,93574
51338,106731
51338,128051
51338,121416
51338,35075
51338,60111
51340,60013
51340,105704
51340,46020
51340,9775
51340,1934
51340,46333
51340,65025
51340,139156
51340,63632
51340,97110
51340,21065
51340,133257
51340,127523
51340,124747
51340,122980
51340,106067
51340,105762
51340,3390
51340,84955
51340,73359
51340,6456
51340,14950
51340,62689
51340,62105
51340,6777
51340,7264
51340,12721
51340,42232
51340,36551
51340,32437
51340,21815
51340,63612
51340,42356
51340,1885
51341,21446
51341,118449
51341,59708
51341,5623
51341,114119
51341,74008
51341,32855
51341,7885
51341,33399
51341,109173
51341,84126
51341,78967
51341,63620
51341,60783
51341,70492
51341,137306
51341,31047
51341,23702
51341,23618
51341,112204
51341,120114
51341,8383
51341,112947
51341,47093
51341,127147
51341,131919
51341,105042
51341,41314
51341,10385
51341,85634
51341,120463
51341,87859
51341,34894
51341,21632
51342,62878
51342,67129
51342,83325
51342,108560
51342,116026
51342,89925
51342,2081
51342,123142
51342,90357
51342,111891
51342,38085
51342,3170
51342,4501
51342,10934
51342,30508
51349,133846
51349,54739
51349,119002
51349,94241
51349,115994
51349,94850
51349,110915
51349,44213
51349,64017
51349,100080
51349,54795
51349,135946
51349,118722
51349,68038
51349,37339
51349,139974
51349,59204
51349,68372
51349,53443
51349,114201
51349,978
51349,19965
51349,82967
51349,50366
51349,83079
51349,15064
51349,79141
51349,63519
51349,76755
51349,105745
51349,97430
51349,32279
51349,69638
51351,80422
51351,5505
51351,122299
51351,361
51351,119316
51351,113169
51351,46393
51351,36045
51351,72731
51351,52683
51351,36412
51351,44170
51351,23661
51351,110663
51351,137498
51351,13483
51351,131131
51351,105123
51351,62417
51351,66917
51351,15945
51351,79240
51351,90380
51351,64949
51351,25564
51351,43028
51351,16499
51351,98851
51351,78649
51351,103935
51351,21198
51352,42087
51352,80230
51352,60832
51352,73081
51352,62301
51352,22019
51352,65418
51352,119412
51352,112261
51352,87760
51352,70273
51352,96329
51352,19538
51352,97625
51352,129983
51352,125042
51352,65642
51352,29517
51352,39673
51352,36580
51352,82343
51352,61330
51352,86912
51352,84430
51352,42047
51352,114250
51352,15768
51352,68553
51352,77004
51352,121156
51352,96039
51352,3456
51352,19472
51352,53387
51353,34890
51353,32508
51353,3956
51353,69466
51353,79936
51354,15994
51354,37346
51354,25476
51354,34214
51354,120851
51354,32887
51354,65219
51354,101588
51354,42609
51354,41278
51354,50643
51354,122621
51354,62762
51354,24685
51354,32060
51354,98862
51354,1497
51354,21419
51354,73173
51354,71220
51354,59546
51354,1595
51354,100122
51354,25154
51354,57863
51354,35264
51354,27911
51354,30593
51354,16649
51354,44419
51354,57790
51355,21469
51355,117787
51355,7659
51355,126103
51355,30867
51355,133227
51355,33341
51355,119388
51355,128529
51355,40814
51355,27040
51355,110402
51355,77219
51355,1563
51355,64541
51357,133456
51357,39388
51357,139177
51357,90442
51357,68688
51357,58490
51357,3117
51357,26760
51357,69202
51358,71065
51358,23759
51358,90064
51358,29866
51358,103942
51358,128495
51358,70933
51358,23372
51358,92288
51358,38193
51358,132881
51358,40817
51358,44418
51358,58887
51358,73278
51358,35130
51358,35161
51358,3639
51358,93813
51358,6969
51358,93750
51358,68657
51358,112205
51358,121950
51358,16521
51358,95134
51358,92107
51358,124713
51358,72899
51358,96773
51359,98359
51359,24863
51359,139114
51359,87513
51359,60832
51359,42087
51359,96371
51359,62301
51359,121317
51359,13076
51359,107098
51359,50623
51359,225
51359,77356
51359,94077
51359,8660
51359,67590
51359,135389
51359,55286
51359,33534
51359,66939
51359,116308
51359,129983
51359,125042
51359,105326
51359,61556
51359,11683
51359,135351
51359,84462
51359,117673
51359,76130
51359,99922
51363,56776
51363,88389
51363,47864
51363,139453
51363,33591
51363,14840
51363,92411
51363,38346
51363,91667
51363,46317
51363,108197
51363,6913
51363,125127
51363,97121
51363,2094
51363,92724
51363,123391
51363,53412
51364,44926
51364,117567
51364,2469
51364,31609
51364,32515
51364,94227
51364,114781
51364,104552
51364,18440
51364,131370
51364,133554
51364,38547
51364,114151
51364,65963
51364,47729
51364,139040
51364,101279
51364,99439
51364,65926
51364,81771
51364,17699
51364,75120
51364,40093
51364,123790
51364,25584
51364,32291
51364,35563
51364,65681
51364,60447
51364,46912
51364,24121
51364,97383
51365,32752
51365,12283
51365,19166
51365,114559
51365,60785
51365,46846
51365,39160
51365,66560
51365,71183
51365,126418
51365,48722
51365,96900
51365,128044
51365,88329
51365,19953
51365,75371
51365,27192
51365,100631
51365,5023
51365,24650
51365,32213
51365,6727
51365,84012
51365,42292
51365,26363
51365,73212
51365,24546
51365,118856
51365,127782
51366,35556
51366,116668
51366,69539
51366,66733
51366,136658
51366,50303
51366,48922
51366,78911
51366,100267
51366,13221
51366,119806
51366,109770
51366,54022
51366,138447
51366,43978
51366,104927
51366,22457
51368,7679
51368,129326
51368,61464
51368,135803
51368,117324
51368,54567
51368,43498
51368,140155
51368,94375
51368,91378
51368,80482
51368,93167
51368,72382
51368,112581
51368,135791
51368,47057
51368,39172
51368,90496
51371,1230
51371,3213
51371,71181
51371,90730
51371,1722
51371,25476
51371,8962
51371,71376
51371,41712
51371,98736
51371,80475
51371,126657
51371,61529
51371,30950
51371,25416
51371,74754
51371,31643
51371,17633
51371,1707
51371,113069
51371,106262
51371,53494
51371,135779
51371,38750
51371,106819
51371,70934
51371,126462
51371,129968
51371,121267
51371,44923
51371,69261
51371,32112
51372,90166
51372,50899
51372,78973
51372,13232
51372,109370
51372,48847
51372,93656
51372,53062
51372,85495
51372,87355
51372,50094
51372,86218
51372,128350
51372,67254
51372,73553
51372,85231
51372,41071
51372,44362
51372,19688
51372,10336
51372,38280
51372,128643
51372,53213
51372,91125
51372,91664
51372,24431
51372,75121
51372,41277
51372,1764
51372,1021
51372,39115
51372,34339
51373,17795
51373,133520
51373,20679
51373,130413
51373,136312
51373,65189
51373,114701
51373,104381
51373,66095
51373,79585
51373,56046
51373,10908
51373,23984
51373,96552
51373,34740
51373,11331
51373,120499
51373,101782
51373,35054
51373,58295
51373,2196
51373,114872
51373,90634
51373,82886
51373,83713
51373,59314
51373,103400
51374,67643
51374,114950
51374,88126
51374,72056
51374,72396
51374,43640
51374,99850
51374,128058
51374,80994
51374,59005
51374,139686
51374,51823
51374,1568
51374,55592
51374,91306
51374,66367
51374,28472
51374,8261
51374,17818
51374,62747
51374,80788
51374,53323
51374,412
51374,40577
51374,49960
51374,91531
51374,66940
51374,68346
51374,140349
51374,44872
51375,104315
51375,45093
51375,101405
51375,88047
51375,138666
51375,136263
51375,41513
51375,113181
51375,18454
51375,18909
51375,54329
51375,63025
51375,97458
51375,35512
51375,93464
51375,126389
51379,138136
51379,90395
51379,47739
51379,27382
51379,29104
51379,10185
51379,119043
51379,2019
51379,12318
51379,2658
51379,112038
51379,102480
51379,6349
51380,108181
51380,3942
51380,27086
51380,30364
51380,133640
51380,13082
51380,100641
51380,116266
51380,63221
51380,134723
51380,61549
51381,137212
51381,103107
51381,135574
51381,133474
51381,53127
51381,124918
51381,82611
51381,42514
51381,12041
51381,115355
51381,133563
51381,38061
51381,2461
51381,126544
51381,64356
51381,93184
51381,118224
51381,2970
51381,56781
51381,71694
51381,50490
51381,117606
51381,93186
51381,38802
51381,64134
51381,102078
51381,17301
51381,71695
51381,124004
51381,49768
51381,118647
51382,23347
51382,44912
51382,102740
51382,2501
51382,47614
51382,10876
51382,85438
51383,129386
51383,12869
51383,46286
51383,103916
51383,84758
51383,88004
51383,108883
51383,79410
51383,17045
51383,119731
51383,28240
51383,89593
51383,38459
51383,53940
51383,99516
51383,113742
51383,30741
51383,70098
51383,5068
51383,83663
51383,114711
51383,53717
51383,32287
51383,125774
51383,22571
51383,131272
51383,140538
51383,122054
51383,71127
51383,28467
51383,20878
51383,57961
51383,3999
51383,106860
51383,27968
51384,140304
51384,48512
51384,2899
51384,51555
51384,114177
51384,25223
51384,121275
51384,47543
51384,75807
51384,35504
51384,88988
51384,25746
51384,21150
51384,98900
51384,100473
51384,58015
51384,90665
51384,51653
51384,21805
51384,12455
51384,74482
51384,55158
51384,112519
51384,5988
51384,131324
51384,45412
51384,88307
51384,125859
51384,34966
51384,89771
51384,18566
51384,78171
51385,116032
51385,60832
51385,119412
51385,62301
51385,21398
51385,51849
51385,138559
51385,40083
51385,42087
51385,29517
51385,80230
51385,129983
51385,125042
51385,120352
51385,22019
51385,139809
51385,71504
51385,116308
51385,65642
51385,15768
51385,126951
51385,96329
51385,70273
51385,87760
51385,112261
51385,41679
51385,61330
51385,114250
51385,39673
51385,11683
51385,76130
51385,121156
51385,86912
51385,77004
51386,20494
51386,21517
51386,74647
51386,59198
51386,17256
51386,127326
51386,83458
51386,50123
51386,15652
51386,39287
51386,39291
51386,52205
51386,113211
51386,112527
51386,73049
51386,84691
51386,15938
51386,458
51386,70366
51386,83244
51386,3378
51386,87506
51386,44566
51386,1712
51386,109323
51386,119971
51386,128923
51386,95721
51386,46540
51386,107033
51386,70840
51386,126220
51386,42916
51387,1230
51387,20592
51387,21155
51387,110940
51387,62762
51387,32887
51387,3213
51387,8161
51387,122621
51387,71181
51387,8962
51387,25476
51387,34214
51387,14536
51387,98239
51387,46809
51387,68491
51387,39164
51387,25416
51387,98736
51387,61529
51387,11102
51387,64372
51387,126665
51387,38291
51387,80475
51387,79026
51387,7051
51387,7880
51387,135499
51387,128615
51387,5002
51388,101247
51388,21175
51388,51871
51388,103674
51388,110747
51388,13222
51388,13613
51388,48561
51388,72446
51388,64711
51388,34326
51388,96314
51388,121923
51388,94464
51388,24686
51388,118336
51388,59504
51388,32121
51388,56624
51388,107845
51388,91884
51388,58928
51388,5549
51388,14513
51388,135004
51388,84432
51388,82996
51388,9146
51388,19253
51388,73447
51389,43405
51389,138178
51389,109103
51389,115503
51389,77775
51389,68984
51389,91134
51389,40211
51389,64596
51389,87826
51389,25529
51389,114930
51389,119123
51389,12977
51389,107399
51389,47059
51389,45634
51389,35872
51389,85189
51389,66652
51389,73041
51389,51760
51389,13716
51389,49280
51389,40235
51389,29263
51389,53438
51389,54140
51389,88321
51389,46464
51389,137407
51389,77083
51391,85310
51391,108510
51391,64047
51391,8172
51391,73921
51391,62999
51391,129198
51391,9124
51391,137988
51391,44230
51391,101728
51391,120234
51391,23600
51391,18072
51391,29719
51391,6305
51391,33311
51391,65893
51391,69916
51391,94487
51391,28992
51391,65509
51391,132916
51391,34566
51391,50614
51391,130577
51391,91886
51391,76812
51391,24162
51391,85617
51391,115279
51391,97263
51393,135027
51393,2809
51393,15490
51393,1591
51393,135857
51393,125599
51393,69575
51393,114474
51393,47971
51393,121692
51393,50615
51393,12431
51393,8515
51393,74169
51393,27652
51393,56739
51394,112758
51394,60049
51394,47076
51394,85878
51394,32419
51394,42138
51394,8140
51394,111817
51394,13952
51394,71062
51394,90131
51394,100964
51395,22578
51395,63812
51395,21808
51395,5286
51395,77856
51395,10107
51395,89341
51395,115310
51395,121350
51395,134232
51395,57114
51395,30618
51395,66606
51395,32842
51395,134086
51395,113229
51395,27699
51395,58217
51395,112101
51395,43440
51395,62326
51395,9589
51395,101162
51395,82404
51395,27525
51395,121675
51395,139917
51395,10763
51395,124234
51395,126899
51395,94194
51395,130258
51397,76929
51397,84002
51397,106384
51397,154
51397,90058
51397,14643
51397,91330
51397,7064
51397,80336
51397,28908
51397,17382
51397,18526
51397,29049
51397,135640
51397,24656
51397,49682
51397,60270
51397,27992
51397,3447
51397,15103
51397,19413
51397,89105
51397,77154
51397,234
51397,39466
51397,85147
51397,90083
51397,10642
51397,67110
51397,117448
51397,89667
51397,16246
51397,40663
51398,69099
51398,120220
51398,6929
51398,133991
51398,41261
51398,90983
51398,55999
51398,122988
51398,21111
51398,66187
51398,99419
51398,127144
51398,28832
51398,43887
51398,127687
51398,33417
51398,53270
51398,124286
51398,61433
51398,105573
51398,38687
51398,103361
51398,61777
51398,20444
51398,98360
51398,63023
51398,25662
51398,39322
51398,28898
51398,46013
51398,54671
51398,84858
51398,38247
51399,117523
51399,35820
51399,5376
51399,104803
51399,40271
51399,103223
51399,67832
51399,2308
51399,36367
51399,62319
51399,74835
51399,30764
51399,29938
51399,72636
51399,93551
51399,130955
51399,43458
51399,126594
51399,111620
51399,39051
51399,113486
51399,56847
51399,106652
51399,99101
51399,78335
51399,49001
51399,90952
51399,23534
51399,20981
51399,30254
51400,110554
51400,116944
51400,53650
51400,69341
51400,64732
51400,137157
51400,111476
51400,16883
51400,1631
51400,25752
51400,128670
51400,129223
51400,6124
51400,10584
51400,106977
51400,44091
51401,2379
51401,121617
51401,136534
51401,129811
51401,53114
51401,59468
51401,16087
51401,80329
51401,95004
51401,65423
51401,4019
51401,123021
51401,113976
51401,131981
51401,111884
51401,30257
51401,37172
51401,83360
51401,21796
51401,82077
51401,132392
51401,49585
51401,126576
51401,140501
51401,111627
51401,88874
51401,120148
51401,93246
51401,80439
51401,32948
51401,4207
51401,1645
51402,88771
51402,101445
51402,37598
51402,139180
51402,16551
51402,124423
51402,33217
51402,139343
51402,36035
51402,108230
51402,117869
51402,3277
51402,16882
51402,131772
51402,47437
51402,11609
51402,16391
51402,77441
51402,53004
51402,53367
51402,105031
51402,128188
51402,97932
51402,23682
51402,135073
51402,136257
51402,14394
51402,18783
51402,2001
51402,24663
51402,8566
51402,23541
51404,48153
51404,95307
51404,351
51404,137118
51404,87377
51404,59267
51404,121764
51404,56298
51404,17331
51404,46333
51404,74474
51404,41488
51404,59526
51404,106645
51404,111106
51404,139156
51404,97247
51404,114766
51404,85728
51404,88233
51404,91206
51404,27348
51404,11103
51404,102908
51404,88127
51404,95166
51404,21315
51404,76656
51404,47594
51404,78283
51404,111000
51404,55690
51404,63762
51404,36200
51406,41554
51406,27716
51406,120065
51406,128033
51406,123900
51406,101458
51406,31661
51406,74162
51406,59893
51406,122327
51406,61654
51406,69381
51406,69905
51406,6835
51406,38438
51406,63377
51406,67324
51406,29224
51406,41835
51406,136273
51406,97815
51406,109124
51406,12440
51406,134861
51406,19105
51408,24406
51408,107428
51408,36484
51408,3893
51408,136961
51408,104188
51408,24644
51408,69276
51408,31084
51408,20197
51408,129727
51408,46256
51408,13323
51408,97789
51408,29738
51408,85922
51408,6971
51408,53979
51408,38228
51408,130618
51408,133631
51408,93074
51408,7793
51408,112359
51408,102885
51408,54680
51408,134004
51408,20298
51408,81963
51408,80045
51408,101313
51409,3782
51409,132827
51409,96358
51409,116059
51409,23387
51409,131491
51409,42225
51409,61164
51409,87321
51409,113764
51409,139016
51409,90533
51409,97889
51409,119879
51409,113064
51409,70845
51409,121821
51409,61980
51409,106115
51409,101873
51409,92330
51409,2975
51409,89906
51409,6434
51409,53119
51409,6792
51409,33500
51409,123829
51409,16993
51409,9355
51409,89863
51409,37940
51410,21155
51410,110738
51410,110998
51410,30878
51410,14536
51410,118655
51410,110940
51410,89360
51410,25075
51410,74859
51410,1546
51410,126248
51410,64372
51410,110205
51411,113300
51411,113938
51411,108788
51411,72693
51411,66158
51411,94539
51411,103405
51411,88756
51411,139669
51411,91377
51411,71282
51411,11391
51411,9347
51411,40385
51411,12860
51411,67418
51411,25265
51411,17829
51411,37804
51411,93984
51411,97007
51411,129822
51411,69284
51411,20110
51411,62743
51411,9826
51411,104696
51411,9095
51411,29278
51411,29411
51413,52125
51413,83096
51413,99062
51413,138641
51413,15107
51413,89238
51413,20013
51413,92432
51413,15195
51413,40165
51413,5700
51413,97227
51413,116747
51413,10116
51413,73699
51413,31148
51413,23648
51413,93203
51413,73877
51413,88112
51413,16337
51413,58948
51413,102423
51413,47650
51413,87623
51413,80638
51413,85991
51413,19855
51413,84745
51413,77364
51413,123700
51413,134724
51414,131081
51414,115541
51414,129475
51414,100936
51414,94628
51415,94330
51415,20114
51415,133013
51415,38828
51415,30890
51415,112510
51415,50608
51415,117915
51415,72988
51415,36675
51415,14496
51415,102276
51415,84484
51415,69649
51415,66204
51415,12125
51415,98742
51415,114251
51415,99656
51415,112387
51415,101170
51415,62404
51415,11712
51415,2136
51415,128521
51415,6099
51415,66289
51415,67098
51415,126910
51415,111594
51415,74640
51416,53393
51416,12221
51416,97410
51416,39039
51416,31142
51416,129281
51416,108843
51416,89916
51416,72834
51416,126951
51416,50000
51416,137650
51416,107789
51416,75760
51416,78434
51416,121553
51416,27923
51416,108607
51416,79993
51416,129446
51416,118566
51416,88367
51416,83870
51416,71314
51416,24615
51416,123256
51416,92577
51416,51140
51416,30210
51416,139845
51416,119732
51416,56054
51416,113098
51418,96780
51418,101215
51418,63105
51418,20430
51418,69184
51418,60144
51418,133943
51418,32798
51418,66750
51418,131046
51418,57170
51418,14480
51418,93974
51418,109804
51418,38286
51418,14944
51418,6713
51418,78647
51418,15390
51418,4503
51418,8864
51418,25159
51418,133689
51418,75205
51418,20587
51418,79475
51418,129914
51418,34151
51418,4080
51418,67233
51418,35679
51418,77074
51418,75408
51419,116942
51419,131892
51419,35223
51419,37818
51419,90845
51419,70177
51419,77089
51419,14082
51419,77914
51419,114932
51419,21018
51419,137997
51419,24545
51419,134154
51419,49656
51419,124342
51419,90809
51419,68420
51419,104517
51419,38419
51419,46274
51419,122112
51419,78500
51419,77795
51419,40279
51419,60468
51419,59657
51419,94455
51419,26248
51419,60846
51419,117294
51419,59781
51419,125083
51420,90533
51420,59456
51420,59435
51420,16993
51420,134212
51420,131491
51420,53119
51420,68067
51420,117245
51420,21717
51420,61980
51420,80286
51420,88350
51420,105897
51420,109319
51420,8186
51420,122391
51420,70845
51420,123829
51420,57613
51420,9355
51420,33500
51420,91304
51420,91276
51420,65898
51420,33019
51420,129416
51420,107677
51420,98546
51420,72451
51420,126280
51427,104466
51427,39020
51427,44713
51427,128283
51427,133377
51427,3376
51427,23776
51427,85286
51430,7564
51430,49916
51430,87089
51430,102499
51430,53200
51430,54280
51430,103312
51430,81338
51430,89040
51430,103387
51430,97174
51430,108772
51430,109491
51430,82226
51430,134266
51430,78743
51430,2068
51430,61911
51430,59601
51430,48834
51430,24457
51430,14445
51430,10252
51430,64773
51430,24416
51430,20285
51430,71686
51430,27963
51432,54628
51432,125157
51432,123180
51432,26523
51432,89300
51432,10454
51432,80139
51432,94531
51432,68622
51432,73807
51432,16513
51432,86867
51432,86219
51432,121993
51432,45179
51432,5749
51432,43255
51432,17809
51432,137657
51432,94761
51432,62435
51432,54357
51432,131743
51432,286
51432,117255
51432,82619
51432,2502
51432,101529
51432,67638
51432,135613
51432,82292
51432,23826
51433,81804
51433,80832
51433,8134
51433,139165
51433,125744
51433,100748
51433,101406
51433,100664
51433,103908
51433,24092
51433,97432
51433,14912
51433,99844
51433,46068
51433,118824
51433,134845
51433,89097
51433,131350
51433,13760
51433,114209
51433,54116
51433,106647
51433,99219
51433,82897
51433,129643
51433,36650
51433,112871
51433,61946
51433,39526
51433,7432
51433,30435
51433,90254
51434,29559
51434,58735
51434,14119
51434,114820
51434,63545
51434,67897
51435,119002
51435,110915
51435,44213
51435,50366
51435,54795
51435,79141
51435,139974
51437,130338
51437,68002
51437,124166
51437,77985
51437,116032
51437,89951
51437,85065
51437,31359
51437,131901
51437,114250
51437,81509
51437,95987
51437,96329
51437,67376
51437,74298
51437,115213
51437,55073
51437,121421
51437,88639
51438,81953
51438,94958
51438,15244
51438,53182
51438,62227
51438,100052
51438,96812
51438,14890
51438,102491
51438,40242
51438,78262
51438,42709
51438,96304
51438,40272
51438,45709
51438,139812
51438,16241
51438,84361
51440,45753
51440,21203
51440,81528
51440,63854
51440,12673
51440,62906
51441,18035
51441,17173
51441,88735
51441,24639
51441,70384
51441,116912
51441,66099
51441,93332
51441,123664
51441,104180
51441,99289
51441,25171
51443,77645
51443,104323
51443,80613
51443,104002
51443,105464
51443,81536
51443,23487
51443,128673
51443,88743
51444,56085
51444,99563
51444,138263
51444,84521
51444,69043
51444,68283
51444,68964
51444,75700
51444,57307
51444,63437
51444,86614
51444,120479
51444,127936
51444,86986
51444,9632
51444,9367
51444,46165
51444,23128
51444,14424
51444,131243
51444,87572
51444,124749
51444,72506
51444,103440
51444,138143
51445,97300
51445,41529
51445,60395
51445,16388
51445,79064
51445,134837
51445,17898
51446,25583
51446,126418
51446,46806
51446,106976
51446,50724
51446,71338
51446,57852
51446,45402
51446,58547
51446,39851
51446,58039
51446,4480
51446,5023
51446,105389
51446,54555
51446,104730
51446,94926
51446,55092
51446,45748
51446,131559
51447,116505
51447,107652
51447,132210
51447,73077
51447,135028
51447,131917
51447,118670
51447,80545
51447,119794
51447,101520
51447,95604
51447,33828
51447,9831
51447,124043
51447,106307
51447,87652
51447,46027
51447,73145
51447,75972
51447,53883
51447,51178
51447,28132
51447,3724
51447,57169
51447,20022
51447,53916
51447,61011
51447,37330
51447,31038
51447,3235
51447,16325
51447,123898
51448,59175
51448,135774
51448,100669
51448,9665
51448,134729
51448,133797
51448,47846
51448,83102
51448,68683
51448,93820
51448,113223
51448,34222
51448,36651
51448,110815
51448,32787
51448,55949
51448,72672
51448,118348
51448,126301
51448,52520
51448,50976
51448,81549
51448,109846
51448,105688
51448,93830
51448,36822
51448,19826
51448,10044
51448,9507
51448,46734
51448,127403
51448,121096
51450,75144
51450,46518
51450,72940
51450,104155
51450,5034
51450,46574
51450,101354
51450,120570
51450,111007
51451,123882
51451,64547
51451,22582
51451,10841
51451,100171
51451,63097
51451,84378
51451,68408
51451,45808
51451,79329
51451,93595
51451,95059
51451,46663
51451,16607
51451,123712
51451,14882
51451,17774
51451,126035
51451,98399
51451,95797
51451,89720
51451,33320
51451,6370
51451,65769
51451,52445
51451,134366
51451,11755
51451,48384
51451,69967
51451,90305
51452,71158
51452,133579
51452,111753
51452,9551
51452,112430
51452,88734
51452,130377
51452,116860
51452,130716
51453,87720
51453,50931
51453,64001
51453,37614
51453,128546
51453,56818
51453,42982
51453,113688
51453,15736
51453,5874
51453,121743
51453,112358
51453,21118
51453,71666
51453,50518
51453,77110
51453,31301
51453,98552
51453,85782
51453,61458
51453,83650
51453,97262
51453,119378
51453,5648
51453,35918
51453,11756
51453,64161
51453,33474
51453,76208
51453,126519
51453,25319
51454,106230
51454,48004
51454,106421
51454,34852
51454,3775
51454,90920
51454,124778
51454,56917
51454,70887
51454,120248
51454,107028
51454,2906
51454,77574
51454,38913
51454,41400
51454,57125
51454,453
51454,38758
51454,134288
51454,40048
51454,75795
51454,45961
51454,14024
51454,7895
51454,35010
51454,78642
51454,70624
51454,23358
51454,52263
51454,123584
51454,98719
51454,80579
51454,19150
51454,4634
51455,69447
51455,139383
51455,107518
51455,88006
51455,108661
51455,55223
51455,102020
51455,69740
51455,21493
51455,60946
51455,50266
51455,108429
51455,36518
51455,103268
51456,95085
51456,118674
51456,42981
51456,83043
51456,98860
51456,71556
51456,117793
51456,64517
51456,120242
51456,89144
51456,64015
51456,35044
51456,104679
51456,69200
51456,92965
51456,17880
51456,42292
51456,49301
51456,122060
51456,30261
51456,131510
51456,102633
51456,18255
51456,58026
51456,51573
51456,8409
51456,43964
51457,46068
51457,77772
51457,86021
51457,46411
51457,91288
51457,134077
51457,30435
51457,129643
51457,125744
51457,24092
51457,63582
51457,106647
51457,54116
51457,80832
51457,109612
51457,90254
51457,61946
51457,114209
51457,39526
51458,61598
51458,106801
51458,106606
51458,2546
51458,9798
51458,114174
51458,124699
51458,30757
51458,56497
51458,130210
51458,86816
51458,73289
51458,94677
51458,10439
51458,55917
51458,93179
51458,42329
51458,73770
51458,121402
51458,104685
51458,99741
51458,80682
51458,139666
51458,57276
51458,89600
51458,30017
51458,132811
51458,108840
51458,16359
51458,138354
51458,16418
51458,11603
51458,138937
51459,57001
51459,65235
51459,118424
51459,51418
51459,62955
51459,80666
51459,16738
51459,4579
51459,110546
51459,16263
51459,137852
51459,65779
51459,112575
51459,47102
51459,61950
51459,75716
51459,49210
51459,66223
51459,55549
51459,115077
51459,7196
51459,94178
51459,64598
51459,99214
51459,53845
51459,61179
51459,126549
51459,105449
51459,139310
51459,86277
51459,12651
51459,34860
51459,56200
51459,73027
51460,29116
51460,112569
51460,96853
51460,102352
51460,663
51460,114104
51460,50258
51462,35427
51462,58952
51462,820
51462,7976
51462,115431
51462,28399
51462,105998
51462,85106
51462,14352
51462,30057
51462,118755
51462,105476
51462,119544
51462,48877
51462,37522
51462,122855
51462,6080
51462,9215
51462,71216
51462,120514
51462,111863
51462,127957
51462,81636
51462,76972
51462,42106
51462,10563
51462,90626
51462,47318
51462,13435
51462,123935
51462,67282
51463,121623
51463,1059
51463,109571
51463,82730
51463,44086
51463,86488
51463,58517
51463,83005
51463,17270
51463,87540
51463,105294
51463,24973
51463,128904
51463,9787
51463,50757
51463,138528
51463,1675
51463,136554
51463,23029
51463,91674
51463,67341
51463,43645
51463,73277
51463,61871
51463,73123
51463,18435
51463,1815
51463,60660
51463,106617
51463,30980
51464,118670
51464,132210
51464,119794
51464,131917
51464,46517
51464,75972
51464,51178
51464,46027
51464,101520
51464,34221
51464,73145
51464,52703
51464,57169
51464,3724
51464,19157
51464,20013
51464,63417
51464,73077
51464,135028
51464,106307
51464,109346
51464,61011
51464,20022
51464,16325
51464,31038
51464,129263
51464,53916
51464,62403
51464,58948
51464,56697
51464,118206
51464,5700
51464,31148
51465,43185
51465,114364
51465,100874
51465,9608
51465,17018
51465,19823
51465,2501
51465,109697
51465,101586
51465,72980
51465,98783
51465,15550
51465,54045
51465,102206
51465,69364
51465,49077
51466,140304
51466,21150
51466,121275
51466,48512
51466,21805
51466,5988
51466,82051
51466,47543
51466,75807
51466,25746
51466,55109
51466,25223
51466,11838
51466,90665
51466,51653
51466,51555
51466,84333
51466,52095
51466,55158
51466,88307
51466,125859
51466,132838
51466,100473
51466,65454
51466,73951
51466,2899
51466,18566
51466,114177
51466,109535
51466,45412
51466,90509
51466,134613
51468,5385
51468,88192
51468,65864
51468,20640
51468,68690
51468,88733
51468,8139
51468,85744
51468,9281
51468,74972
51471,64490
51471,46018
51471,19862
51471,107365
51471,76667
51471,84871
51471,120853
51471,124564
51471,124752
51471,54697
51471,12574
51471,107530
51471,50261
51471,4396
51471,61947
51471,61889
51471,37967
51471,122226
51471,77456
51471,45541
51471,22130
51471,52162
51471,76464
51471,50110
51471,98400
51471,7811
51471,70806
51471,103956
51471,2009
51471,313
51472,105805
51472,24709
51472,103918
51472,29922
51472,119155
51472,126018
51472,75825
51472,121180
51472,100723
51472,127627
51472,81525
51472,106588
51472,104502
51472,16533
51472,47064
51472,95353
51472,37268
51473,67527
51473,44771
51473,42933
51473,48024
51473,15375
51473,58045
51473,84419
51473,15088
51473,94277
51473,130948
51473,23867
51473,45081
51473,64784
51473,41534
51473,114933
51473,29512
51474,32694
51474,39179
51474,58966
51474,127203
51474,44939
51474,138509
51474,98643
51474,26569
51474,86862
51474,31838
51474,140336
51474,1065
51474,109534
51474,139194
51474,4307
51474,90976
51474,117725
51474,106842
51474,55537
51474,79341
51474,78987
51474,28716
51474,119956
51474,94728
51474,55748
51474,39685
51474,38128
51474,101151
51474,104291
51474,131915
51474,82248
51474,95853
51475,79106
51475,87154
51475,37063
51475,7377
51475,135238
51475,64872
51475,77574
51475,87490
51475,113402
51475,72631
51475,41400
51475,33509
51475,127988
51475,86989
51475,88616
51475,25979
51475,35010
51475,128155
51475,69171
51475,1211
51475,59042
51475,14024
51475,78642
51475,123584
51475,98719
51475,101982
51475,52263
51475,19150
51475,8312
51475,48757
51475,99270
51475,128834
51475,8374
51476,101880
51476,46370
51476,17669
51476,103888
51476,23373
51476,33801
51477,21736
51477,55440
51477,138195
51477,140227
51477,57142
51477,240
51477,45230
51477,37471
51477,134995
51477,75522
51477,129567
51477,43493
51477,26706
51477,125355
51477,348
51477,72618
51477,50938
51477,130483
51478,63621
51478,77389
51478,95509
51478,21592
51478,92516
51478,3262
51478,111672
51478,36865
51478,107497
51478,140235
51478,48312
51478,72858
51478,52065
51478,28801
51478,95218
51478,1124
51478,68139
51478,8690
51478,47313
51478,71399
51478,110771
51478,32877
51478,77313
51478,78698
51478,69070
51478,104244
51478,45771
51478,65049
51478,45511
51478,102545
51478,121124
51481,72731
51481,5505
51481,131131
51481,53141
51481,47392
51481,77959
51481,70302
51481,126818
51481,79240
51481,44883
51481,93741
51481,105123
51481,78649
51481,43028
51481,16499
51481,115106
51481,119727
51481,46393
51481,121008
51481,118916
51481,53454
51481,92868
51481,121049
51481,62417
51481,16467
51481,51616
51481,126652
51481,72449
51482,114951
51482,28884
51482,106075
51482,44385
51482,17500
51482,70676
51482,22790
51482,138410
51482,91107
51482,2103
51482,130208
51482,7958
51482,15145
51482,98175
51482,133377
51482,134754
51482,30081
51483,18526
51483,80336
51483,15640
51483,60270
51483,7064
51483,76929
51483,52812
51483,35087
51483,124000
51483,58113
51483,117448
51483,19413
51483,77254
51483,40598
51483,17249
51483,28908
51483,49855
51483,85147
51483,234
51483,89105
51483,5060
51483,40663
51483,18306
51483,122002
51483,16417
51483,39466
51483,65930
51483,86654
51483,10642
51483,16246
51483,89667
51483,90083
51486,53341
51486,48153
51486,95307
51486,38571
51486,88218
51486,16706
51486,88096
51486,41488
51486,92297
51486,44147
51486,88127
51486,59267
51486,36200
51486,122844
51487,37818
51487,77089
51487,49656
51487,134154
51487,68420
51487,78500
51487,57952
51487,90809
51489,51921
51489,46135
51489,74680
51489,74255
51489,15962
51489,110695
51489,5415
51490,24207
51490,54794
51490,37480
51490,88762
51490,114136
51490,74390
51490,104594
51490,2442
51490,42714
51490,131222
51490,2548
51490,85655
51490,2282
51490,89247
51490,56446
51490,11865
51490,123830
51490,104741
51490,42904
51490,30520
51490,77127
51490,39745
51490,24294
51490,22354
51490,79893
51490,2131
51490,94150
51490,105015
51490,11328
51490,99981
51490,16247
51490,27017
51490,130491
51490,73255
51491,61775
51491,120238
51491,7898
51491,79868
51491,8917
51491,30147
51491,37790
51491,31135
51491,121696
51491,45693
51491,99025
51491,137327
51491,8508
51491,137782
51491,13934
51491,96038
51491,110258
51491,96974
51491,15073
51491,92090
51491,46320
51491,68034
51491,103982
51491,116549
51491,55059
51491,74251
51491,14411
51491,15608
51491,36718
51491,106226
51491,17198
51491,94718
51492,65557
51492,75704
51492,72185
51492,79225
51492,69294
51492,100913
51492,26804
51492,13996
51492,137773
51492,25121
51492,18016
51492,99323
51492,72909
51492,34187
51492,9392
51492,17890
51492,86760
51492,101128
51492,20299
51492,4940
51492,120960
51492,33528
51492,35767
51492,109409
51492,67406
51492,11244
51492,38183
51492,37278
51492,40937
51492,129595
51492,66769
51492,8624
51492,123666
51493,48233
51493,8917
51493,38981
51493,7898
51493,31135
51493,110258
51493,121696
51493,37790
51493,99025
51493,74251
51493,109868
51493,8508
51493,113912
51493,94261
51493,67927
51493,138722
51493,96974
51493,14411
51493,24513
51493,131894
51493,46320
51493,116852
51493,59056
51493,13934
51493,103982
51493,30986
51493,55059
51493,41438
51493,52515
51493,55865
51493,94897
51493,15608
51493,73379
51494,128090
51494,95258
51494,59324
51494,112502
51494,72424
51494,97574
51494,66957
51494,68495
51494,88347
51494,29927
51494,38091
51494,51742
51494,138575
51494,5124
51494,77990
51494,22780
51494,92799
51494,92978
51494,3367
51494,23190
51494,52451
51494,118936
51494,131828
51494,112345
51494,1753
51494,78572
51494,95452
51494,27702
51494,55019
51494,66475
51494,15399
51494,103339
51495,126657
51495,4875
51495,8962
51495,53494
51495,15994
51495,98736
51495,25476
51495,8161
51495,60084
51495,70839
51495,7051
51495,126719
51495,79740
51495,35599
51495,126665
51495,70934
51495,16649
51495,30950
51495,128615
51495,38291
51495,74754
51495,25416
51495,125311
51495,32112
51495,3858
51495,61529
51495,7880
51495,10746
51495,135499
51495,88957
51495,44923
51495,69261
51495,5002
51497,63162
51497,7268
51497,68893
51497,14632
51497,72969
51498,101604
51498,120255
51498,126418
51498,46846
51498,39160
51498,73212
51498,75371
51498,24650
51498,104730
51498,71183
51498,46806
51498,84012
51498,94926
51498,139524
51498,71174
51498,19953
51498,106976
51498,42292
51498,128044
51498,96900
51498,88329
51498,100631
51498,58039
51498,23811
51498,6727
51498,442
51498,131559
51498,114285
51498,24546
51498,127782
51498,118856
51498,4468
51498,119158
51499,110910
51499,79008
51499,100569
51499,20156
51499,48547
51499,102090
51499,111176
51499,79959
51499,109806
51499,128224
51499,47869
51499,103469
51499,9733
51499,116224
51499,100626
51499,26823
51500,120489
51500,111249
51500,104089
51500,91064
51500,23851
51500,134057
51500,123177
51500,85336
51500,117728
51500,35461
51500,107859
51500,11859
51500,6047
51500,112623
51500,1283
51500,28267
51500,124662
51500,74732
51500,57893
51500,118794
51500,106280
51500,33342
51500,109016
51500,104316
51500,11655
51500,91067
51500,23801
51500,46144
51500,39667
51500,28465
51500,50777
51500,89839
51503,135551
51503,61695
51503,45896
51503,107846
51503,76443
51503,42693
51503,16826
51503,135487
51503,13674
51503,95292
51503,132817
51503,13019
51503,42265
51503,70683
51503,88226
51503,81451
51503,39355
51503,34578
51503,68921
51503,13617
51503,35158
51504,54569
51504,29256
51504,742
51504,114237
51504,51015
51504,40315
51504,36386
51504,92794
51504,94577
51504,43124
51504,62063
51504,37040
51504,82279
51504,117967
51504,8449
51504,85932
51504,114926
51504,77889
51504,1198
51504,12112
51504,61327
51504,39285
51504,12960
51504,23547
51504,4448
51504,117723
51504,23001
51504,119845
51504,82502
51504,12748
51505,51837
51505,31551
51505,70843
51505,19281
51505,37040
51505,86676
51505,12112
51505,104658
51505,124465
51505,109380
51505,80813
51505,1989
51505,92794
51505,70946
51505,48358
51505,116543
51505,54569
51505,71139
51505,86438
51505,25581
51505,21430
51505,36268
51505,70488
51505,7498
51505,124914
51505,36003
51505,82502
51505,29484
51505,102201
51506,36153
51506,46069
51506,71716
51506,130588
51506,60195
51506,100011
51506,111358
51506,7648
51506,30670
51506,116591
51506,90753
51506,82884
51506,4496
51506,105856
51506,23102
51506,65839
51506,102714
51506,61863
51506,8519
51506,97102
51506,137272
51506,113097
51507,11
51507,40271
51507,105245
51507,101641
51507,36599
51507,23807
51507,135154
51507,601
51507,41636
51507,88589
51507,119034
51507,103223
51507,105569
51507,138259
51507,140709
51507,99574
51507,48574
51507,116947
51507,57269
51507,104803
51507,58714
51507,33813
51507,110267
51507,34677
51507,61137
51507,13396
51507,49807
51508,43104
51508,13284
51508,94568
51508,122939
51508,18585
51508,27824
51508,23396
51508,137904
51508,137769
51508,54035
51508,40043
51508,63366
51508,98437
51508,138545
51508,115678
51508,109927
51508,95392
51508,119514
51508,70211
51508,10147
51508,128450
51508,73573
51508,109089
51508,122693
51508,57476
51508,137795
51508,132030
51510,79394
51510,94079
51510,22165
51510,9793
51510,24385
51510,24803
51510,37099
51510,43425
51510,3947
51510,46160
51510,119592
51510,66677
51510,10155
51510,50235
51510,44806
51510,116069
51510,64086
51510,66097
51510,19943
51510,11475
51510,81471
51510,47284
51510,90249
51510,110197
51511,133616
51511,4577
51511,97891
51511,112791
51511,9912
51512,68140
51512,105181
51512,14843
51512,35562
51512,103347
51512,5663
51512,54439
51512,11320
51512,128332
51512,134941
51512,100379
51512,86297
51512,92252
51512,132487
51512,53109
51512,108186
51512,129090
51512,81469
51512,74491
51512,98104
51512,105599
51512,86528
51512,86126
51512,90958
51512,46371
51512,44913
51512,481
51512,37223
51512,33920
51512,39159
51512,128540
51513,134417
51513,120144
51513,52784
51513,72597
51513,107785
51513,43749
51513,33168
51513,60008
51513,1140
51513,120665
51513,105559
51513,54937
51513,37283
51513,9812
51513,63145
51513,103860
51513,131110
51513,38484
51513,13443
51513,25467
51513,98770
51513,1085
51513,12579
51513,12341
51513,134966
51513,117439
51513,69615
51513,87215
51513,29811
51513,28939
51513,78200
51513,79221
51513,51885
51515,43365
51515,122865
51515,8271
51515,118508
51515,20268
51515,93497
51515,93298
51515,99187
51515,41613
51515,43040
51515,26604
51515,50242
51515,39252
51515,119606
51515,81377
51515,138212
51516,112874
51516,38724
51516,67865
51516,25477
51516,14916
51516,130202
51516,50806
51516,80088
51516,28873
51516,20230
51517,14336
51517,113051
51517,62393
51517,130423
51517,71380
51517,124277
51517,52908
51517,22162
51517,88461
51517,37628
51517,80623
51517,8894
51517,15715
51517,119094
51517,74801
51517,63678
51517,118456
51517,107776
51517,88357
51517,61253
51517,21607
51517,94656
51517,26355
51517,59730
51517,77380
51517,88579
51517,96375
51517,135188
51517,93036
51517,113143
51517,18730
51517,25095
51517,34420
51517,29902
51518,17625
51518,2519
51518,27223
51518,5096
51518,16931
51518,128572
51518,47976
51518,78801
51518,57706
51518,109268
51518,31258
51518,104583
51518,66167
51518,56719
51518,132396
51518,28735
51518,107215
51518,104128
51518,45540
51518,37250
51518,60959
51518,84773
51518,62199
51518,40637
51518,84039
51518,95855
51518,67473
51518,5768
51518,55499
51518,138413
51518,82836
51520,124750
51520,63541
51520,25719
51520,128608
51520,126030
51520,121834
51520,33472
51520,14703
51520,129377
51520,56406
51521,64256
51521,87768
51521,108725
51521,76178
51521,123087
51521,21621
51521,63083
51521,88413
51521,41039
51521,113294
51521,134603
51521,81438
51521,110111
51521,97093
51521,92013
51521,75979
51521,67720
51521,36672
51521,137158
51521,8255
51521,76813
51521,119292
51521,84774
51521,48146
51521,19759
51521,72312
51521,109100
51521,79540
51521,126417
51521,92451
51521,80229
51521,7989
51522,73361
51522,15954
51522,51721
51522,18271
51522,28930
51522,117839
51522,125524
51522,78867
51522,114744
51522,122101
51522,67937
51522,107300
51522,85280
51522,10133
51522,80572
51522,122356
51522,60007
51522,4810
51522,132106
51522,102079
51522,105421
51522,114569
51522,119627
51522,71740
51522,1022
51522,29621
51522,7567
51522,137076
51522,62824
51522,38311
51522,19263
51523,50976
51523,36363
51523,72672
51523,113223
51523,106301
51523,59175
51523,9665
51523,133797
51523,100669
51523,122748
51523,55718
51523,74344
51523,109846
51523,109609
51523,121991
51523,32787
51523,34222
51523,37126
51523,110815
51523,98336
51523,126301
51523,103563
51523,118348
51523,17494
51523,89733
51523,32240
51523,36651
51523,19826
51523,36822
51523,81549
51523,75822
51524,80930
51524,63562
51524,107174
51524,80778
51524,34728
51524,117972
51524,139764
51524,45604
51524,9456
51524,109237
51524,2356
51524,84802
51524,122466
51524,54906
51524,70521
51524,19626
51524,123948
51524,4297
51524,10552
51524,110977
51524,8243
51524,43456
51524,43997
51524,87188
51524,108734
51524,41396
51524,81767
51524,18107
51524,90439
51524,15716
51524,81762
51524,37733
51526,93358
51526,103518
51526,61776
51526,87909
51526,58437
51526,96833
51526,45689
51526,16544
51526,22453
51526,19518
51526,72975
51526,57857
51526,64935
51526,62926
51526,110100
51526,79424
51526,41378
51526,47665
51526,121502
51526,76084
51526,14210
51526,132016
51526,92155
51526,18468
51526,108968
51526,1083
51526,57441
51526,47522
51526,31304
51526,26271
51526,134688
51526,67004
51526,55308
51526,93860
51526,122932
51527,48186
51527,94209
51527,124202
51527,72975
51527,64165
51527,10691
51527,98130
51527,5738
51527,7807
51527,128983
51527,30990
51527,72324
51527,69543
51527,45275
51527,106285
51527,112569
51527,54626
51527,112437
51527,63084
51527,76014
51527,94964
51527,137493
51527,33553
51527,94781
51527,66271
51527,41273
51527,107639
51527,101997
51527,18870
51527,39365
51527,9874
51527,89522
51528,93974
51528,106366
51528,105779
51528,69184
51528,5322
51528,15390
51528,4503
51528,35679
51528,49084
51528,112502
51528,91975
51528,34151
51528,27540
51528,119527
51528,6713
51528,133689
51528,111838
51528,113983
51528,67233
51528,24041
51528,41337
51528,95095
51528,4080
51528,55127
51528,75408
51528,67477
51528,131242
51528,79398
51528,138452
51528,23190
51528,103339
51528,63188
51530,68795
51530,65019
51530,140545
51530,112237
51530,100149
51530,99221
51530,91611
51530,46466
51530,93033
51530,118084
51530,138069
51530,134188
51530,23413
51530,129396
51530,53590
51530,28313
51530,75365
51530,80311
51530,94663
51530,109393
51530,8005
51530,140795
51530,92705
51530,69911
51530,24847
51530,50417
51530,116710
51530,48277
51530,121880
51530,57075
51530,137701
51531,121504
51531,51028
51531,123532
51531,95278
51531,28042
51531,93647
51531,123312
51531,132542
51531,105518
51532,2571
51532,129201
51532,99601
51532,89986
51532,34751
51532,96460
51532,36095
51532,95701
51534,23671
51534,90125
51534,81114
51534,111411
51534,86478
51534,67145
51534,5712
51534,40346
51536,98603
51536,117336
51536,127064
51536,3749
51536,61707
51536,23100
51536,71027
51536,120799
51536,115917
51536,40446
51536,77343
51536,118428
51536,71049
51536,25528
51536,23956
51536,22572
51536,58345
51536,13080
51536,138267
51536,52575
51536,90669
51536,118907
51536,136890
51536,79867
51536,87198
51536,12003
51536,48543
51536,112228
51536,17885
51536,61749
51536,90762
51537,119620
51537,113806
51537,78019
51537,41927
51537,39068
51537,11043
51537,64350
51537,55830
51537,1311
51537,95629
51537,39805
51537,15856
51537,123233
51537,85614
51537,89700
51537,14593
51537,67084
51537,44451
51537,121787
51537,13245
51537,5614
51537,108039
51537,90687
51537,127864
51537,128486
51537,25756
51537,73441
51537,40915
51537,44429
51537,67259
51537,70475
51537,30951
51537,124438
51538,107652
51538,132210
51538,73077
51538,118670
51538,131917
51538,51178
51538,53883
51538,19157
51538,3724
51538,3235
51538,87652
51538,37540
51538,75972
51538,28132
51538,11359
51538,57169
51538,20022
51538,54247
51538,56573
51538,52703
51538,7620
51538,16325
51538,96808
51541,14938
51541,108968
51541,69543
51541,42168
51541,39982
51541,64192
51541,86890
51541,127899
51541,72324
51541,91310
51541,125828
51541,6160
51541,72643
51541,66357
51541,1083
51541,35880
51541,6585
51541,31304
51541,139266
51541,69667
51541,53544
51541,21934
51541,4398
51541,132784
51541,55308
51541,90299
51541,90505
51541,24889
51541,107055
51541,17569
51541,62570
51544,103457
51544,101905
51544,57846
51544,92318
51544,46497
51544,64914
51544,43698
51544,54994
51544,31111
51544,59286
51544,125075
51544,80817
51544,636
51545,87507
51545,81489
51545,11294
51545,132991
51545,55952
51545,26849
51545,7627
51545,123846
51545,106196
51545,87595
51545,60267
51545,74057
51545,4799
51545,20519
51545,362
51545,123355
51545,1247
51545,82074
51545,26274
51545,64592
51546,95182
51546,79537
51546,110189
51546,43657
51546,67724
51546,31486
51546,102874
51546,62726
51546,48375
51546,25236
51546,22013
51546,66643
51546,39329
51546,67389
51547,118449
51547,120114
51547,131919
51547,34894
51547,51104
51547,74008
51547,18807
51547,84386
51547,33399
51547,106074
51547,112947
51547,23702
51547,23618
51547,121052
51547,127147
51547,60783
51547,63620
51547,70133
51547,109173
51547,84126
51547,112204
51547,8383
51547,138140
51547,85634
51547,50152
51547,41314
51547,75879
51547,10703
51547,21632
51547,65800
51547,110344
51547,22311
51547,81706
51549,2704
51549,28313
51549,80293
51549,121880
51549,92705
51549,50417
51549,20297
51549,19859
51549,83080
51549,130089
51549,139876
51549,55225
51549,46466
51549,93033
51549,128978
51549,52276
51549,97508
51549,69911
51549,125583
51549,121565
51549,138208
51549,27078
51549,112796
51549,127031
51549,105212
51549,20857
51549,12793
51549,103004
51549,27294
51551,24397
51551,43720
51551,131330
51551,67617
51551,67192
51551,131107
51551,94144
51551,87314
51551,39215
51551,35618
51551,104553
51551,97857
51551,32406
51551,66876
51551,12214
51551,16583
51551,75393
51551,59246
51551,46400
51551,124543
51551,121418
51551,17771
51551,88931
51551,68615
51551,49903
51551,92536
51551,98300
51551,34425
51551,21960
51551,111743
51551,105642
51551,45785
51554,2687
51554,125508
51554,338
51554,112791
51554,54287
51554,114810
51555,92222
51555,29764
51555,39247
51555,10828
51555,140640
51555,55222
51555,19870
51555,125581
51555,11510
51555,119407
51555,79692
51555,98266
51555,49348
51555,92029
51555,1286
51555,99990
51555,17036
51555,50966
51555,67727
51555,31583
51555,6704
51555,118795
51555,4688
51555,105961
51555,12478
51556,127523
51556,136541
51556,79150
51556,3928
51556,138416
51556,81988
51556,60026
51556,67626
51556,85562
51556,119602
51556,129970
51556,99805
51556,133502
51556,93026
51556,75834
51556,86947
51556,109253
51556,114470
51556,59528
51556,123546
51556,27942
51556,6562
51556,93538
51556,66401
51556,17762
51556,15672
51556,60053
51556,6542
51556,16397
51556,1501
51556,124518
51557,93925
51557,65771
51557,58664
51557,67871
51557,106972
51557,17560
51557,102840
51557,24462
51557,89639
51557,131475
51557,126593
51557,12706
51557,75012
51557,76359
51557,72078
51557,134396
51557,45489
51557,35839
51557,29996
51557,134911
51557,109573
51557,119377
51557,138280
51557,74733
51557,54497
51557,82318
51557,130569
51557,124693
51557,7996
51557,16458
51558,82891
51558,117713
51558,57548
51558,97213
51558,50446
51558,45823
51559,93726
51559,105459
51559,132704
51559,29487
51559,82566
51559,133037
51559,67016
51559,30786
51559,65854
51559,100704
51559,126145
51559,66515
51559,74670
51559,52832
51559,32394
51559,10756
51559,113528
51559,84479
51559,125060
51559,115740
51559,96205
51559,102863
51559,135994
51559,67041
51559,88774
51559,139631
51559,27339
51559,9872
51559,111822
51559,111143
51559,98531
51559,3611
51561,97602
51561,347
51561,10203
51561,132165
51561,117305
51561,87293
51561,124443
51561,114129
51561,86680
51561,134564
51561,86168
51561,82169
51561,105104
51561,45217
51561,17998
51561,75860
51561,78345
51561,96548
51561,96809
51561,33201
51561,79338
51561,66893
51563,80909
51563,34316
51563,94984
51563,1066
51563,126403
51563,127229
51563,132608
51563,3867
51563,69481
51563,97184
51563,133311
51563,126066
51563,104142
51563,21556
51563,44858
51563,33021
51563,84276
51563,78545
51563,121571
51563,30572
51563,24523
51563,110714
51563,121628
51563,7657
51563,38312
51563,111107
51563,48443
51563,59351
51563,113549
51563,132685
51563,35203
51563,14836
51564,40445
51564,70999
51564,29276
51564,3471
51564,113788
51564,104563
51564,82565
51564,96424
51564,72471
51564,29598
51564,9527
51564,10194
51564,63494
51564,35809
51564,97816
51564,36468
51564,69322
51564,111094
51564,66349
51564,138142
51564,56665
51564,63031
51564,113283
51564,114892
51564,128985
51564,36572
51564,42953
51564,104434
51564,116087
51564,120821
51564,41444
51564,57471
51565,133456
51565,39388
51565,128152
51565,8091
51565,25127
51565,139177
51565,128926
51565,111428
51565,92656
51565,57757
51565,90442
51565,134285
51565,25600
51565,115547
51565,21555
51565,120383
51565,42110
51565,123203
51565,140347
51565,90977
51565,58490
51565,59752
51565,26760
51565,69202
51565,39771
51565,139390
51565,29916
51565,119724
51565,67076
51565,99840
51565,5636
51566,114807
51566,48678
51566,20445
51566,73356
51566,135446
51566,6742
51566,113892
51566,97072
51566,7739
51566,9016
51566,94807
51566,122455
51566,25570
51566,86205
51566,21318
51566,54947
51566,128946
51566,36263
51566,85825
51566,102445
51566,17413
51566,95788
51566,15976
51566,140645
51566,39789
51566,75748
51566,17768
51566,69487
51566,128708
51566,130893
51566,24430
51566,12822
51567,104163
51567,114680
51567,71529
51567,67340
51567,116851
51567,61751
51567,51073
51567,8027
51567,13623
51567,87766
51567,96202
51567,78706
51567,111733
51567,19459
51567,36835
51567,41443
51567,29728
51567,140156
51567,73339
51567,12666
51567,97451
51567,103962
51567,114796
51567,27984
51567,25016
51567,34549
51567,71374
51567,96152
51567,48616
51567,48446
51567,30239
51567,13494
51568,3634
51568,51021
51568,86409
51568,135737
51568,73473
51568,120053
51568,983
51568,93311
51568,102302
51568,28344
51568,108210
51568,79830
51568,27640
51568,30001
51568,16162
51568,68164
51568,13008
51568,44068
51568,126531
51568,42425
51568,89647
51568,93283
51568,83935
51568,13962
51568,97612
51568,27016
51568,19073
51568,133547
51568,32746
51568,87032
51568,117552
51568,18794
51570,48019
51570,24168
51570,123264
51570,52527
51570,113788
51570,70999
51570,97986
51570,57196
51570,97054
51570,34790
51570,32624
51570,8085
51570,106764
51570,27230
51570,58163
51570,133275
51570,109222
51570,64884
51570,90694
51570,63494
51570,68363
51570,108827
51570,69371
51570,59782
51570,65218
51570,28865
51570,92211
51570,116041
51570,103307
51570,39004
51571,115319
51571,91116
51571,69073
51571,126277
51571,8547
51571,107069
51571,132978
51571,25965
51571,54930
51571,64953
51571,22775
51571,98784
51571,121674
51571,73665
51571,47303
51571,72700
51571,81388
51571,11522
51571,61220
51571,95757
51571,11243
51571,133102
51571,68809
51571,43368
51571,36553
51571,65955
51571,37677
51571,50725
51571,74437
51571,63094
51571,69923
51571,87899
51571,14947
51572,49623
51572,28865
51572,29276
51572,97986
51572,99956
51572,16118
51572,26910
51572,42618
51572,52527
51572,113788
51572,109222
51572,106764
51572,103307
51572,126012
51572,32624
51572,39004
51572,66349
51572,58163
51572,40445
51572,63494
51572,8408
51572,120787
51572,72471
51572,29598
51572,64884
51572,46101
51572,88626
51572,8085
51572,93239
51572,11974
51572,101999
51572,65218
51572,93461
51573,105310
51573,19259
51573,5037
51573,89416
51573,43697
51573,96147
51573,95245
51573,56043
51573,96996
51573,61803
51573,31417
51573,69848
51573,16017
51573,118985
51573,59915
51573,87576
51573,27370
51573,72944
51573,36860
51573,99733
51573,84090
51573,140717
51573,23871
51573,131986
51573,94402
51573,3567
51573,47692
51573,81695
51573,77706
51573,111826
51573,77840
51575,29827
51575,70808
51575,68188
51575,104370
51575,80086
51575,31968
51575,133634
51575,71394
51575,25386
51575,72539
51575,103530
51575,45878
51575,117263
51575,7847
51575,24572
51575,13552
51575,120136
51575,35818
51575,121355
51576,48428
51576,68176
51576,58457
51576,114992
51576,59261
51576,118062
51576,11692
51576,26631
51576,138014
51576,124295
51576,4070
51576,107306
51576,83576
51576,124573
51576,31230
51576,31767
51576,131016
51576,90253
51576,115757
51576,96116
51576,123254
51576,16517
51576,62771
51576,89661
51576,49495
51576,78003
51576,110424
51576,70127
51576,88809
51576,74991
51576,48614
51576,3772
51576,121716
51578,122600
51578,75619
51578,60348
51578,53391
51578,56995
51578,38293
51579,77845
51579,112085
51579,107212
51579,139723
51579,117469
51579,4047
51579,85141
51579,137994
51579,89016
51579,45313
51579,11473
51579,5733
51579,72292
51579,73982
51579,58077
51579,35973
51579,132196
51579,14331
51579,134989
51579,134907
51579,27951
51579,28183
51579,76209
51579,47737
51579,39717
51579,33570
51579,72679
51579,114847
51579,12001
51579,71438
51579,7245
51579,67388
51579,129331
51580,99723
51580,3713
51580,97339
51580,94045
51580,65758
51580,110339
51580,83511
51580,25298
51580,93078
51580,107794
51580,115796
51580,131723
51580,131773
51580,90258
51580,117420
51580,122268
51580,106793
51580,78979
51580,21474
51580,11768
51580,98525
51580,75071
51580,92159
51580,65313
51580,43044
51580,34820
51580,110448
51580,102355
51580,47537
51580,18602
51580,100023
51586,87639
51586,22962
51586,124536
51586,15708
51586,16200
51586,91323
51586,11505
51586,138662
51586,50739
51586,45192
51586,37106
51586,59220
51586,12451
51586,36245
51586,53248
51586,115693
51586,54825
51586,64899
51586,15583
51586,93257
51586,85640
51586,105509
51586,93369
51586,120116
51586,116395
51586,36919
51589,96505
51589,28907
51589,109184
51589,60706
51589,22861
51589,64744
51589,74392
51589,111909
51589,79702
51589,56804
51589,89211
51589,102305
51589,5321
51589,129511
51589,85574
51589,79656
51589,37431
51589,136635
51589,33869
51589,86983
51589,85206
51589,50168
51589,80202
51589,66338
51589,76494
51589,130139
51589,134173
51589,99638
51589,7525
51589,101229
51589,7017
51589,16274
51589,78960
51590,105408
51590,80475
51590,126264
51590,70606
51590,126719
51590,1230
51590,139197
51590,41278
51590,45080
51590,131295
51590,135499
51590,35264
51590,6439
51590,121267
51590,38725
51590,7880
51590,105307
51590,114304
51590,69261
51590,129968
51590,31169
51594,77356
51594,21997
51594,126202
51594,101594
51594,75914
51594,28285
51594,120022
51594,69878
51594,41841
51594,81913
51594,95621
51594,71759
51594,59540
51594,53740
51594,50811
51594,40537
51594,122340
51594,78434
51594,129281
51594,56750
51594,77484
51594,31144
51594,50841
51595,113768
51595,38130
51595,3776
51595,20863
51595,22163
51595,115943
51595,92995
51595,79875
51595,63470
51595,113208
51595,82699
51595,29079
51595,10906
51595,21339
51595,44530
51595,53279
51595,51514
51595,46415
51595,120519
51595,31437
51595,109651
51595,45650
51595,124497
51595,49899
51595,59319
51595,6336
51595,41832
51595,122752
51595,112435
51595,91450
51595,27340
51595,54445
51595,42389
51595,56603
51597,20567
51597,130885
51597,44135
51597,130330
51597,71658
51597,119446
51597,94810
51597,55209
51597,52063
51597,66273
51598,5540
51598,60339
51598,21455
51598,5793
51598,77625
51598,112967
51598,22622
51598,55440
51598,88675
51598,33169
51598,93519
51598,129008
51598,136742
51598,94731
51598,23795
51598,34741
51598,55934
51598,89961
51598,129567
51598,89918
51598,240
51598,125786
51598,22164
51598,48993
51598,42890
51598,96625
51598,113526
51599,116505
51599,119794
51599,103174
51599,107652
51599,132210
51599,73077
51599,118670
51599,80545
51599,101520
51599,46027
51599,106307
51599,124043
51599,5700
51599,53883
51599,137487
51599,131917
51599,87652
51599,135028
51599,51178
51599,73145
51599,63417
51599,95604
51599,19836
51599,61011
51599,53916
51599,57169
51599,62403
51599,19157
51599,118206
51599,3235
51599,37540
51599,20022
51599,16325
51600,126111
51600,109530
51600,48253
51600,72353
51600,107053
51600,83234
51600,126593
51600,4738
51600,102840
51600,103543
51600,68619
51600,120303
51600,108685
51600,45439
51600,3617
51600,57835
51600,33441
51600,22810
51600,138280
51600,102667
51600,11555
51600,31821
51600,107049
51600,73156
51602,45813
51602,4771
51602,111876
51602,38326
51602,7242
51602,33359
51602,11988
51602,18820
51602,93488
51602,63018
51602,44529
51602,5412
51602,13984
51602,53872
51602,99341
51602,9682
51602,110640
51602,110050
51602,75910
51602,17934
51602,69388
51602,86305
51602,43225
51602,57898
51603,64610
51603,59263
51603,139776
51603,120624
51603,100255
51603,84141
51603,108528
51604,119968
51604,91510
51604,111942
51604,74001
51604,120936
51604,57060
51604,93259
51604,51008
51604,66796
51604,41621
51604,140512
51604,79046
51604,138383
51604,87177
51604,80810
51604,9432
51604,7813
51604,108243
51604,127833
51604,140805
51604,140384
51604,76564
51605,48428
51605,68176
51605,114992
51605,59261
51605,11692
51605,26631
51605,22773
51605,23122
51605,138014
51605,58457
51605,4070
51605,124295
51605,31230
51605,118062
51605,63100
51605,31767
51605,131016
51605,90253
51605,107306
51605,115876
51605,35879
51605,1700
51605,16517
51605,123254
51605,89661
51605,110424
51605,78003
51605,49495
51605,81044
51605,74991
51605,48614
51605,70127
51605,3772
51606,39124
51606,65640
51606,123056
51606,46966
51606,129678
51606,56920
51606,87134
51606,138731
51606,39168
51606,89789
51606,17204
51606,140348
51606,113737
51606,130650
51606,63939
51606,61724
51606,125665
51606,57801
51606,140651
51606,50989
51606,89213
51606,21178
51606,123964
51606,89755
51606,40751
51606,63092
51606,72755
51606,94810
51606,58632
51606,95191
51607,19823
51607,43185
51607,101586
51607,100874
51607,61296
51607,20850
51607,115865
51607,120763
51607,119146
51607,135407
51607,26006
51607,107404
51607,84469
51607,69364
51607,82630
51610,45419
51610,8801
51610,84591
51610,50808
51610,36437
51610,62467
51610,17531
51610,123382
51610,128131
51610,87014
51610,18989
51610,73490
51610,48868
51610,98429
51610,112140
51610,3629
51610,57589
51610,45787
51610,49996
51610,42287
51610,53761
51610,77026
51610,55185
51611,77715
51611,92129
51611,111929
51611,103581
51611,129098
51611,18553
51611,64325
51611,118365
51611,46230
51611,92394
51611,97471
51611,73734
51611,91174
51611,65363
51611,86807
51611,106386
51611,69851
51611,82548
51611,55650
51611,42893
51611,92083
51611,115736
51611,139891
51611,11282
51611,28963
51611,82780
51611,38734
51611,133801
51611,52048
51611,64321
51612,666
51612,93770
51612,55920
51612,37555
51612,54572
51612,13728
51612,132435
51612,25149
51612,140592
51612,25779
51612,114770
51612,97282
51612,39427
51612,81214
51612,102234
51612,117460
51612,118677
51612,60910
51612,67793
51612,121735
51612,57315
51612,85194
51612,88570
51612,41381
51612,67995
51612,78186
51616,112574
51616,22131
51616,38800
51616,140337
51616,16824
51616,92038
51616,85865
51616,140239
51616,134248
51616,711
51616,58833
51616,101146
51616,50199
51616,137893
51616,130428
51616,58124
51616,113108
51616,124224
51616,4076
51616,46279
51616,42964
51616,14675
51616,72799
51616,90583
51616,39825
51616,109772
51616,49487
51618,78741
51618,131320
51618,135668
51618,123596
51618,22139
51618,118927
51618,70143
51618,59395
51618,34178
51618,78944
51618,123250
51618,99833
51618,47595
51618,49923
51618,50116
51618,81217
51618,130850
51618,55139
51618,42570
51618,85611
51618,101986
51618,6597
51618,7077
51618,113724
51618,108913
51618,38883
51620,13674
51620,118766
51620,94080
51620,132817
51620,11948
51620,70683
51620,81720
51622,29301
51622,117972
51622,63412
51622,38178
51622,24743
51622,80778
51622,51236
51622,2356
51622,109237
51622,125299
51622,131608
51622,58755
51622,90224
51622,9987
51622,102144
51622,139764
51622,55777
51622,119942
51622,34728
51622,136915
51622,85000
51622,131932
51622,62030
51622,109958
51622,116435
51622,100892
51622,8243
51622,90439
51622,63562
51622,43456
51622,45604
51622,81762
51622,4430
51624,130154
51624,12571
51624,50284
51624,83077
51624,63808
51624,109099
51624,133342
51624,84830
51624,48117
51624,24637
51624,27974
51624,21043
51624,64529
51624,114149
51624,20659
51624,92181
51624,120973
51624,77147
51624,112271
51624,7972
51624,17997
51624,42844
51624,61322
51624,12795
51624,95132
51624,105613
51624,38482
51624,60800
51624,102656
51624,114184
51624,50047
51624,43246
51624,107164
51625,19965
51625,94241
51625,94976
51625,44213
51625,30313
51625,123055
51625,68038
51625,94850
51625,89202
51625,100556
51625,87171
51625,114201
51625,115994
51625,81352
51625,62868
51625,58398
51625,53480
51625,48922
51625,47427
51625,121614
51625,69149
51625,83079
51625,114442
51625,128481
51625,97430
51625,10494
51625,38769
51627,140082
51627,44899
51627,67669
51627,112995
51627,134387
51627,62696
51627,74759
51627,118289
51627,97046
51627,7732
51627,66094
51627,3286
51627,55994
51627,26610
51627,102968
51627,28102
51627,108214
51627,112940
51627,24591
51627,87897
51627,27499
51627,123159
51627,99918
51627,80272
51627,100248
51627,133515
51629,126657
51629,15994
51629,1230
51629,3213
51629,25476
51629,8962
51629,4875
51629,86639
51629,71376
51629,61529
51629,71181
51629,41712
51629,77935
51629,74754
51629,80475
51629,98736
51629,90730
51629,62160
51629,14878
51629,31643
51629,17633
51629,121267
51629,70934
51629,53494
51629,135779
51629,38750
51629,120497
51629,5002
51629,69261
51629,72492
51629,44923
51629,106819
51630,51021
51630,120053
51630,3634
51630,20979
51630,19073
51630,983
51630,94156
51630,13962
51630,79890
51630,42425
51630,93283
51630,87032
51633,52683
51633,126818
51633,5505
51633,36412
51633,25564
51633,36045
51633,105123
51633,12899
51633,78649
51633,110663
51633,15802
51633,90380
51633,77959
51633,53141
51633,119727
51633,46393
51633,361
51633,126652
51633,64949
51633,62417
51633,72731
51633,119316
51633,15945
51633,66917
51633,122299
51633,21198
51635,113768
51635,136220
51635,96356
51635,14912
51635,38130
51635,111520
51635,35397
51635,21339
51635,30630
51635,111823
51635,29079
51635,73738
51635,4302
51635,54445
51635,56603
51635,76814
51635,54474
51635,34826
51635,134259
51635,91450
51635,92649
51635,131238
51635,100511
51635,128461
51635,117624
51635,66800
51635,41497
51635,45354
51635,63511
51635,75913
51635,58599
51636,118604
51636,65235
51636,86277
51636,137852
51636,55230
51636,47102
51636,101592
51636,26681
51636,55549
51636,53845
51636,121611
51636,99214
51636,94178
51636,69619
51636,64598
51636,115077
51636,139310
51636,56200
51636,57001
51636,111343
51636,16738
51636,61179
51636,139626
51636,86180
51636,73027
51636,65779
51636,62955
51636,80666
51636,13800
51636,77522
51636,73788
51636,110546
51638,91601
51638,11297
51638,111719
51638,100585
51638,90081
51638,136469
51638,89878
51638,60274
51638,38161
51638,140202
51638,108191
51638,130414
51638,125343
51638,108094
51638,60463
51638,119805
51638,125254
51638,102251
51638,132045
51638,40412
51638,135249
51638,248
51638,88671
51638,17642
51638,69670
51638,97704
51638,31768
51638,98465
51638,12346
51638,83831
51638,55264
51638,52851
51638,78841
51640,60785
51640,83473
51640,48665
51640,19166
51640,116080
51640,66102
51640,114559
51640,67489
51640,133620
51640,129900
51640,59618
51640,440
51640,51731
51640,127310
51640,64603
51640,91343
51640,137535
51640,95440
51640,81884
51640,45395
51640,132118
51640,59017
51640,130559
51640,59976
51640,62596
51640,64108
51640,133599
51640,140068
51640,53618
51640,122622
51640,87006
51641,38471
51641,39161
51641,119810
51641,115541
51641,131081
51642,23366
51642,101241
51642,3106
51642,63335
51642,106364
51642,26010
51642,120174
51642,92903
51642,73179
51642,50818
51642,8702
51642,132047
51642,140514
51642,104456
51642,23803
51642,120560
51642,114043
51642,28041
51642,66266
51642,108226
51642,25206
51642,29693
51642,40982
51642,124297
51642,79075
51642,19829
51642,28989
51642,86632
51642,53445
51642,53188
51644,8834
51644,21243
51644,58684
51644,75383
51644,22529
51644,82845
51644,67753
51644,60113
51644,98577
51644,101461
51644,44111
51644,60108
51644,126876
51644,81571
51644,105928
51644,63607
51644,89750
51644,59422
51644,50856
51644,133438
51644,120367
51644,116449
51644,52148
51644,95832
51644,99380
51644,30320
51644,3728
51644,109439
51644,62418
51644,134720
51644,115660
51644,52503
51644,52175
51644,136612
51645,131525
51645,137348
51645,50929
51645,34266
51645,10880
51645,138177
51645,120664
51645,41657
51645,58611
51645,8979
51645,4893
51645,75256
51645,9205
51646,48233
51646,133509
51646,7898
51646,8917
51646,31135
51646,99025
51646,121696
51646,109868
51646,37790
51646,30487
51646,13934
51646,8508
51646,38981
51646,120238
51646,110258
51646,96553
51646,96974
51646,113912
51646,103982
51646,138722
51646,30986
51646,139000
51646,55059
51646,14411
51646,15608
51646,46320
51646,59056
51646,55865
51646,41438
51646,116852
51646,131894
51646,74251
51646,73379
51647,64001
51647,50931
51647,113688
51647,5874
51647,83650
51647,15736
51647,87720
51647,474
51647,31301
51647,107933
51647,90820
51647,21118
51647,37614
51647,121743
51647,77110
51647,30165
51647,128546
51647,40532
51647,17833
51647,5648
51647,128766
51647,35918
51647,132384
51647,66120
51647,3191
51647,180
51647,85782
51647,63379
51647,82805
51647,61458
51647,132823
51648,72472
51648,125776
51648,125961
51648,64962
51648,98055
51648,70620
51648,25169
51648,95037
51648,101332
51648,16195
51648,92469
51648,125433
51648,37055
51648,46785
51648,70524
51648,138847
51648,22652
51648,68371
51648,25670
51648,17289
51648,56740
51648,124924
51648,79147
51648,14952
51648,111829
51648,67298
51649,48952
51649,60283
51649,85805
51649,34198
51649,60605
51649,42271
51649,122581
51649,123493
51649,29591
51649,111824
51649,119106
51649,93177
51649,11643
51649,135070
51649,92833
51649,127970
51649,89701
51649,92170
51649,84761
51649,77284
51649,20292
51649,130752
51649,79502
51649,35644
51649,99904
51649,37011
51651,33297
51651,100875
51651,80795
51651,54955
51651,41043
51651,93722
51651,104364
51651,32677
51651,50465
51651,82584
51651,109208
51651,25072
51651,17476
51651,103619
51651,45817
51651,12118
51651,88135
51651,6574
51651,138278
51651,62549
51651,23037
51651,81979
51651,42668
51651,16375
51651,55200
51651,86845
51651,4890
51652,129151
51652,33334
51652,206
51652,139493
51652,21499
51652,122832
51652,40435
51652,7682
51652,137796
51652,50415
51652,107082
51652,38871
51652,26341
51652,81567
51652,4400
51652,126886
51652,31108
51652,14464
51652,55128
51657,20973
51657,113648
51657,51408
51657,12933
51657,106542
51657,120747
51657,84978
51657,59298
51657,101892
51657,105511
51657,4841
51657,133130
51657,32685
51657,28913
51657,8787
51657,135660
51657,33703
51657,72202
51657,88856
51657,133997
51657,2712
51657,115614
51657,36361
51657,29083
51657,19560
51657,57917
51657,40223
51657,30778
51657,117773
51657,61496
51657,25623
51658,106421
51658,90920
51658,34852
51658,48004
51658,106230
51658,120248
51658,107028
51658,63604
51658,7377
51658,135238
51658,77574
51658,87490
51658,75147
51658,124778
51658,41400
51658,57125
51658,2906
51658,80579
51658,56917
51658,96112
51658,72826
51658,40048
51658,25979
51658,35010
51658,7895
51658,123584
51658,98719
51658,134288
51658,14024
51658,33067
51658,4634
51658,8374
51658,52263
51658,19150
51659,105781
51659,5410
51659,52295
51659,135193
51659,128348
51659,33859
51659,42961
51659,48087
51659,29220
51659,51769
51659,16004
51659,136283
51659,119682
51659,42717
51659,74043
51659,79872
51659,102196
51659,103235
51659,35912
51659,106969
51659,19700
51659,131557
51659,54991
51659,95858
51659,16728
51659,73981
51659,93248
51661,64336
51661,81235
51661,112125
51661,101865
51661,63132
51661,119042
51661,50184
51661,46753
51661,75787
51661,123395
51661,131935
51662,61648
51662,31048
51662,96362
51662,23572
51662,51215
51662,44865
51662,5324
51662,98436
51662,60554
51662,58997
51662,120571
51662,135578
51662,136261
51662,93432
51662,41439
51662,107165
51662,3435
51662,66138
51662,138620
51662,35976
51662,135563
51662,25549
51662,68362
51662,58487
51662,30441
51662,45780
51663,56656
51663,139364
51663,3104
51663,57353
51663,48165
51663,115222
51663,93678
51663,59864
51663,7948
51663,80897
51663,112233
51664,80733
51664,16594
51664,116681
51664,102400
51664,72846
51664,16446
51664,57302
51664,60716
51664,40966
51664,66942
51664,125317
51664,107320
51664,6042
51664,18649
51664,28977
51664,121393
51664,85489
51664,93399
51664,74525
51664,69194
51664,82129
51664,75952
51664,60610
51664,115039
51664,42958
51664,103645
51664,13454
51664,8192
51664,7361
51664,10168
51664,139730
51664,30660
51666,108534
51666,134359
51666,43899
51666,72602
51666,55544
51666,22233
51666,31331
51666,58900
51666,12323
51666,63840
51666,59990
51666,87368
51666,121979
51666,57778
51666,89141
51666,35221
51666,131135
51666,3969
51667,79225
51667,18016
51667,26804
51667,17890
51667,34187
51667,35767
51667,38183
51667,11244
51667,25121
51667,69294
51667,120960
51667,101128
51667,100913
51667,9392
51667,65557
51667,100852
51667,125440
51667,82482
51667,14009
51667,37278
51667,40937
51667,78169
51667,75069
51667,66769
51667,4940
51667,97118
51667,109409
51667,50188
51667,57905
51669,1015
51669,91186
51669,55526
51669,63769
51669,43890
51669,40898
51669,112865
51669,67991
51669,45205
51673,76226
51673,86107
51673,31820
51673,44493
51673,25827
51673,124845
51673,69392
51673,82767
51673,1958
51673,6559
51673,41225
51673,109810
51673,127898
51673,124751
51673,2037
51673,87425
51673,89603
51673,8903
51673,69730
51673,78032
51673,58568
51673,46045
51673,64115
51673,120586
51673,52669
51673,99161
51673,11976
51673,131346
51673,208
51673,66464
51673,122935
51673,128916
51674,98108
51674,133351
51674,51814
51674,28435
51674,140761
51674,25517
51674,48996
51674,90192
51674,75209
51674,71983
51674,96843
51674,45859
51674,40871
51674,13370
51674,32941
51674,36152
51674,111653
51674,94165
51674,83413
51674,124407
51674,126954
51674,34109
51674,120551
51674,101261
51674,72794
51674,124411
51674,51566
51676,103641
51676,57419
51676,99290
51676,48336
51676,106528
51676,27427
51676,16555
51676,102771
51676,27430
51676,127787
51676,12100
51676,128000
51676,106286
51676,17245
51676,15701
51676,40643
51676,131620
51676,41522
51676,61171
51676,72725
51676,29323
51676,69079
51676,36817
51676,135443
51676,111140
51676,98004
51676,58880
51676,67382
51676,131159
51679,82757
51679,117249
51679,38649
51679,134700
51679,109890
51679,18236
51679,38010
51681,68153
51681,65606
51681,46153
51681,7360
51681,20362
51681,107310
51681,22541
51681,90103
51681,21250
51681,81988
51681,59500
51681,80290
51681,16552
51681,49368
51681,35245
51681,127416
51681,4309
51681,73671
51681,17762
51681,138416
51681,111000
51681,89119
51681,18978
51681,32107
51683,85508
51683,27738
51683,27369
51683,93640
51683,103313
51683,32943
51683,77283
51683,98567
51683,61060
51683,24903
51683,25526
51683,70404
51683,30820
51683,83208
51686,45896
51686,76443
51686,42693
51686,85430
51686,24519
51686,69514
51686,42265
51686,23862
51686,65860
51686,83134
51686,90770
51686,86928
51686,23552
51686,125747
51686,68199
51686,22607
51686,105796
51686,116211
51686,4780
51686,134823
51686,4573
51686,34578
51686,132817
51686,106872
51686,70838
51686,67949
51686,82439
51686,74279
51686,118919
51686,68760
51686,136202
51686,70683
51686,70035
51686,75897
51687,90424
51687,42244
51687,43709
51687,136797
51687,74598
51687,43924
51687,35378
51687,61986
51687,125914
51687,9268
51687,121348
51687,110490
51687,89820
51687,140472
51687,53732
51687,82937
51687,139470
51687,7405
51687,70048
51687,4690
51687,124624
51687,77322
51687,129562
51687,8325
51687,66752
51687,98624
51687,3675
51687,36246
51687,89454
51687,87577
51687,40391
51687,17068
51688,85363
51688,44458
51688,80175
51688,49579
51688,20396
51688,15980
51688,78050
51688,16839
51688,43123
51688,37545
51688,51103
51688,52996
51688,81993
51688,90645
51688,106660
51688,130038
51688,122624
51688,119333
51688,54861
51688,789
51688,131036
51688,12820
51688,111747
51688,82152
51688,34467
51688,133331
51688,119990
51688,58894
51688,2123
51688,133739
51690,17134
51690,13615
51690,133826
51690,37309
51690,16733
51690,59032
51690,22651
51690,136493
51690,70825
51690,48409
51690,101430
51690,110110
51690,60315
51690,47609
51690,43910
51690,95322
51690,113323
51690,49072
51690,37438
51690,29056
51690,115046
51690,95511
51690,53775
51690,139421
51690,87277
51690,127283
51690,132832
51690,125960
51690,50384
51690,137606
51690,48115
51690,51296
51691,65189
51691,106699
51691,29254
51691,96413
51691,42188
51691,118906
51691,17795
51691,133520
51691,136712
51691,58295
51691,66095
51691,17102
51691,115101
51691,16575
51691,105275
51691,243
51691,38953
51691,132128
51691,19303
51691,27347
51691,105908
51691,135421
51691,36780
51691,86254
51691,105420
51691,61636
51691,89730
51691,132369
51691,20453
51691,103342
51692,128529
51692,1563
51692,99616
51692,83023
51692,137262
51692,86428
51692,3773
51692,64541
51692,120081
51692,11668
51692,117459
51692,117391
51692,62447
51692,98447
51692,40814
51692,5325
51692,140766
51692,37315
51692,132673
51692,31548
51692,109239
51692,74782
51692,93922
51692,89980
51692,428
51692,48437
51692,50446
51692,136259
51692,33291
51692,86597
51692,95250
51692,41893
51692,44335
51692,101051
51694,89221
51694,65735
51694,37141
51694,62155
51694,13723
51694,128961
51694,135659
51694,64485
51694,47314
51694,136599
51694,20456
51694,16829
51694,27896
51694,124567
51694,2152
51694,39829
51694,44817
51694,1117
51694,106704
51694,103443
51695,63105
51695,20430
51695,60144
51695,69184
51695,133689
51695,8864
51695,46501
51695,5322
51695,63229
51695,14480
51695,25159
51695,78647
51695,93974
51695,75205
51695,4503
51695,27540
51695,131493
51695,119527
51695,57170
51695,24041
51695,34151
51695,6713
51695,77074
51695,20587
51695,67233
51695,49084
51695,59721
51695,113983
51695,129914
51695,67477
51695,79398
51695,35679
51695,20274
51695,75408
51696,34229
51696,110910
51696,128224
51696,9733
51696,100626
51696,116224
51696,71951
51696,26823
51696,103469
51696,113386
51699,63621
51699,21592
51699,77389
51699,3262
51699,92516
51699,95509
51699,111672
51699,32877
51699,140235
51699,1124
51699,68139
51699,47313
51699,65049
51699,107497
51699,71399
51699,78698
51699,52065
51699,104244
51699,36865
51699,102545
51699,48312
51701,36990
51701,67658
51701,53003
51701,14923
51701,2214
51701,63922
51701,137210
51701,11197
51701,125315
51705,88565
51705,54503
51705,42291
51705,87169
51705,50440
51705,83170
51705,23294
51705,37349
51705,133896
51705,114409
51705,133665
51705,59558
51705,117629
51705,114914
51705,38740
51705,6146
51705,100193
51705,86373
51705,116848
51705,36275
51705,64896
51705,13058
51705,26615
51705,72600
51705,111075
51706,96751
51706,27131
51706,99942
51706,62251
51706,79339
51706,2879
51706,90122
51706,54670
51706,117788
51706,41101
51706,125168
51706,136743
51706,35204
51706,117525
51706,92271
51706,14198
51706,15447
51706,12345
51706,87444
51706,92306
51706,1145
51706,57282
51706,44765
51706,20352
51706,44085
51706,85472
51706,69585
51706,87746
51706,100562
51706,136171
51706,84954
51706,126194
51708,88901
51708,104480
51708,8563
51708,28248
51708,59526
51708,42937
51708,53341
51708,12447
51708,89073
51708,95307
51708,109396
51708,43448
51708,351
51708,87377
51708,59267
51708,113405
51708,78283
51708,111106
51708,128655
51708,88233
51708,68914
51708,39435
51708,37881
51708,76656
51708,122844
51708,21315
51708,19321
51708,74474
51708,110789
51710,99942
51710,5922
51710,88624
51710,82735
51710,43528
51710,74682
51710,35204
51710,27131
51710,84374
51710,131454
51710,59632
51710,93150
51710,64175
51711,80545
51711,132210
51711,123801
51711,92432
51711,129263
51711,117771
51714,125744
51714,100664
51714,134845
51714,101406
51714,100748
51714,67140
51714,99219
51714,24092
51714,114209
51714,81804
51714,13760
51714,19807
51714,103908
51714,131350
51714,80832
51714,15609
51714,62587
51714,30435
51714,8134
51714,39526
51714,139165
51714,82897
51714,14912
51714,67619
51714,72508
51714,99844
51714,129643
51714,18410
51714,90254
51714,7432
51714,112871
51714,128339
51718,57110
51718,91145
51718,108203
51718,82039
51718,41525
51718,87220
51719,38898
51719,59058
51719,104546
51719,117509
51719,17018
51719,66560
51719,96337
51719,23347
51719,102740
51719,118749
51719,49316
51719,85491
51719,85514
51719,61296
51719,85438
51719,111047
51719,132305
51719,66785
51719,81199
51719,26006
51719,129539
51719,10876
51719,101586
51719,135407
51719,100874
51719,125993
51719,17592
51719,120763
51719,107404
51719,84469
51719,98783
51719,69364
51719,82630
51720,77219
51720,33762
51720,59111
51720,113650
51720,3709
51720,92758
51720,4778
51720,7659
51720,127712
51720,28770
51720,39764
51720,113487
51720,85114
51720,130781
51720,43445
51720,58078
51720,8952
51720,4219
51720,123205
51720,133582
51720,84714
51720,94709
51720,137056
51720,89130
51720,88535
51720,26753
51720,62505
51720,61010
51720,36861
51720,101850
51720,544
51720,68171
51720,74628
51722,29189
51722,16947
51722,57387
51722,57327
51722,79461
51722,122666
51723,69980
51723,78250
51723,114144
51723,60312
51723,95294
51723,51736
51723,23557
51723,128951
51728,101114
51728,19930
51728,15905
51728,871
51728,23310
51728,138419
51728,48271
51728,97203
51728,51005
51728,23235
51728,69298
51728,31395
51728,47751
51728,49169
51728,83014
51728,83929
51728,77369
51728,89413
51728,78791
51728,1553
51729,2446
51729,17491
51729,48747
51729,18524
51729,140637
51729,26049
51729,125754
51729,29331
51729,48778
51729,125570
51729,83777
51729,10096
51729,37378
51729,38266
51729,122003
51729,89382
51729,88910
51729,53297
51729,94055
51729,118512
51729,52513
51729,115637
51729,121246
51729,19787
51729,68605
51729,74967
51729,106245
51729,118011
51729,56121
51729,5766
51729,43324
51731,39526
51731,125744
51731,100748
51731,100664
51731,14912
51731,24092
51731,99219
51731,131350
51731,67140
51731,97432
51731,130468
51731,13252
51731,114209
51731,80832
51731,54116
51731,8134
51731,139165
51731,67619
51731,134845
51731,82897
51731,17023
51731,67150
51731,79083
51731,134077
51731,113164
51731,96356
51731,6435
51731,129643
51731,90151
51731,106647
51731,54445
51731,7432
51732,87502
51732,97501
51732,62143
51732,133869
51732,42951
51732,5604
51732,50355
51732,54602
51732,128496
51732,70066
51732,22150
51732,115332
51732,30299
51732,131841
51732,26364
51732,80964
51732,35066
51732,156
51732,108507
51734,14971
51734,66507
51734,6879
51734,123906
51734,43982
51734,82901
51734,25318
51734,132964
51734,36715
51734,58899
51734,16335
51734,123782
51734,106795
51734,105984
51734,72521
51734,47782
51734,63708
51734,16072
51734,69368
51734,62729
51734,134789
51734,67330
51734,43348
51734,62731
51734,52997
51734,116855
51734,19835
51734,16857
51734,11113
51734,37752
51734,105635
51734,36623
51734,4646
51735,32420
51735,49866
51735,134866
51735,91548
51735,66712
51735,70525
51735,68758
51735,126709
51735,68219
51735,41952
51735,9541
51735,3188
51735,72070
51735,29681
51735,62244
51735,5616
51735,129283
51735,121913
51735,75277
51740,35012
51740,85758
51740,137318
51740,140429
51740,118711
51740,14616
51740,125217
51740,11800
51740,116446
51740,88122
51740,102892
51740,73023
51740,99124
51740,38124
51740,89489
51740,125669
51740,100654
51740,22674
51740,59537
51741,67582
51741,55605
51741,114863
51741,38842
51741,33333
51741,79899
51741,92136
51741,5205
51741,34435
51741,67507
51741,92423
51741,18838
51741,8948
51741,78990
51741,7776
51741,91923
51743,45129
51743,32917
51743,81907
51743,30723
51743,63600
51743,81877
51743,67682
51743,73570
51743,102969
51743,138609
51743,63506
51743,4493
51743,122407
51743,106243
51743,8483
51743,28664
51743,128825
51743,45543
51743,79712
51743,59891
51743,5148
51743,79246
51743,98293
51743,59631
51743,80374
51743,112246
51743,99505
51743,48563
51743,73867
51743,113029
51743,120784
51743,36360
51743,133951
51743,12054
51747,30762
51747,101111
51747,47637
51747,40335
51747,27357
51747,48363
51747,17493
51747,99726
51747,524
51747,92257
51747,110269
51747,41423
51747,70834
51747,94203
51747,67810
51747,59097
51747,8983
51747,130141
51747,56911
51747,66146
51747,115941
51747,118207
51747,28494
51747,139866
51747,74557
51747,90078
51747,37813
51749,22488
51749,40324
51749,83348
51749,39124
51749,131572
51749,123156
51749,65640
51749,51919
51749,119449
51749,44653
51749,32149
51749,30035
51749,38856
51749,7596
51749,59374
51749,84543
51749,110525
51749,89789
51749,91627
51749,113931
51749,72578
51749,118192
51749,33243
51749,34694
51749,138787
51749,140651
51749,76771
51749,113617
51749,114478
51749,41388
51749,133405
51752,135551
51752,16826
51752,20136
51752,135487
51752,107846
51752,88219
51752,22471
51752,134686
51752,74882
51752,139719
51752,21443
51752,13019
51752,88778
51752,47359
51752,68601
51752,108213
51752,135726
51752,560
51755,137676
51755,10802
51755,135484
51755,25494
51755,125830
51755,34818
51755,11852
51755,126457
51755,57291
51755,69205
51755,3614
51755,131587
51755,41175
51755,42647
51755,124677
51755,78058
51755,87995
51755,104717
51755,132433
51755,114813
51755,92405
51755,109634
51755,96884
51755,106468
51755,54787
51755,52954
51755,30525
51755,40037
51755,98330
51755,68247
51755,105079
51756,59032
51756,109762
51756,54644
51756,53775
51756,68517
51756,6616
51756,53507
51756,76347
51756,5763
51756,103693
51756,102737
51756,122911
51756,110199
51756,77242
51756,95511
51756,4989
51756,91472
51756,50945
51756,44198
51756,129595
51756,62954
51757,123697
51757,96928
51757,91557
51757,135234
51757,68065
51757,26509
51757,72792
51757,19509
51757,75230
51757,91874
51757,76184
51757,13706
51757,139221
51757,64950
51757,69269
51757,41218
51757,10872
51757,119584
51757,88196
51757,117798
51757,61406
51757,114257
51757,129762
51757,1442
51757,77552
51757,57323
51757,86282
51757,133353
51757,3358
51757,64606
51757,91703
51757,90026
51758,90777
51758,40256
51758,66248
51758,120288
51758,24904
51758,21038
51758,30743
51758,10682
51758,87830
51758,80325
51758,106237
51758,89184
51758,60572
51758,114870
51758,103692
51758,500
51758,75222
51758,94126
51762,6600
51762,22786
51762,12043
51762,22083
51762,106691
51762,95011
51762,69049
51762,80877
51762,29836
51762,79159
51762,79635
51762,25986
51762,75852
51762,21379
51762,111975
51762,67760
51762,24861
51762,46081
51762,124994
51762,46201
51762,61948
51762,9064
51762,129152
51762,139513
51762,7697
51762,50091
51762,99585
51762,41382
51762,35395
51762,118029
51762,111638
51762,64891
51762,37948
51763,66526
51763,34492
51763,80575
51763,48415
51763,106083
51763,38330
51763,97905
51763,34024
51763,121762
51763,121090
51763,94630
51763,139541
51763,106799
51763,60131
51763,105091
51763,110988
51763,48085
51763,44116
51763,122366
51763,125518
51763,22211
51763,68252
51763,103343
51763,25867
51763,101732
51763,48920
51763,67616
51763,61557
51764,6843
51764,89389
51764,16284
51764,44626
51764,51777
51764,101254
51764,37114
51765,73675
51765,83537
51765,11522
51765,22775
51765,81388
51765,98784
51765,115319
51765,8799
51765,59320
51765,91116
51765,87120
51765,11243
51765,91185
51765,108068
51765,69923
51765,63094
51765,31547
51765,87494
51765,3054
51765,133102
51765,16526
51765,1990
51765,29789
51765,62212
51765,37677
51765,114639
51765,133942
51765,96968
51765,11671
51765,79614
51765,16232
51766,79896
51766,91485
51766,136265
51766,91997
51766,76658
51766,778
51766,62316
51766,47138
51766,11839
51766,70206
51766,36391
51766,64734
51766,79915
51766,113691
51766,17051
51766,120934
51766,96138
51766,137139
51766,7587
51766,10311
51766,9115
51766,92759
51766,85024
51766,49291
51766,2487
51766,65072
51766,84845
51766,77736
51766,100942
51766,42447
51766,97362
51766,125223
51768,85334
51768,84929
51768,40164
51768,83823
51768,41435
51768,103209
51768,101629
51768,28787
51768,11085
51768,15529
51768,97943
51768,55790
51768,56129
51768,129170
51768,55583
51768,78389
51768,116010
51768,122609
51768,89646
51768,98992
51768,49375
51768,123962
51768,73915
51768,4040
51768,18259
51768,10568
51768,14601
51768,33664
51768,127065
51768,127371
51768,68741
51770,48815
51770,62593
51770,21469
51770,11719
51770,33341
51770,118064
51770,77275
51770,91315
51770,133227
51770,30867
51770,105300
51770,13297
51770,50912
51770,12082
51770,117787
51770,119388
51770,130231
51770,110402
51770,33764
51770,38345
51770,63794
51770,132906
51770,135941
51770,67367
51770,74892
51770,98668
51770,104648
51770,41001
51770,68723
51770,136686
51770,73134
51770,123377
51771,117782
51771,29783
51771,19575
51771,44894
51771,48064
51771,124930
51771,128433
51771,13205
51771,128201
51771,74617
51771,48721
51771,18076
51771,65989
51771,44308
51771,48975
51771,112054
51771,114392
51771,120670
51771,20801
51771,2464
51771,88262
51771,25978
51771,59647
51771,75082
51771,49612
51771,14720
51771,130270
51771,55270
51771,114536
51771,108360
51771,16433
51772,116293
51772,79778
51772,41047
51772,71293
51772,53397
51772,67524
51772,92743
51772,123835
51772,125627
51772,114710
51772,133173
51772,87956
51772,26041
51772,38080
51772,132644
51772,31691
51772,3089
51772,95357
51772,84017
51772,104511
51772,12246
51772,86110
51773,109373
51773,43503
51773,15220
51773,128421
51773,63805
51773,112168
51773,43092
51773,84905
51773,107198
51773,106496
51773,107672
51773,10173
51773,124907
51773,94543
51773,129951
51773,129273
51773,53390
51773,81300
51773,65460
51773,94627
51773,103886
51773,121790
51773,48557
51773,123505
51773,118609
51773,35870
51773,118640
51773,47083
51773,91952
51773,67102
51773,37239
51773,73707
51778,118749
51778,104546
51778,23347
51778,81199
51778,96337
51778,85491
51778,49316
51778,102740
51778,79155
51778,79395
51778,17018
51778,66560
51778,114364
51778,111047
51778,72980
51778,20969
51778,17592
51778,132305
51778,114204
51778,66785
51778,59058
51778,85514
51778,47614
51778,58745
51778,44912
51778,18142
51778,101586
51778,85438
51778,84469
51778,98783
51778,69364
51778,28018
51780,50448
51780,94117
51780,132240
51780,116488
51780,126642
51780,121731
51780,138402
51780,89711
51780,43329
51780,38336
51781,116793
51781,105139
51781,9992
51781,122757
51781,81792
51781,80748
51781,79137
51781,75913
51781,128461
51781,105140
51781,66800
51781,110759
51781,102679
51781,99801
51781,137984
51781,37255
51781,65481
51781,23121
51781,13580
51781,115148
51781,7244
51781,57626
51781,14133
51781,62946
51781,92649
51781,134259
51781,77037
51781,46859
51781,102776
51781,39576
51781,36992
51781,88969
51781,135063
51782,65418
51782,138559
51782,60832
51782,73081
51782,51849
51782,22019
51782,62301
51782,116032
51782,80230
51782,125042
51782,107871
51782,55286
51782,112261
51782,87760
51782,70273
51782,114250
51782,119412
51782,42087
51782,40083
51782,96371
51782,19538
51782,96329
51782,128866
51782,537
51782,82343
51782,21398
51782,120352
51782,77004
51782,86912
51782,121156
51782,76130
51782,11683
51782,3456
51784,90470
51784,29744
51784,88841
51784,24268
51784,60359
51784,113506
51784,130939
51784,42093
51784,112264
51784,45636
51784,113393
51784,43074
51784,54678
51784,137786
51784,26115
51784,104664
51784,25170
51784,61474
51784,42368
51784,46178
51784,136101
51784,46774
51785,101406
51785,134845
51785,81804
51785,130468
51785,100748
51785,125744
51785,80832
51785,103908
51785,39526
51785,67140
51785,15609
51785,100664
51785,13760
51785,114209
51785,5293
51785,30435
51785,24092
51785,8134
51785,106647
51785,54116
51785,99219
51785,14912
51785,82897
51785,99844
51785,129643
51785,72508
51785,18410
51785,53266
51785,109612
51785,90254
51785,97432
51785,62587
51787,115691
51787,89192
51787,119993
51787,41211
51787,110652
51787,123879
51787,12612
51787,14296
51787,29467
51787,39656
51787,88968
51787,102591
51787,122278
51787,140002
51787,70740
51789,100072
51789,19159
51789,81531
51789,67304
51789,106044
51789,9983
51789,133809
51789,27332
51789,96776
51789,84645
51789,62005
51789,47195
51789,85536
51789,109238
51789,118033
51789,23922
51789,111342
51789,104393
51789,28257
51789,98295
51789,66558
51789,15474
51789,117632
51789,140141
51789,107318
51789,41894
51789,49101
51789,57396
51789,106318
51789,46236
51789,29419
51789,69386
51789,25254
51790,123697
51790,135234
51790,96928
51790,91557
51790,72792
51790,68065
51790,19509
51790,75230
51790,61406
51790,84190
51790,84113
51790,26509
51790,76184
51790,139221
51790,64950
51790,69269
51790,41218
51790,10872
51790,37425
51790,91874
51790,117798
51790,69427
51790,1442
51790,25800
51790,129762
51790,3358
51790,34487
51790,86282
51790,57323
51790,77552
51790,91703
51790,94457
51790,55219
51792,76070
51792,96780
51792,127671
51792,66750
51792,136813
51792,114721
51792,101335
51792,101252
51792,101215
51792,82507
51792,131046
51792,133943
51792,38286
51792,133235
51792,60144
51792,32798
51792,78647
51792,20587
51792,75205
51792,77074
51792,63327
51792,131493
51792,6713
51792,35679
51792,96206
51792,14944
51792,12951
51792,46501
51792,129914
51792,34151
51792,59721
51792,75408
51793,78245
51793,37020
51793,79898
51793,68488
51793,61110
51793,65634
51793,29754
51793,6500
51793,97225
51793,67552
51793,129740
51796,120160
51796,45554
51796,20156
51796,79959
51796,136758
51796,102090
51796,111176
51796,79114
51796,128224
51796,113277
51796,97721
51796,105976
51797,97533
51797,28333
51797,28235
51797,89247
51797,2282
51797,77127
51797,85655
51797,88762
51797,76290
51797,114136
51797,464
51797,56384
51797,79893
51797,22354
51797,39745
51797,24207
51797,116093
51797,131222
51797,123830
51797,69272
51797,1461
51797,94150
51797,105015
51797,2548
51797,129266
51797,133113
51797,11328
51797,137123
51797,73255
51797,16247
51797,11358
51797,24294
51799,13411
51799,77750
51799,87737
51799,24229
51799,37350
51799,118709
51799,99662
51799,80506
51799,44768
51799,24214
51799,127768
51799,19219
51799,125827
51799,6217
51799,70733
51799,17454
51799,98618
51799,73220
51799,57106
51799,55461
51799,133889
51799,138160
51799,113900
51799,20746
51799,14115
51799,11436
51799,126222
51799,33131
51799,10253
51799,6074
51799,59882
51799,47735
51800,68984
51800,138178
51800,64596
51800,115503
51800,66652
51800,13716
51800,77775
51800,51760
51800,49280
51800,96456
51800,135186
51800,53438
51800,112398
51800,40211
51800,54140
51800,87826
51800,107399
51800,12977
51800,25529
51800,45634
51800,85189
51800,119123
51800,47059
51800,73041
51800,133774
51800,15871
51800,8330
51800,43016
51800,46464
51800,88321
51800,137407
51800,126612
51802,52276
51802,97997
51802,38107
51802,117124
51802,83080
51802,58544
51802,80231
51802,93886
51802,94579
51802,130089
51802,8184
51802,51322
51802,39787
51802,122762
51802,20838
51802,11325
51802,35304
51802,129338
51802,117930
51802,138000
51802,97295
51802,3157
51802,138592
51802,10233
51802,117626
51802,112666
51802,33525
51802,87175
51803,7725
51803,18127
51803,21336
51803,18388
51803,125259
51803,138375
51803,53044
51803,100351
51803,27130
51803,127977
51807,63854
51807,124374
51807,62906
51807,66658
51807,112919
51807,48836
51807,105804
51807,116773
51808,30992
51808,59017
51808,45395
51808,12609
51808,19166
51808,30851
51808,18873
51808,64937
51808,87698
51808,72177
51808,38898
51808,14669
51808,42033
51808,85491
51808,79155
51808,58745
51808,58974
51808,31524
51808,99232
51808,132118
51808,53618
51808,66785
51808,140068
51808,85514
51808,135407
51808,85438
51808,80385
51808,129883
51808,55145
51808,16745
51808,119146
51808,19116
51809,17018
51809,43185
51809,101586
51809,72980
51809,100874
51809,44323
51809,101334
51809,45508
51809,19823
51809,17592
51809,129233
51809,102206
51809,98783
51809,49077
51810,26052
51810,70213
51810,127818
51810,58883
51810,110116
51811,22228
51811,116316
51811,4067
51811,1380
51811,43593
51811,94010
51811,81630
51811,9985
51811,97680
51811,90959
51811,98024
51811,18847
51811,15362
51811,96811
51811,92769
51811,13625
51811,13990
51811,51428
51811,41321
51811,13095
51811,19895
51811,39261
51811,58388
51811,68769
51811,42361
51811,114986
51813,122413
51813,19078
51813,114441
51813,26519
51813,87318
51813,100274
51813,22750
51813,26086
51813,68797
51813,98178
51813,42932
51813,46461
51813,100365
51813,3515
51813,84828
51813,45115
51813,123331
51813,8942
51818,31732
51818,96101
51818,66719
51818,100731
51818,111527
51818,132201
51818,119053
51818,110908
51818,18641
51818,61553
51818,10666
51818,85841
51818,50328
51818,113926
51818,93885
51818,7817
51818,114312
51818,89963
51818,22229
51818,91818
51818,76056
51818,137183
51818,30432
51819,52858
51819,155
51819,30408
51819,56766
51819,137569
51819,113336
51819,94653
51819,115600
51819,102096
51819,11192
51819,95731
51819,24631
51819,56829
51819,110078
51819,77069
51820,32214
51820,81953
51820,108497
51820,96686
51820,72666
51820,94958
51820,56163
51820,116699
51820,67837
51820,71457
51820,10888
51820,8811
51820,53182
51820,63197
51820,40242
51820,72040
51820,42709
51820,100052
51820,96812
51820,34799
51820,78262
51820,99030
51820,138801
51820,37377
51820,84361
51820,140624
51820,45709
51820,16241
51821,115390
51821,117782
51821,112054
51821,19575
51821,38148
51821,114392
51821,86976
51821,74617
51821,113967
51821,48064
51821,88262
51821,44894
51821,124930
51821,13205
51821,128201
51821,120670
51821,65989
51821,48147
51821,8432
51821,18076
51821,59647
51821,48975
51821,108360
51821,16433
51821,16423
51821,75082
51821,130270
51821,44308
51821,72714
51821,82275
51821,139249
51821,14720
51821,12811
51823,29059
51823,45868
51823,45572
51823,135819
51823,29617
51823,116890
51825,78741
51825,22139
51825,118927
51825,49923
51825,123596
51825,131320
51825,135668
51825,81217
51825,6597
51825,78944
51825,84711
51825,34178
51825,47595
51825,50116
51825,55139
51825,107353
51825,101986
51825,70143
51825,99833
51825,113724
51825,108913
51825,38883
51825,85611
51825,123250
51825,7077
51825,42570
51826,115779
51826,57997
51826,40974
51826,43241
51826,104087
51826,44693
51826,40629
51826,17623
51826,114230
51826,11066
51826,111860
51826,106182
51826,12875
51826,35245
51826,127482
51826,121071
51826,52681
51826,16020
51826,119952
51826,12248
51826,70568
51826,103937
51826,32625
51826,117667
51826,72684
51826,88345
51826,36029
51826,24996
51826,117177
51826,56417
51826,4610
51826,9253
51826,44497
51827,42939
51827,37597
51827,99271
51827,35585
51827,50507
51827,14376
51828,58916
51828,15033
51828,63854
51828,74767
51828,56949
51828,124171
51828,43607
51828,125488
51828,121281
51828,72004
51828,11177
51828,117955
51828,1746
51828,25486
51828,128219
51828,134331
51828,81528
51828,47495
51828,50388
51828,111449
51828,123292
51828,93477
51828,105804
51828,46483
51828,63666
51828,100939
51828,62906
51828,11164
51828,80933
51828,112919
51828,124374
51828,116773
51829,1230
51829,71181
51829,8586
51829,61529
51829,126657
51829,41278
51829,15994
51829,53494
51829,3213
51829,80475
51829,76379
51829,7880
51829,105408
51829,23268
51829,38538
51829,126462
51829,41712
51829,139197
51829,45080
51829,60084
51829,121267
51829,135499
51829,64762
51829,77935
51829,78838
51829,7527
51829,35264
51829,74754
51829,114304
51829,138600
51829,69261
51829,129968
51830,7912
51830,66856
51830,6778
51830,26662
51830,90988
51830,90737
51830,55043
51830,116430
51830,127145
51830,62512
51830,95432
51830,16841
51830,50923
51830,54596
51830,95195
51830,123327
51830,39970
51830,3862
51830,47489
51830,37464
51830,54070
51830,102061
51830,89292
51830,137363
51830,137435
51830,66305
51830,67555
51830,1067
51831,124672
51831,11801
51831,81843
51831,88128
51831,113338
51832,67357
51832,52112
51832,66000
51832,8500
51832,56395
51832,75786
51832,42369
51832,113573
51832,24531
51832,68048
51832,24456
51832,33005
51832,33691
51833,91515
51833,138900
51833,138908
51833,75809
51833,114009
51833,97799
51833,104526
51833,67661
51833,92100
51833,65332
51833,40222
51833,110375
51833,132744
51833,111830
51833,101015
51833,79737
51833,17234
51833,27842
51833,100503
51833,140042
51833,41190
51833,53602
51833,103036
51833,22521
51833,129443
51833,63816
51833,56431
51833,40255
51833,75633
51833,36183
51833,13283
51834,124077
51834,100611
51834,107855
51834,52231
51834,4206
51834,45212
51834,73052
51834,137048
51834,19455
51834,75872
51834,28855
51834,83809
51834,120745
51834,33280
51834,122543
51834,68751
51834,51798
51834,66213
51834,65048
51834,133687
51834,27794
51834,32888
51834,94827
51834,52006
51834,70266
51835,60590
51835,134210
51835,101024
51835,110105
51835,60048
51835,76901
51835,85724
51835,50298
51835,91497
51835,70218
51835,75671
51835,44743
51835,102498
51836,103908
51836,101406
51836,131350
51836,89097
51836,24092
51836,67140
51836,46411
51836,17023
51836,19807
51836,8134
51836,80832
51836,91288
51836,100748
51836,137209
51836,139165
51836,82897
51836,99844
51836,118824
51836,46068
51836,34169
51836,36650
51836,63582
51836,61946
51836,106647
51836,97432
51836,113164
51836,134077
51836,79083
51836,100664
51836,77444
51836,99219
51836,67619
51836,72508
51837,27686
51837,133509
51837,127094
51837,138722
51837,99025
51837,31135
51837,85555
51837,109868
51837,96974
51837,121696
51837,7898
51837,24513
51837,30487
51837,37790
51837,94261
51837,103982
51837,53904
51837,84285
51837,96553
51837,13934
51837,48898
51837,107172
51837,46320
51837,30986
51837,116852
51837,104493
51837,79437
51837,52515
51837,94897
51837,38981
51837,37446
51837,55059
51837,73379
51838,9249
51838,79645
51838,130661
51838,115584
51838,105593
51838,39279
51838,9156
51838,55282
51838,85311
51838,87018
51838,140439
51838,127833
51838,9421
51838,93824
51838,12034
51838,103330
51838,88071
51838,1708
51838,53363
51838,41642
51838,24792
51838,75801
51838,119510
51838,135087
51838,93856
51838,89189
51838,32165
51838,39497
51838,72956
51838,34510
51838,20157
51839,39639
51839,93761
51839,60600
51839,6870
51839,138378
51839,33167
51839,89643
51839,28392
51839,24757
51839,131168
51839,113889
51839,102610
51839,95703
51839,40226
51839,29740
51839,5841
51839,69535
51839,33428
51839,114295
51839,47442
51839,42574
51839,38843
51839,58775
51839,20651
51839,112775
51839,92295
51839,84457
51839,46409
51839,22935
51839,103854
51840,111936
51840,73333
51840,96833
51840,105030
51840,94163
51840,95954
51840,31480
51840,64822
51840,133934
51840,61156
51840,106057
51840,91388
51840,43663
51840,78437
51840,96306
51840,57857
51840,29326
51840,48844
51840,16003
51840,64165
51840,32267
51840,106299
51840,70030
51840,67551
51840,67485
51840,111328
51840,14101
51840,60019
51840,81694
51840,73310
51840,40278
51841,60144
51841,63105
51841,20430
51841,96780
51841,133943
51841,20587
51841,46501
51841,57170
51841,133689
51841,67964
51841,93974
51841,8864
51841,14480
51841,69184
51841,32798
51841,78647
51841,5322
51841,35679
51841,79475
51841,67233
51841,135437
51841,34151
51841,15390
51841,31825
51841,77074
51841,4503
51841,75205
51841,24041
51841,79398
51841,113983
51841,75408
51841,20274
51841,67477
51843,32340
51843,10852
51843,128697
51843,76926
51843,119458
51843,30262
51843,43479
51843,110187
51843,21115
51843,18413
51843,100559
51843,111060
51843,48833
51843,123120
51843,80430
51843,125857
51843,49651
51843,70710
51843,2024
51843,43287
51843,1212
51843,14208
51843,72130
51843,51954
51843,60798
51843,136457
51843,12670
51843,124155
51843,114480
51845,131940
51845,63039
51845,47377
51845,109217
51845,85826
51845,96509
51845,28438
51845,93176
51845,79176
51845,75787
51845,109789
51845,81235
51845,6533
51845,93650
51845,46861
51845,23611
51845,27753
51845,44072
51845,91337
51845,132637
51845,133699
51845,78232
51845,26813
51845,58145
51845,32382
51845,83262
51845,80734
51845,11425
51845,22115
51845,132209
51845,56235
51845,47238
51845,132797
51845,92314
51846,96957
51846,124020
51846,91636
51846,13097
51846,104494
51846,43719
51846,28603
51846,103699
51846,103074
51846,125176
51846,17714
51846,75830
51846,5119
51846,136399
51846,124993
51846,30231
51846,125941
51846,128570
51846,122981
51846,51588
51846,104061
51846,60750
51846,94124
51846,7310
51846,24723
51846,17310
51846,73471
51846,40702
51846,119196
51846,73935
51846,129484
51846,69896
51847,7654
51847,131207
51847,132515
51847,120489
51847,134057
51847,120230
51847,36608
51847,79407
51847,39219
51847,125615
51847,119912
51847,24074
51847,67541
51847,37883
51847,78739
51847,23851
51847,36156
51847,123177
51847,128733
51847,74732
51847,107859
51847,91067
51847,63179
51847,11859
51847,50307
51847,87144
51847,62740
51847,17685
51847,67936
51847,41084
51847,109016
51848,20528
51848,128251
51848,29028
51848,103735
51848,68332
51848,89194
51848,101905
51848,113183
51848,109694
51848,82001
51848,16630
51848,46497
51848,91720
51848,92318
51848,80817
51848,15662
51848,35008
51848,135156
51848,125075
51848,29989
51848,59286
51849,95307
51849,29604
51849,56880
51849,113349
51849,65606
51849,10404
51849,89073
51849,893
51849,30184
51849,48153
51849,90923
51849,16706
51849,351
51849,17331
51849,44147
51849,41488
51849,28248
51849,97247
51849,81437
51849,21315
51849,111000
51849,59267
51849,111106
51849,88127
51849,19435
51849,42282
51849,122844
51849,55690
51849,49555
51849,63762
51849,116276
51849,78283
51851,114864
51851,27308
51851,23734
51851,121942
51851,105381
51851,6981
51851,123045
51851,78100
51851,75619
51851,93590
51851,41649
51851,53391
51851,56995
51851,105302
51851,60348
51851,56953
51851,38293
51851,12562
51853,115390
51853,113196
51853,79271
51853,134841
51853,55216
51853,44727
51853,24120
51853,134945
51853,64959
51853,44739
51853,96749
51853,29991
51853,104114
51853,36038
51853,137447
51853,52494
51853,44300
51853,28393
51853,61108
51853,53529
51853,43048
51853,7640
51853,31115
51853,140173
51853,59763
51853,89475
51853,104082
51853,23444
51853,135777
51853,25448
51854,22010
51854,76892
51854,66222
51854,100464
51854,130245
51854,129510
51854,6637
51854,43436
51854,134535
51854,79983
51854,121509
51854,73672
51854,11770
51854,13606
51854,20075
51854,60465
51854,34337
51854,49661
51854,12806
51854,108437
51854,55687
51854,130823
51854,4441
51854,45380
51854,40529
51854,54042
51854,14978
51854,104937
51854,8552
51854,117584
51854,65664
51854,39896
51854,11947
51855,111823
51855,95300
51855,65588
51855,38130
51855,37394
51855,21339
51855,27340
51855,63470
51855,10906
51855,29079
51855,122752
51855,44530
51855,35749
51855,113404
51855,134028
51855,53279
51855,76814
51855,58599
51855,54445
51855,19974
51855,42389
51856,48861
51856,56270
51856,120604
51856,89763
51856,88641
51856,9574
51856,88211
51856,126469
51856,58348
51856,27534
51856,101433
51856,22044
51856,80137
51856,18027
51856,128566
51856,82384
51856,136857
51856,37865
51856,121358
51856,113242
51856,101302
51856,34569
51856,46677
51856,28031
51856,76713
51856,104919
51856,59104
51856,29053
51856,117741
51856,99132
51857,31820
51857,115731
51857,65987
51857,39486
51857,5420
51857,35992
51857,39343
51857,2237
51857,21518
51857,104622
51857,59263
51857,84767
51857,69680
51857,56986
51857,58845
51857,75877
51857,106484
51857,82271
51857,109195
51857,100240
51857,22569
51857,19780
51857,60813
51857,82675
51857,74783
51857,36344
51857,110439
51857,6739
51857,772
51857,91409
51857,115286
51857,24937
51861,44600
51861,49497
51861,25731
51861,8180
51861,114742
51862,11297
51862,111719
51862,38658
51862,100585
51862,11957
51862,136469
51862,38161
51862,93978
51862,17642
51862,102251
51862,89878
51862,140202
51862,108191
51862,135249
51862,248
51862,125343
51862,88671
51862,13139
51862,57690
51862,9801
51862,108094
51862,12346
51862,55264
51862,132045
51862,60274
51862,69670
51862,97704
51862,119805
51862,98465
51862,40412
51862,78841
51862,116063
51862,52851
51863,101406
51863,113768
51863,125744
51863,112435
51863,103908
51863,113208
51863,130468
51863,15609
51863,24092
51863,41832
51863,111520
51863,10906
51863,80832
51863,63470
51863,106647
51863,53279
51863,82699
51863,32073
51863,81804
51863,2770
51863,18410
51863,113404
51863,139299
51863,54474
51863,95300
51863,65080
51863,15645
51863,42389
51863,117624
51863,62587
51863,76814
51863,43531
51863,27021
51865,68256
51865,91880
51865,113584
51865,136713
51865,92920
51865,2904
51865,46618
51865,119113
51865,79034
51865,72628
51865,38220
51865,28385
51865,35029
51865,137026
51865,68829
51865,35013
51865,9328
51865,95083
51865,54023
51865,4209
51865,116956
51865,31227
51865,22080
51865,11107
51865,126177
51865,123144
51865,130314
51865,84337
51865,102506
51865,126941
51865,127303
51865,58486
51866,25353
51866,16549
51866,108664
51866,138055
51866,60651
51866,140297
51866,98331
51866,53541
51866,35871
51866,105318
51866,119005
51866,137351
51866,101939
51866,107159
51866,66964
51866,104582
51866,85989
51866,125860
51866,41183
51866,132830
51866,32952
51866,20744
51866,31638
51866,110340
51866,129847
51866,54815
51866,25726
51866,106836
51866,134277
51866,44290
51867,37788
51867,31945
51867,67688
51867,31442
51867,99894
51867,35043
51867,104149
51867,18569
51867,33163
51867,134786
51867,68783
51867,102112
51867,135195
51867,115207
51868,122832
51868,50415
51868,137796
51868,139493
51868,206
51868,4400
51868,31108
51868,107082
51868,7682
51868,38871
51868,81567
51868,33334
51868,55128
51869,23228
51869,118859
51869,68528
51869,66209
51869,20707
51869,126136
51869,22710
51869,79870
51869,53298
51869,81772
51869,120046
51869,112716
51869,54226
51869,2863
51869,128775
51869,83281
51869,65623
51869,66171
51869,61189
51869,122279
51869,50684
51869,125384
51869,126803
51869,69645
51869,56370
51869,30829
51869,120328
51869,88629
51869,13578
51869,91587
51869,12255
51869,63731
51869,54036
51874,61085
51874,124382
51874,99451
51874,139062
51874,131468
51874,115437
51874,139243
51874,50072
51874,116901
51874,5709
51874,68031
51875,3213
51875,21155
51875,58037
51875,18651
51875,1722
51875,115026
51875,104625
51875,41347
51875,97907
51875,47627
51875,33982
51875,109576
51875,90693
51875,23212
51875,110422
51875,124224
51875,65247
51875,135499
51875,128615
51875,55949
51875,34036
51875,90819
51875,3615
51875,128447
51875,10566
51875,139530
51875,45365
51875,85300
51875,106819
51875,131357
51875,7527
51876,136008
51876,119004
51876,75840
51876,17561
51876,38918
51876,39932
51876,41761
51876,121066
51876,14534
51876,4352
51876,126958
51876,83616
51876,121744
51876,75654
51876,64809
51876,90662
51876,113986
51876,25000
51876,136133
51876,88894
51876,131802
51876,67817
51876,98914
51876,94855
51876,76822
51876,41098
51876,52693
51876,134718
51876,33634
51876,132400
51877,64502
51877,38711
51877,59821
51877,74300
51877,29970
51877,54447
51877,107000
51877,33159
51877,125187
51877,8607
51877,125792
51877,94974
51877,117194
51877,104012
51877,121662
51877,47557
51877,88667
51877,33490
51880,53146
51880,39130
51880,91731
51880,4923
51880,95517
51880,68284
51880,83228
51880,106210
51880,17364
51880,86386
51880,51136
51880,46985
51880,102407
51880,73714
51880,93068
51880,77125
51880,69047
51880,61209
51880,20591
51880,93548
51880,103620
51880,107441
51880,128151
51880,52154
51885,58838
51885,106561
51885,3474
51885,12721
51885,15001
51885,37749
51885,52322
51885,90668
51885,104528
51885,105704
51885,107122
51885,115491
51885,39142
51885,125822
51886,28441
51886,114377
51886,129904
51886,24643
51886,63930
51886,72957
51886,44239
51886,71329
51886,13971
51886,46771
51886,4763
51886,52102
51886,82797
51886,97539
51886,102672
51886,9717
51886,63225
51886,92811
51886,124165
51886,80036
51886,85864
51886,88340
51886,63359
51886,61715
51886,77978
51886,9229
51886,34509
51886,33651
51886,4608
51886,83021
51886,62182
51886,67540
51886,131889
51887,114370
51887,78182
51887,22180
51887,90873
51887,64414
51887,45450
51887,18611
51887,79303
51887,82338
51887,35308
51887,50810
51887,83340
51887,119392
51887,12560
51887,68837
51887,5116
51887,120356
51887,848
51887,113920
51887,2103
51887,91402
51887,3376
51887,49817
51887,45021
51887,40230
51887,22790
51887,23776
51887,2652
51887,7958
51887,133377
51887,98175
51887,39020
51889,33776
51889,91856
51889,61271
51889,84069
51889,5654
51889,132782
51889,100909
51889,9135
51889,139888
51889,96586
51889,111554
51889,123578
51889,9207
51889,33100
51889,6291
51889,57891
51889,109668
51889,12614
51889,104847
51889,100002
51889,87990
51889,79209
51891,69285
51891,45419
51891,84591
51891,123382
51891,73490
51891,36437
51891,134503
51891,62467
51891,18989
51891,50808
51891,98429
51891,87014
51891,128131
51891,17531
51891,44754
51891,112140
51891,89503
51891,23321
51891,3629
51891,42287
51891,66827
51891,23138
51891,85946
51891,57589
51891,45787
51891,49996
51891,39073
51891,66460
51891,53761
51891,122656
51891,48868
51891,118661
51891,77026
51892,35333
51892,57734
51892,86057
51892,19211
51892,120399
51893,85851
51893,25325
51893,84176
51893,32292
51893,35086
51893,99958
51893,48198
51893,13743
51893,80688
51893,36956
51893,83433
51893,71909
51893,51114
51893,116401
51893,120517
51893,53578
51893,96585
51893,21205
51893,95326
51893,93494
51893,59321
51893,25903
51893,110217
51893,69913
51893,64831
51893,8916
51893,47567
51893,77298
51893,63674
51893,8318
51893,87907
51893,36498
51893,136066
51894,95976
51894,72675
51894,3388
51894,133986
51894,17900
51894,34357
51894,63088
51894,6340
51894,133453
51894,118673
51894,17499
51894,32510
51894,140435
51894,127148
51894,129695
51894,123300
51894,6863
51894,108540
51894,52995
51894,122228
51894,84183
51894,135654
51894,51042
51894,137174
51894,126178
51894,79289
51894,81526
51894,55808
51894,105426
51894,29227
51894,118374
51895,1563
51895,128529
51895,62447
51895,98447
51895,40814
51895,83023
51895,86428
51895,137262
51895,3773
51895,120081
51895,31548
51895,99616
51895,117459
51895,117391
51895,86597
51895,64541
51895,5325
51895,140766
51895,37315
51895,132673
51895,109239
51895,74782
51895,44335
51895,93922
51895,89980
51895,428
51895,48437
51895,50446
51895,34668
51895,136259
51895,33291
51895,95250
51895,41893
51897,14216
51897,116294
51897,9854
51897,92127
51897,8600
51897,80243
51897,7495
51897,22241
51897,109078
51897,126288
51897,124448
51897,119908
51897,123779
51897,48914
51897,56752
51897,117175
51897,112092
51897,30251
51899,40933
51899,89641
51899,93917
51899,127834
51899,47249
51899,13015
51899,35269
51899,127056
51899,112142
51899,16665
51899,108981
51899,88244
51899,25834
51899,66310
51899,41041
51899,35077
51899,21568
51899,102715
51899,42248
51899,47818
51899,116340
51899,67877
51899,124184
51899,109575
51899,31666
51899,13128
51899,12496
51899,129220
51899,10815
51899,40870
51899,75684
51899,95752
51900,134421
51900,86090
51900,11050
51900,90649
51900,111714
51900,132466
51900,132285
51900,85725
51900,49717
51900,17138
51900,33831
51900,73012
51900,120855
51900,129605
51900,35350
51900,89721
51900,13224
51900,90086
51900,52525
51900,90261
51900,118726
51900,86919
51900,105753
51900,34217
51900,138210
51900,105251
51900,75433
51902,1033
51902,66222
51902,50114
51902,22010
51902,6637
51902,21612
51902,30329
51902,134535
51902,34851
51902,74041
51902,12806
51902,83608
51902,129510
51902,27376
51902,47831
51902,57364
51902,11770
51902,42230
51902,65664
51902,69134
51902,130895
51902,110508
51902,54915
51902,54042
51902,1405
51902,128057
51902,49661
51902,96858
51902,104937
51902,39896
51902,11947
51902,21095
51902,139454
51903,115954
51903,19465
51903,31576
51903,64020
51903,48555
51903,140120
51903,30949
51903,11991
51903,112711
51903,136833
51903,33405
51903,114820
51903,110990
51903,2267
51903,2039
51903,8077
51903,51923
51903,65270
51903,77563
51903,58735
51903,26618
51903,64710
51903,35187
51903,119159
51903,57080
51903,116217
51903,40111
51903,8282
51903,22414
51903,46276
51903,90284
51903,106070
51903,133207
51903,11881
51904,130531
51904,67410
51904,54253
51904,26902
51904,48936
51904,11572
51904,64498
51904,81291
51904,123901
51904,98273
51904,87872
51904,60623
51904,128065
51904,51575
51904,109596
51904,111299
51904,2789
51907,22387
51907,107490
51907,31525
51907,7267
51907,31340
51907,111402
51907,102190
51907,11247
51907,96932
51907,63484
51907,125196
51907,69473
51907,51704
51907,86702
51907,5345
51907,85554
51907,75989
51907,3200
51908,91408
51908,41325
51908,83173
51908,76196
51908,28322
51908,17344
51908,62823
51908,15571
51908,79919
51908,58232
51908,125772
51908,14207
51908,73263
51908,19363
51908,126108
51908,36142
51908,71827
51908,57098
51908,138615
51908,81643
51908,104391
51908,111783
51908,114130
51908,126910
51908,134393
51908,132203
51908,77291
51909,53699
51909,118369
51909,40754
51909,108634
51909,8571
51909,114994
51909,46130
51909,96516
51909,128375
51909,139064
51909,30036
51909,127226
51909,33357
51909,82572
51909,115507
51910,32358
51910,32842
51910,112479
51910,12135
51910,50016
51910,27525
51910,20772
51910,137264
51910,101543
51910,104098
51910,56820
51910,10107
51910,112101
51910,102466
51910,126073
51910,132925
51910,73620
51910,60824
51910,77210
51910,94194
51910,23073
51910,69738
51910,69607
51910,121101
51910,126899
51910,10582
51910,98323
51911,77015
51911,55623
51911,93079
51911,49411
51911,69262
51911,70653
51911,117314
51911,32993
51911,75469
51911,74213
51911,123553
51911,125049
51911,84833
51911,58793
51911,47374
51911,100313
51911,54740
51911,25652
51911,55570
51911,86396
51911,107886
51911,8625
51911,112497
51911,134957
51911,105664
51911,33748
51911,83967
51916,82556
51916,57115
51916,120978
51916,39386
51916,128702
51916,41829
51916,132275
51916,42179
51916,6000
51916,80762
51916,86743
51916,93759
51916,13687
51916,131069
51916,132268
51916,111600
51916,38975
51916,74435
51916,107775
51916,19680
51916,102033
51916,44760
51916,31453
51918,136008
51918,75840
51918,14534
51918,121066
51918,38918
51918,4352
51918,17561
51918,79892
51918,39932
51918,41761
51918,11569
51918,41775
51918,119004
51918,23690
51918,121744
51918,120608
51918,94855
51918,76822
51918,75654
51918,140758
51918,90662
51918,41098
51918,126958
51918,64809
51918,113986
51918,52693
51918,83616
51918,67817
51918,89242
51918,63467
51918,33634
51918,134718
51918,132400
51919,131410
51919,136917
51919,119306
51919,78541
51919,43987
51919,56111
51919,128115
51920,13596
51920,9615
51920,118639
51920,7444
51920,91571
51920,90534
51920,37763
51920,139965
51920,24675
51920,5159
51920,102623
51920,137813
51920,22161
51920,75586
51920,16655
51920,28288
51920,49081
51920,70771
51920,8106
51920,99885
51920,49784
51920,57604
51920,72816
51920,52467
51920,65891
51920,115471
51920,26276
51920,100637
51920,83719
51920,130932
51920,90523
51920,40121
51920,77468
51921,87634
51921,76317
51921,23106
51921,35281
51921,10089
51921,7660
51921,92082
51921,130050
51921,69765
51921,35487
51921,130796
51921,137278
51921,97922
51921,30709
51921,96093
51921,66676
51921,90208
51921,67565
51921,36534
51921,38044
51921,87479
51921,47455
51921,124462
51921,36997
51921,133575
51921,140686
51921,43500
51921,15584
51921,29174
51921,118461
51921,127567
51921,83011
51922,16239
51922,61462
51922,24397
51922,12214
51922,27318
51922,101312
51922,51029
51922,42586
51922,43720
51922,113622
51922,57166
51922,121418
51922,55381
51922,87996
51922,1340
51922,35618
51922,56438
51922,66876
51922,21716
51922,75393
51922,17771
51922,66139
51922,88931
51922,60490
51922,21960
51922,106489
51922,41891
51922,68615
51922,64381
51922,77294
51922,108642
51922,1660
51922,69709
51924,54739
51924,64017
51924,119002
51924,68038
51924,94241
51924,97517
51924,115994
51924,133846
51924,94850
51924,110915
51924,82967
51924,54795
51924,50366
51924,37339
51924,68372
51924,6400
51924,122468
51924,53443
51924,76755
51924,139974
51924,114201
51924,89202
51924,978
51924,19965
51924,83079
51924,44213
51924,96517
51924,79141
51924,38769
51924,105745
51924,10494
51924,69638
51925,10920
51925,6131
51925,68475
51925,46478
51925,24125
51925,35349
51925,99299
51925,127932
51925,121496
51925,126944
51925,79813
51925,77117
51925,23856
51925,120126
51925,140582
51926,11297
51926,136469
51926,89878
51926,97704
51926,11957
51926,13139
51926,32834
51926,39503
51926,41484
51926,132490
51926,78841
51926,28414
51927,121764
51927,17331
51927,1934
51927,46333
51927,56298
51927,95166
51927,81437
51927,41499
51927,6456
51927,97247
51927,48153
51927,56880
51927,65606
51927,95307
51927,29604
51927,88218
51927,91206
51927,113349
51927,53341
51927,893
51927,59267
51927,85728
51927,114766
51927,111106
51927,68914
51927,107872
51927,11103
51927,50984
51927,20486
51927,30184
51927,74474
51927,111000
51927,49555
51927,63762
51928,35253
51928,26185
51928,7760
51928,116613
51928,106200
51928,91149
51928,104534
51928,27606
51928,40443
51928,28113
51928,103056
51928,102018
51928,10793
51928,124346
51929,33934
51929,61820
51929,35251
51929,41034
51929,43213
51929,64449
51929,126713
51929,77218
51929,23097
51929,106019
51929,2640
51929,117844
51929,61874
51929,29243
51929,97878
51929,39573
51929,51415
51929,41790
51929,56177
51929,18004
51929,67625
51929,136248
51929,17120
51929,48625
51929,126977
51929,816
51929,16060
51929,43747
51929,32642
51929,125305
51929,128564
51929,111635
51932,22578
51932,132925
51932,21808
51932,121350
51932,10107
51932,77856
51932,89341
51932,115310
51932,112479
51932,134232
51932,32842
51932,57114
51932,30618
51932,126899
51932,106236
51932,122734
51932,66606
51932,113229
51932,101162
51932,139418
51932,112101
51932,60223
51932,9589
51932,62326
51932,82404
51932,92611
51932,94194
51932,121675
51932,27525
51932,139917
51932,10763
51932,124234
51933,73065
51933,32477
51933,99589
51933,59436
51933,121000
51933,16145
51933,25531
51933,122400
51933,21531
51933,16333
51933,4431
51933,17567
51933,62576
51933,137421
51933,72052
51933,38485
51933,123994
51933,137628
51933,19272
51933,63981
51933,121552
51933,127124
51933,137823
51933,51732
51933,136964
51933,139913
51933,8099
51933,127048
51933,136568
51933,132022
51937,24545
51937,124342
51937,137997
51937,116942
51937,37818
51937,70177
51937,104517
51937,90845
51937,77089
51937,131892
51937,60846
51937,78500
51937,134323
51937,59657
51937,77914
51937,114932
51937,59781
51937,14082
51937,40279
51937,35223
51937,49656
51937,134154
51937,46274
51937,90809
51937,68420
51937,125083
51937,77795
51937,60468
51937,29633
51937,57952
51937,122112
51937,38904
51937,117294
51940,134845
51940,101406
51940,125744
51940,80832
51940,81804
51940,103908
51940,67140
51940,15609
51940,13760
51940,24092
51940,106647
51940,99219
51940,72508
51940,129643
51940,18410
51940,109612
51940,90254
51940,62587
51940,82897
51942,107532
51942,27103
51942,38541
51942,86996
51942,98270
51942,21424
51942,84143
51942,15077
51942,45314
51942,117383
51942,76849
51942,57853
51942,46652
51942,4903
51942,2777
51942,12332
51943,28495
51943,120824
51943,116211
51943,77504
51943,107846
51943,68282
51943,57648
51943,75125
51943,124191
51943,44502
51943,23862
51943,104333
51943,127297
51943,105796
51943,34066
51943,86342
51943,125423
51943,8343
51943,100238
51943,121362
51943,134823
51943,81451
51943,126465
51943,105720
51943,129404
51943,86928
51943,11948
51943,111775
51943,117744
51943,131203
51943,75897
51944,115503
51944,25529
51944,40211
51944,88321
51944,64596
51944,45634
51944,68984
51944,107399
51944,91134
51944,109103
51944,40235
51944,49280
51944,13716
51944,98440
51944,77775
51944,73041
51944,126612
51944,137407
51944,108112
51944,66652
51944,135186
51944,138178
51944,35872
51944,47059
51944,87826
51944,51760
51944,133774
51944,9486
51944,54140
51944,92057
51944,46464
51944,58804
51945,3934
51945,19546
51945,103239
51945,74829
51945,89635
51945,105845
51945,28821
51945,138467
51945,39389
51945,21421
51945,4416
51945,69844
51945,45694
51945,20291
51945,124816
51945,1936
51945,76582
51945,102518
51945,48168
51945,137621
51945,139936
51945,75855
51945,124477
51945,36305
51945,41759
51945,88603
51945,32963
51945,52853
51945,17025
51945,70368
51945,84769
51945,4977
51947,125744
51947,80832
51947,19807
51947,131350
51947,81804
51947,82897
51947,98347
51947,109612
51947,112871
51951,82903
51951,43838
51951,116351
51951,29280
51951,38260
51951,11043
51951,133699
51951,5614
51951,78130
51951,27753
51951,24806
51951,35493
51951,128364
51951,24645
51951,30951
51951,18883
51951,38759
51951,45407
51951,92314
51951,124819
51951,47238
51951,110645
51951,33980
51951,45754
51951,77276
51951,26813
51951,26430
51951,100461
51951,132797
51951,2989
51951,25756
51951,58145
51951,8169
51952,27111
51952,55480
51952,70227
51952,32975
51952,97603
51952,76570
51952,135150
51952,67601
51952,110715
51952,26419
51952,21702
51952,138291
51955,23551
51955,52531
51955,35393
51955,4671
51955,129715
51955,73453
51955,73283
51955,84406
51955,78550
51955,52894
51955,35390
51955,123105
51955,75958
51955,79706
51955,66894
51955,137655
51955,84058
51955,19573
51955,53130
51955,129180
51955,52689
51955,98480
51955,32577
51955,108567
51955,9165
51955,15282
51955,64837
51955,81696
51955,85963
51957,9415
51957,93368
51957,107431
51957,53251
51957,4368
51957,103207
51957,130390
51957,50161
51957,78974
51957,113626
51957,22930
51957,83901
51957,74010
51957,26217
51957,99752
51957,89288
51957,70012
51957,29084
51957,23414
51957,64843
51957,34800
51957,120441
51957,54265
51957,27663
51957,93307
51957,120790
51957,122405
51957,2416
51957,24201
51957,125912
51957,120278
51957,41874
51958,136008
51958,121744
51958,75840
51958,14534
51958,41761
51958,17561
51958,79892
51958,119004
51958,11569
51958,121066
51958,41775
51958,38918
51958,23690
51958,90662
51958,120608
51958,94855
51958,4352
51958,76822
51958,75654
51958,39932
51958,140758
51958,64809
51958,113986
51958,126958
51958,83616
51958,134718
51958,89242
51958,63467
51958,41098
51958,67817
51958,52693
51958,33634
51958,132400
51959,74827
51959,139172
51959,103992
51959,56662
51959,754
51959,92790
51959,10216
51959,140436
51959,3046
51959,26756
51959,63898
51959,37282
51959,18431
51959,22700
51959,25684
51959,27855
51960,125881
51960,7341
51960,46611
51960,49532
51960,65632
51960,35022
51960,121178
51960,84829
51960,33343
51960,12110
51960,58957
51960,119716
51960,83567
51960,24323
51960,44515
51960,66621
51960,3855
51960,133674
51960,11394
51960,28526
51960,139545
51960,68972
51960,109276
51960,12241
51960,19081
51960,76384
51960,32483
51960,80782
51963,17253
51963,5866
51963,34873
51963,67813
51963,3046
51963,100586
51963,115048
51963,11284
51963,70196
51963,48230
51963,8456
51963,76087
51963,82394
51963,108963
51963,25684
51963,67887
51963,25831
51963,22700
51963,29953
51963,96099
51963,12912
51963,5847
51963,90879
51963,55871
51963,40380
51963,13120
51963,69688
51963,372
51963,26507
51963,27855
51963,2733
51963,40442
51963,88899
51965,17102
51965,62827
51965,3981
51965,112300
51965,108962
51965,6651
51965,76733
51965,106699
51965,117763
51965,11825
51965,62535
51965,87718
51965,137150
51965,106004
51965,90632
51965,139420
51965,118134
51965,60117
51965,104816
51965,78006
51965,115303
51965,97966
51965,115415
51965,134985
51965,13188
51965,92019
51965,1544
51966,80909
51966,79357
51966,1066
51966,94984
51966,133311
51966,126066
51966,138768
51966,34316
51966,69481
51966,127229
51966,126403
51966,97184
51966,84276
51966,104142
51966,120617
51966,14836
51966,25274
51966,132608
51966,21556
51966,78545
51966,30572
51966,48443
51966,110714
51966,121628
51966,24523
51966,44858
51966,3867
51966,111107
51966,38312
51966,127495
51966,7657
51966,19880
51969,4386
51969,12994
51969,129690
51969,40998
51969,9214
51969,65359
51969,69911
51969,99259
51969,19859
51969,46653
51970,21733
51970,97513
51970,104276
51970,73948
51970,57281
51970,128620
51970,85235
51970,81228
51970,85708
51970,98441
51970,110941
51970,89617
51970,106958
51970,134782
51970,47046
51970,103406
51970,13018
51970,130375
51970,59666
51970,108959
51970,107657
51970,68356
51970,41857
51970,82910
51970,120261
51970,119894
51970,86514
51970,94528
51970,88199
51970,4483
51970,94725
51970,100716
51970,27746
51970,12948
51972,122072
51972,5415
51972,46135
51972,74680
51972,128576
51972,113525
51972,113597
51972,36354
51972,51921
51972,74526
51972,121204
51972,11167
51972,3763
51972,77205
51972,86482
51972,53331
51972,52243
51972,15805
51972,126255
51972,110695
51972,58921
51972,57931
51972,128646
51972,697
51972,95790
51972,49109
51972,13260
51972,67677
51972,7386
51972,19694
51972,108743
51972,79949
51972,70341
51973,107389
51973,54572
51973,41826
51973,114770
51973,6614
51973,40353
51973,70278
51973,85194
51973,49137
51973,88570
51973,121735
51973,72844
51973,44356
51973,94865
51973,136283
51973,59629
51973,5410
51973,102196
51973,57668
51973,129645
51973,89426
51973,39502
51973,50982
51973,101577
51973,101075
51973,127583
51973,78186
51973,39917
51973,52092
51973,132566
51973,111131
51973,114448
51974,118859
51974,20707
51974,126136
51974,23228
51974,22710
51974,79870
51974,68528
51974,66209
51974,81772
51974,120046
51974,125384
51974,54226
51974,112716
51974,30829
51974,69645
51974,53298
51974,2863
51974,83281
51974,65623
51974,66171
51974,61189
51974,122279
51974,50684
51974,128775
51974,126803
51974,56370
51974,120328
51974,88629
51974,91587
51974,12255
51974,63731
51974,54036
51974,13578
51975,81498
51975,55314
51975,118178
51975,80275
51975,103734
51975,14391
51975,15413
51975,29652
51975,54883
51975,46971
51975,21393
51975,131077
51975,82196
51975,91974
51975,90319
51975,2508
51975,46743
51975,24645
51975,54864
51975,83232
51975,28206
51975,2509
51975,51955
51975,111713
51975,59726
51975,97737
51975,109470
51975,43838
51975,34065
51975,48255
51975,63800
51975,68910
51976,23268
51976,3213
51976,71181
51976,120699
51976,98239
51976,28365
51976,15994
51976,8161
51976,1230
51976,111170
51976,89360
51976,90730
51976,110738
51976,21155
51976,1546
51976,110998
51976,48136
51976,130807
51976,25075
51976,30878
51976,56060
51976,34552
51976,89359
51976,14536
51976,79740
51976,38291
51976,126382
51976,41278
51976,70934
51976,39164
51976,126665
51976,61529
51977,128699
51977,120053
51977,51021
51977,53981
51977,9060
51977,28344
51977,124088
51977,139602
51977,90993
51977,28381
51977,86409
51977,84291
51977,124192
51977,87684
51977,79464
51977,85519
51977,102225
51977,98007
51977,37341
51977,61604
51977,38808
51977,67314
51977,131681
51977,2216
51977,23708
51977,23251
51977,7338
51977,90898
51977,21981
51977,59861
51977,119346
51978,126339
51978,58558
51978,67546
51978,114463
51978,99309
51978,109896
51978,134596
51978,23229
51978,108296
51978,120050
51978,105574
51978,15348
51978,59517
51978,17666
51978,30180
51978,5871
51978,6023
51978,88713
51978,33042
51978,75828
51978,105134
51978,40421
51978,85504
51978,113510
51978,1750
51978,135646
51978,85170
51979,51541
51979,100523
51979,19854
51979,108811
51979,65405
51979,98785
51979,19203
51979,118052
51979,27091
51979,119532
51979,53599
51979,97072
51979,41329
51979,22632
51979,39789
51979,63963
51979,27819
51979,47058
51979,32929
51979,38962
51979,139256
51979,1093
51979,2380
51979,118969
51979,57108
51979,96522
51979,116971
51979,28829
51979,140645
51979,128455
51979,12222
51979,74511
51979,40895
51981,64335
51981,65391
51981,103127
51981,137650
51981,73081
51981,106751
51981,100163
51981,117696
51981,29595
51981,108843
51981,55479
51981,60236
51981,20843
51981,136410
51981,112740
51981,48303
51981,110234
51981,45428
51981,113098
51981,59426
51981,71651
51981,139845
51981,97410
51981,39039
51981,76109
51981,43777
51981,53664
51981,135561
51981,12221
51981,87480
51981,90643
51981,56017
51981,30210
51983,7377
51983,33509
51983,127988
51983,45961
51983,71987
51985,48004
51985,106421
51985,64872
51985,70887
51985,57934
51985,61586
51985,3775
51985,90744
51985,38913
51985,41400
51985,45961
51985,34852
51985,80579
51985,57125
51985,82789
51985,79625
51985,134288
51985,99314
51985,86989
51985,14024
51985,88616
51985,40048
51985,4634
51985,75795
51985,84341
51985,7895
51985,78642
51985,70624
51985,23358
51985,1211
51985,19150
51985,31962
51986,55191
51986,87185
51986,136704
51986,60360
51986,61493
51986,134068
51986,104267
51986,124911
51986,34883
51987,44466
51987,82970
51987,61627
51987,130589
51987,7652
51987,46777
51987,48666
51987,88142
51987,73760
51987,65388
51987,52067
51987,16938
51987,121260
51987,135601
51987,26389
51987,92445
51987,47880
51987,107751
51987,61444
51987,126348
51987,55435
51987,9408
51987,28528
51987,17168
51987,37584
51987,24500
51987,71050
51987,77309
51987,92797
51987,111208
51987,114738
51987,122937
51988,133720
51988,95588
51988,74036
51988,15660
51988,44432
51988,138964
51988,24606
51988,14603
51988,107429
51988,81167
51988,30331
51988,121295
51988,35083
51988,120345
51988,118211
51988,48318
51988,113367
51988,80820
51988,113365
51988,38879
51988,106505
51988,135871
51988,137185
51988,51603
51988,4500
51988,116423
51988,118494
51988,41220
51988,109817
51988,33196
51988,129463
51988,38791
51990,123331
51990,3515
51990,19078
51990,122413
51990,64236
51990,114441
51990,46347
51990,22750
51993,53547
51993,124166
51993,69489
51993,50623
51993,85065
51993,24021
51993,121975
51993,31359
51993,131901
51993,109650
51993,68002
51993,119197
51993,99922
51993,113610
51993,130532
51993,28818
51993,84526
51993,56064
51993,65100
51993,62168
51993,111831
51993,115213
51993,80869
51993,121421
51993,80251
51993,77465
51993,74298
51993,39748
51993,125053
51993,37093
51993,131344
51993,1535
51994,92168
51994,80851
51994,86207
51994,100955
51994,101648
51994,62440
51994,36336
51994,99863
51994,79023
51994,43078
51994,63718
51994,82296
51994,12743
51994,27205
51994,58369
51994,137145
51994,128805
51994,46487
51994,38558
51994,59438
51995,42690
51995,140331
51995,34682
51995,74077
51995,119920
51995,105312
51995,16487
51995,24939
51995,56537
51995,64324
51995,68411
51995,96383
51995,108502
51995,139848
51995,46923
51995,7672
51997,30897
51997,108659
51997,63683
51997,105041
51997,74822
51997,129897
51997,113717
51997,70744
51997,86164
51997,126516
51997,2263
51997,124325
51997,26128
51997,130655
51997,84000
51997,11971
51997,82021
51997,90294
51997,57730
51997,98488
51997,55165
51997,96073
51997,100890
51997,79623
51997,83701
51997,18108
51997,2611
51997,50996
51997,33901
51997,112629
51997,7622
51997,64804
51998,7663
51998,114133
51998,67825
51998,103522
51998,66362
51998,108588
51998,93411
51998,43356
51998,47749
51998,136729
51998,102758
51998,84157
51998,65403
51998,1039
51998,12035
51998,58733
51998,46112
51998,28168
51998,61018
51998,136843
51998,25741
51998,20977
51998,43027
51998,28672
51998,25997
51998,60661
51998,4043
52000,85334
52000,75996
52000,11085
52000,84929
52000,120501
52000,116010
52000,101629
52000,98992
52000,83823
52000,28787
52000,110639
52000,103209
52000,15529
52000,89646
52000,32956
52000,2006
52000,97943
52000,56129
52000,122609
52000,140376
52000,78389
52000,129592
52000,18259
52000,129170
52000,73915
52000,4040
52000,127065
52000,43471
52000,123962
52000,68741
52000,127371
52001,17414
52001,14778
52001,119013
52001,16568
52001,132141
52004,111284
52004,39484
52004,21317
52004,52558
52004,129386
52004,82852
52004,22602
52004,138229
52004,133055
52004,12869
52004,8224
52004,101884
52004,27567
52004,5029
52004,103916
52004,120068
52004,88004
52004,34582
52004,109768
52004,67894
52004,54130
52004,36416
52004,29869
52004,33733
52004,26194
52004,80145
52004,137192
52004,38357
52004,105615
52004,8626
52004,123600
52004,137161
52004,1132
52006,59522
52006,71794
52006,114414
52006,98045
52006,128341
52006,70322
52006,94932
52006,138916
52006,4136
52006,77400
52006,2426
52006,100260
52006,41714
52006,106677
52006,95388
52006,36019
52006,77786
52006,33786
52006,4891
52006,19657
52006,116422
52007,78741
52007,131320
52007,123596
52007,118927
52007,135668
52007,34178
52007,49923
52007,50116
52007,81217
52007,99833
52007,70143
52007,130850
52007,42570
52007,47595
52007,6597
52007,135753
52007,25973
52008,41772
52008,9343
52008,32340
52008,42484
52008,47993
52008,137256
52008,109515
52008,58850
52008,107402
52008,52836
52008,49442
52008,74885
52008,100559
52008,85503
52008,100691
52008,138523
52008,30262
52008,70062
52008,64006
52008,70710
52008,49651
52008,44039
52008,16698
52008,33116
52008,10393
52008,72691
52009,104799
52009,14775
52009,58831
52009,138648
52009,139037
52009,96340
52009,120891
52009,122612
52013,55920
52013,132435
52013,666
52013,101178
52013,37555
52013,25149
52013,93770
52013,101914
52013,13728
52013,54572
52013,67995
52013,60910
52013,102234
52013,25779
52013,83422
52013,34583
52013,3323
52013,81214
52013,128794
52013,35377
52013,24584
52013,133186
52013,97282
52013,114770
52013,57315
52013,93249
52013,14639
52013,12816
52013,98380
52013,119568
52013,121735
52014,21731
52014,59779
52014,52838
52014,66663
52014,40974
52014,117667
52014,116416
52014,86778
52014,19731
52014,37429
52014,103937
52014,121071
52014,55688
52014,31750
52014,117177
52014,36029
52014,12875
52014,70568
52014,117976
52014,35245
52014,127482
52014,9253
52014,16020
52014,12248
52014,23697
52014,119952
52014,32625
52014,32243
52014,32565
52014,72684
52014,88345
52014,44693
52014,4610
52019,118625
52019,20588
52019,2534
52019,91478
52019,49588
52019,61610
52019,83481
52019,49252
52019,3955
52019,14059
52020,103981
52020,77039
52020,102477
52020,80932
52020,2987
52020,25317
52020,57178
52020,124855
52020,97275
52020,36051
52020,17742
52020,78600
52020,92120
52020,131172
52020,131543
52020,15778
52020,41526
52020,28264
52020,5789
52020,38462
52020,84120
52020,127137
52020,101532
52020,101776
52020,53314
52020,45400
52020,115945
52020,57339
52020,31769
52020,101093
52020,15318
52020,38232
52023,11686
52023,32446
52023,42654
52023,90118
52023,17947
52023,42889
52023,138960
52023,53482
52023,58527
52023,37757
52023,90183
52023,33712
52023,91328
52023,134812
52023,89366
52023,3150
52023,56105
52023,64365
52024,19296
52024,96441
52024,88971
52024,75833
52024,79845
52024,83849
52024,18658
52024,52359
52025,133474
52025,135574
52025,25342
52025,137212
52025,21510
52025,69305
52025,23060
52025,96200
52025,78836
52025,24488
52025,115355
52025,36960
52025,67721
52025,40799
52025,53127
52025,124918
52025,19058
52025,71695
52025,103107
52025,82611
52025,131842
52025,67922
52025,74384
52025,60749
52025,64356
52025,87820
52025,41085
52025,12041
52025,5313
52025,54853
52026,88854
52026,64104
52026,51505
52026,98560
52026,4372
52026,110750
52026,137367
52026,48535
52026,41602
52026,85780
52026,83533
52026,80400
52026,72118
52026,90182
52026,109795
52026,92440
52026,60413
52026,69461
52026,26712
52026,69845
52026,29680
52026,103346
52026,49945
52026,125425
52026,50454
52026,82858
52026,50214
52026,38332
52026,124572
52026,62013
52026,125055
52026,69558
52029,120214
52029,110473
52029,57437
52029,123259
52029,122669
52029,112924
52029,73443
52029,17813
52029,83032
52029,106422
52029,27545
52029,50963
52029,68369
52029,19756
52029,125618
52029,53528
52029,85587
52029,95744
52029,61895
52029,23084
52029,84944
52029,34349
52029,28054
52029,21422
52029,66545
52029,20549
52029,38400
52029,3849
52029,43822
52029,134171
52032,68689
52032,79534
52032,125447
52032,77109
52032,41585
52032,92698
52032,137592
52032,131345
52032,18859
52032,138971
52032,121586
52032,134786
52032,136754
52032,31945
52032,30417
52032,19567
52032,99894
52032,117347
52032,135195
52033,22578
52033,121350
52033,113229
52033,115310
52033,27699
52033,21808
52033,10763
52033,9589
52033,66606
52033,101162
52033,63812
52033,137751
52033,58217
52033,124234
52033,57445
52033,121101
52033,23073
52033,129939
52037,46582
52037,54612
52037,27775
52037,43986
52037,29721
52037,126486
52037,108145
52037,117732
52037,66767
52037,7173
52037,31566
52037,3227
52037,91610
52037,131766
52037,71008
52037,70082
52037,108799
52037,32486
52037,80838
52037,129640
52037,89987
52037,61634
52037,41341
52037,131994
52037,62342
52037,84897
52037,61395
52037,115049
52037,102169
52037,75335
52037,117502
52037,49676
52040,10848
52040,72968
52040,102884
52040,48518
52040,45210
52040,48639
52040,93779
52040,18604
52040,72316
52040,31236
52040,17863
52040,116424
52040,76186
52040,21276
52040,99889
52040,97232
52040,137395
52040,107132
52040,130817
52040,69096
52040,47231
52040,10115
52040,128319
52040,140519
52040,77430
52040,78578
52040,28064
52040,112537
52040,113857
52040,34641
52040,18476
52040,93912
52040,29733
52042,30880
52042,108152
52042,52204
52042,48900
52042,58641
52042,111905
52042,55409
52042,51617
52042,118391
52042,111997
52042,121896
52042,13010
52042,41632
52042,138845
52042,84690
52042,103665
52042,29212
52042,134598
52042,16592
52042,19366
52042,74272
52042,1751
52042,48556
52042,74022
52042,27633
52042,15439
52042,101135
52042,113504
52042,124538
52042,73138
52042,65930
52042,121462
52045,22651
52045,12051
52045,88977
52045,53746
52045,56751
52045,16733
52045,27704
52045,67239
52045,103693
52045,62954
52045,62640
52045,104120
52045,137606
52045,37561
52045,96822
52045,26326
52045,76347
52045,133504
52045,53507
52045,32628
52045,91472
52045,50945
52048,60079
52048,91280
52048,139170
52048,86374
52048,105125
52048,81420
52048,22869
52048,51678
52048,55235
52048,34386
52048,65182
52048,49513
52048,30782
52048,87297
52048,104612
52048,73600
52048,135667
52048,35676
52048,140809
52048,11780
52048,95215
52048,126548
52048,36462
52048,34767
52048,96377
52048,41565
52048,25090
52048,135939
52048,6893
52048,133833
52048,7858
52050,101739
52050,18663
52050,52206
52050,1572
52050,70718
52050,62905
52050,123504
52050,119061
52050,64820
52050,47056
52050,128034
52050,56263
52050,76447
52050,121547
52050,53725
52050,80839
52050,67685
52050,16620
52050,74534
52050,101730
52050,27958
52050,85609
52050,133982
52050,131682
52050,90196
52050,27986
52050,32253
52050,83609
52050,75078
52050,107827
52050,116525
52050,67878
52050,107790
52050,97739
52053,91605
52053,63011
52053,76620
52053,30236
52053,134142
52053,29557
52053,135275
52053,120666
52053,114029
52053,36419
52053,113009
52053,6806
52053,111017
52053,94294
52053,89369
52053,110650
52053,74468
52053,92620
52053,233
52053,105978
52053,4284
52053,49253
52053,73192
52053,130096
52053,124646
52053,112099
52053,52952
52053,63080
52053,102872
52053,131045
52054,74447
52054,95580
52054,49761
52054,138746
52054,66770
52054,81430
52054,70329
52054,104556
52054,22494
52054,79991
52054,36989
52054,97286
52054,56914
52054,52504
52054,78327
52054,59063
52054,31959
52054,90908
52054,51131
52054,42556
52054,1267
52054,115127
52054,87442
52054,60850
52054,71178
52054,6402
52054,19443
52054,37126
52054,120090
52054,63999
52054,67017
52054,121446
52055,66381
52055,113155
52055,68343
52055,58480
52055,5647
52055,88464
52055,123929
52055,30580
52055,10368
52055,126794
52055,128473
52055,62813
52055,120031
52055,83162
52055,131119
52055,10151
52055,134268
52055,112796
52055,135707
52055,16127
52055,124708
52055,129260
52055,3092
52055,95170
52055,137640
52055,132750
52055,115293
52055,68896
52055,106150
52055,90990
52055,10233
52056,101023
52056,107654
52056,81144
52056,116167
52056,101862
52056,130199
52056,31653
52056,56165
52056,123211
52056,7294
52056,79199
52056,16248
52056,35007
52056,91282
52056,94177
52057,134154
52057,37818
52057,77089
52057,78500
52057,68420
52057,131892
52058,61060
52058,93640
52058,25614
52058,77283
52058,27369
52058,36791
52058,134528
52058,27738
52058,103313
52058,52738
52058,32943
52058,86594
52058,113971
52058,78815
52058,30820
52060,133212
52060,104112
52060,6962
52060,113481
52060,67728
52060,13347
52060,11496
52060,84306
52060,52375
52060,33682
52060,45462
52060,78684
52060,44372
52060,133878
52060,3273
52060,84766
52060,69822
52060,110504
52060,17319
52060,87474
52060,78976
52060,88614
52060,123473
52060,82514
52060,132316
52060,97345
52060,59607
52060,104096
52060,137332
52060,22304
52060,880
52061,23097
52061,48625
52061,120593
52061,49498
52061,44779
52061,33332
52061,16060
52061,128564
52061,44442
52061,136248
52061,37849
52061,26451
52061,90880
52061,2640
52061,56177
52061,51415
52061,130926
52061,106019
52061,33160
52061,67625
52061,75372
52061,45280
52061,106192
52061,61820
52061,66341
52061,60548
52061,51030
52061,119274
52061,39573
52061,18004
52061,88177
52062,83107
52062,132332
52062,88263
52062,121377
52062,132958
52062,120300
52062,114218
52062,88514
52062,837
52062,88268
52062,139105
52062,41994
52062,117141
52062,139132
52062,111026
52062,133422
52062,77437
52062,99687
52062,139442
52062,56053
52063,2527
52063,51775
52063,111015
52063,109136
52063,77279
52063,53469
52063,24701
52063,41523
52063,50928
52063,22525
52063,99424
52063,113981
52063,89340
52063,87137
52064,33022
52064,45449
52064,50680
52064,36331
52064,52487
52064,135414
52064,11582
52064,117267
52064,129857
52064,138846
52064,31111
52064,103457
52064,43698
52065,97787
52065,15631
52065,105075
52065,140116
52065,61019
52065,72166
52065,19728
52065,18652
52065,3009
52065,62628
52065,28037
52065,19364
52065,18360
52065,67271
52065,38475
52065,128111
52065,25260
52065,59256
52065,20361
52065,138980
52065,140323
52065,85769
52065,6832
52065,6885
52065,75982
52065,93584
52065,28174
52065,8567
52065,114323
52065,96554
52065,37388
52065,86129
52065,30468
52070,81703
52070,63837
52070,104133
52070,139053
52070,29559
52070,23095
52070,34683
52070,111453
52070,13234
52070,135565
52070,131314
52070,62432
52070,76689
52070,99735
52070,28038
52070,33004
52070,6532
52070,67570
52070,78919
52070,108184
52070,60591
52070,43870
52070,8993
52070,132162
52070,109545
52070,63256
52070,97147
52070,99475
52070,25036
52070,91381
52070,58201
52070,118993
52070,113138
52071,108251
52071,138201
52071,121736
52071,50646
52071,1120
52071,63481
52071,21458
52071,29622
52071,81113
52071,39210
52071,106995
52071,99717
52071,101700
52071,93512
52071,126643
52071,43685
52071,69173
52071,7268
52071,56791
52071,49628
52071,81209
52071,116796
52071,77117
52071,58573
52071,114890
52071,135145
52071,104576
52071,10616
52071,90414
52071,72969
52071,120126
52071,4484
52073,47573
52073,49548
52073,106781
52073,128067
52073,78179
52073,126782
52073,81274
52073,55613
52073,3409
52073,50930
52073,128119
52073,98683
52073,102949
52073,97575
52073,93730
52073,110280
52073,50349
52073,40472
52073,53542
52073,96174
52073,53570
52073,88483
52073,66845
52073,66088
52073,130230
52073,115539
52073,26131
52073,76632
52073,71969
52073,99083
52073,30665
52076,3213
52076,15994
52076,90730
52076,126657
52076,1722
52076,46809
52076,41278
52076,25476
52076,79740
52076,1497
52076,105408
52076,23268
52076,1230
52076,62762
52076,122621
52076,35599
52076,61529
52076,80475
52076,38725
52076,70078
52076,121609
52076,21419
52076,14878
52076,68099
52076,128615
52076,121267
52076,5002
52077,131934
52077,134400
52077,69239
52077,39572
52077,128059
52077,55831
52077,125579
52077,91219
52077,41002
52077,117154
52077,90043
52077,92102
52077,65356
52077,119213
52077,135511
52077,77803
52077,77092
52077,4844
52077,1173
52077,123416
52077,43204
52077,120794
52077,125198
52077,110566
52077,108336
52077,20010
52077,125445
52077,1154
52077,94936
52078,62585
52078,128308
52078,2298
52078,81396
52078,24421
52078,88136
52078,24510
52078,83641
52078,104984
52078,14588
52078,118280
52078,32661
52078,32334
52078,132697
52078,16666
52078,34519
52078,58978
52078,119249
52078,30142
52078,117388
52078,16994
52078,133571
52078,105465
52078,116755
52078,134480
52078,84921
52078,1681
52078,1119
52078,2763
52080,137676
52080,135484
52080,69205
52080,3614
52080,125830
52080,25494
52080,24
52080,39226
52080,34818
52080,21541
52080,96884
52080,58090
52080,81595
52080,41175
52080,42579
52080,42647
52080,87004
52080,109634
52080,40370
52080,12193
52080,59472
52080,65528
52080,66416
52080,134026
52080,95903
52080,65994
52080,134422
52082,107212
52082,11473
52082,73982
52082,85141
52082,77845
52082,4047
52082,112085
52082,137994
52082,45313
52082,58077
52082,72292
52082,89016
52082,5733
52082,27951
52082,132196
52082,134989
52082,14331
52082,117469
52082,134907
52082,140145
52082,76209
52082,113933
52082,28183
52082,39717
52082,139723
52082,33570
52082,72679
52082,67388
52082,29002
52082,114847
52082,71438
52082,70777
52082,7245
52083,63672
52083,73155
52083,28119
52083,79277
52083,9994
52083,88699
52083,135280
52083,138890
52084,49127
52084,49654
52084,109853
52084,73797
52084,25019
52084,29456
52084,67594
52084,77782
52084,93557
52084,85067
52085,22578
52085,21808
52085,126899
52085,10107
52085,18601
52085,10763
52085,113229
52085,139917
52085,77856
52085,57114
52085,32358
52085,112479
52085,134232
52085,112101
52085,32842
52085,30618
52085,5286
52085,66606
52085,82688
52085,134086
52085,134883
52085,139418
52085,130258
52085,101162
52085,9589
52085,62326
52085,94194
52085,92611
52085,108751
52085,124234
52085,58217
52085,23073
52085,121675
52089,9984
52089,18528
52089,292
52089,99438
52089,115997
52089,29664
52089,138737
52089,34699
52089,134939
52089,66932
52089,34213
52089,135265
52089,134258
52089,93533
52089,20097
52089,93441
52089,115337
52089,122018
52089,32328
52092,65130
52092,99827
52092,23796
52092,71875
52092,74438
52092,36790
52092,5745
52092,75001
52092,20113
52092,43584
52092,11211
52092,73195
52093,124279
52093,5355
52093,8983
52093,130141
52093,92257
52093,99726
52093,30762
52093,71488
52093,110269
52093,66146
52093,126364
52093,131744
52093,59097
52093,17493
52093,88905
52093,83388
52093,94203
52093,118353
52093,122663
52093,27357
52093,140724
52093,90078
52095,47870
52095,64392
52095,76698
52095,17745
52095,133512
52095,99067
52095,19544
52095,1653
52095,106650
52095,47681
52095,53333
52095,91292
52095,96532
52095,56490
52095,36084
52095,7200
52095,84338
52095,89943
52095,2171
52095,3908
52095,52320
52095,96835
52097,19079
52097,56600
52097,78124
52097,109177
52097,115762
52097,74532
52097,58951
52097,66734
52097,74467
52097,47114
52097,86873
52097,106438
52097,110044
52097,126077
52097,35638
52097,52032
52097,67988
52097,56259
52097,47622
52097,106242
52097,92498
52097,83840
52097,59393
52097,25574
52097,113302
52097,65745
52097,51605
52097,38308
52098,50039
52098,126149
52098,108377
52098,30716
52098,64003
52098,83853
52098,12983
52098,105395
52098,31744
52098,133391
52098,18581
52098,115125
52098,56787
52098,76709
52098,78242
52098,121853
52098,36869
52098,121175
52098,76124
52098,134461
52098,75780
52098,27408
52098,3880
52098,91584
52098,121681
52098,81637
52098,13412
52099,70999
52099,97986
52099,126012
52099,97054
52099,113788
52099,106764
52099,120787
52099,24168
52099,27230
52099,52527
52099,133275
52099,140006
52099,32624
52099,68363
52099,59782
52099,92211
52099,64884
52099,11974
52099,48019
52099,69371
52099,116041
52099,123264
52099,109222
52099,90694
52099,63494
52099,108827
52099,103307
52099,39004
52100,40778
52100,53963
52100,48844
52100,87988
52100,28771
52100,31501
52100,11769
52100,21113
52100,72589
52100,93183
52100,44489
52100,82574
52100,37797
52100,29139
52100,102274
52100,23453
52100,6267
52100,122528
52100,57732
52100,109243
52100,115088
52100,3547
52100,74056
52100,32199
52100,107931
52100,25025
52100,62151
52100,83850
52100,60037
52100,44464
52100,95383
52100,84486
52101,8617
52101,18791
52101,17669
52101,101880
52101,46370
52101,103888
52101,123637
52101,91499
52101,33801
52101,81313
52101,89054
52101,105340
52103,11706
52103,67548
52103,134479
52103,26591
52103,124288
52103,140609
52103,130927
52103,55190
52103,99704
52103,127711
52103,125985
52103,110970
52103,8451
52103,84844
52103,73942
52103,56412
52103,26818
52103,81249
52103,94486
52103,29547
52103,33194
52104,128101
52104,116942
52104,14082
52104,131892
52104,18110
52104,24545
52104,35223
52104,46443
52104,70177
52104,90845
52104,38419
52104,77914
52104,114932
52104,93970
52104,77089
52104,78500
52104,122112
52104,137997
52104,104517
52104,124342
52104,9972
52104,46274
52104,59657
52104,94455
52104,21264
52104,109764
52104,40279
52104,60468
52104,77795
52104,60846
52104,15443
52104,86042
52104,115624
52104,11032
52104,59781
52105,97785
52105,117771
52105,51492
52105,83789
52105,70405
52105,59206
52105,126942
52105,136210
52105,123801
52105,23777
52105,59466
52105,62403
52105,101198
52105,84296
52105,1147
52105,80396
52105,10987
52105,124602
52105,54187
52105,4301
52105,90803
52105,110836
52105,28877
52105,108023
52105,101446
52105,55859
52105,104770
52105,25884
52105,7573
52105,62134
52105,43662
52105,80999
52107,118670
52107,132210
52107,131917
52107,51178
52107,75972
52107,119794
52107,96748
52107,87652
52107,3235
52107,101520
52107,53883
52107,52703
52107,19157
52107,46027
52107,73077
52107,57169
52107,11359
52107,3724
52107,7620
52107,20022
52107,37540
52107,96808
52107,34221
52107,63417
52107,94988
52107,56573
52107,28132
52107,135028
52107,56697
52107,106307
52107,118206
52107,123898
52108,107846
52108,135551
52108,45896
52108,76443
52108,24519
52108,85430
52108,42693
52108,92927
52108,16826
52108,22471
52108,14352
52108,39355
52108,11991
52108,86928
52108,23862
52108,88219
52108,90770
52108,20136
52108,65860
52108,74882
52108,21443
52108,81720
52108,139719
52108,117744
52108,69514
52108,32114
52108,122582
52108,127861
52108,47359
52108,560
52108,10418
52108,68601
52108,108213
52110,101052
52110,40156
52110,29940
52110,79374
52110,27832
52110,98911
52110,77830
52110,112744
52110,4907
52110,112454
52110,110350
52110,126187
52110,81241
52110,48008
52110,76003
52110,131224
52110,48708
52110,24870
52110,15041
52110,62217
52110,99322
52110,8501
52110,121431
52110,118720
52110,6980
52110,7075
52110,41209
52110,42747
52110,24184
52110,114778
52111,63210
52111,45311
52111,30930
52111,45163
52111,82693
52111,9225
52111,42540
52111,66544
52111,19491
52111,36088
52111,6909
52113,7345
52113,86174
52113,71024
52113,39200
52113,91211
52113,61837
52113,79465
52113,64563
52113,125211
52113,66170
52113,32526
52113,115192
52113,2005
52113,74635
52113,26764
52113,39983
52113,124069
52113,85360
52113,87716
52113,131441
52113,84742
52113,117928
52113,106309
52113,95420
52113,12386
52113,14951
52113,59265
52113,101917
52113,130325
52113,93908
52113,70434
52113,133669
52114,23697
52114,55688
52114,16397
52114,135286
52114,24996
52114,36029
52114,72684
52114,88345
52114,97264
52114,5541
52114,44497
52114,9253
52114,117177
52116,18569
52116,67688
52116,121287
52116,134786
52116,37788
52116,35043
52116,31945
52116,40463
52116,99894
52116,104149
52117,7156
52117,95962
52117,99723
52117,65758
52117,47877
52117,106793
52117,3197
52117,129658
52117,118765
52117,3797
52117,137844
52117,76996
52117,74339
52117,9608
52117,60833
52117,1704
52117,12746
52117,83625
52117,117420
52117,69031
52117,131723
52117,131773
52117,104475
52117,114283
52117,121692
52117,75071
52117,78455
52117,88485
52117,98695
52117,18602
52117,75140
52117,128623
52118,72424
52118,112502
52118,59324
52118,68495
52118,22780
52118,128090
52118,88347
52118,97574
52118,138575
52118,3367
52118,125849
52118,78572
52118,55019
52118,92978
52118,118936
52118,112345
52118,1753
52118,44796
52118,103339
52119,50195
52119,124077
52119,137048
52119,45212
52119,100611
52119,73052
52119,107855
52119,51798
52119,52231
52119,104996
52119,122543
52119,65048
52119,96593
52119,27544
52119,27794
52119,28855
52119,11718
52119,120745
52119,4206
52119,82809
52119,68751
52119,105637
52119,120156
52119,83809
52119,33280
52119,5479
52119,32888
52119,94827
52119,30576
52119,70266
52119,82758
52122,90841
52122,130901
52122,103509
52122,16886
52122,20823
52122,111448
52122,126064
52122,99708
52122,107131
52126,113327
52126,138437
52126,62833
52126,44798
52126,112324
52126,131955
52126,65723
52126,39302
52126,109877
52126,24593
52126,73555
52126,89410
52126,25960
52126,124814
52126,73788
52126,77522
52126,103402
52126,34695
52126,8756
52126,27690
52126,122248
52126,8312
52126,9318
52126,64620
52126,81109
52126,12154
52126,98482
52126,31962
52126,125822
52126,44143
52126,32348
52126,42171
52126,40960
52130,69887
52130,55767
52130,56381
52130,24661
52130,22958
52130,90710
52130,44173
52130,65147
52130,20766
52130,77128
52130,99697
52132,102123
52132,717
52132,98474
52132,57439
52132,61581
52132,136058
52132,15281
52132,93032
52132,34340
52132,137700
52132,48891
52132,76339
52132,91718
52132,109011
52132,114152
52132,1883
52132,112948
52132,66118
52132,101439
52132,2490
52132,84162
52132,45583
52132,46758
52132,7987
52132,88608
52132,136369
52132,71698
52134,34789
52134,74268
52134,91404
52134,24346
52134,89886
52134,54764
52134,22974
52134,48355
52134,63211
52134,87755
52134,49034
52134,34649
52134,88387
52134,111493
52134,126505
52134,133994
52134,42547
52134,117468
52134,35352
52134,37188
52134,99337
52134,50768
52134,110137
52134,123963
52134,40388
52134,124195
52134,86236
52134,93397
52134,72456
52134,80470
52134,110548
52134,79758
52134,133095
52138,69550
52138,24229
52138,134948
52138,38046
52138,13411
52138,30680
52138,56563
52138,127731
52138,68319
52138,55730
52138,108479
52138,85015
52138,84463
52138,3717
52138,14595
52138,50568
52138,93208
52138,110764
52138,138738
52138,47241
52138,45367
52138,44768
52138,117003
52138,91928
52138,98365
52138,110843
52138,10928
52138,9851
52138,24315
52138,71046
52138,118709
52138,20053
52139,44442
52139,128564
52139,33934
52139,16060
52139,51199
52139,136248
52139,106016
52139,49498
52139,23097
52139,44779
52139,33332
52139,51415
52139,120593
52139,26451
52139,37849
52139,90880
52139,20986
52139,61820
52139,51030
52139,48625
52139,88177
52139,45280
52139,41054
52139,106192
52139,66341
52139,106019
52139,2640
52139,67625
52139,119274
52139,18004
52139,60548
52139,39573
52140,89810
52140,59190
52140,8284
52140,54205
52140,101046
52140,109149
52140,121968
52140,58743
52140,104033
52140,82026
52140,8340
52142,31723
52142,135468
52142,12611
52142,19448
52142,57823
52142,26761
52142,30478
52142,107222
52142,128355
52142,55957
52142,133803
52142,138027
52142,10503
52142,89883
52142,57454
52142,93153
52142,39271
52142,33647
52142,39936
52142,119555
52142,30225
52142,104458
52142,113233
52142,126867
52142,37006
52142,12734
52142,129448
52146,90845
52146,116942
52146,77914
52146,114932
52146,14082
52146,77089
52146,21018
52146,124342
52146,24545
52146,37818
52146,131892
52146,70177
52146,78500
52146,134323
52146,104517
52146,38419
52146,49656
52146,134154
52146,90809
52146,137997
52146,94455
52146,46274
52146,68420
52146,125083
52146,60846
52146,40279
52146,38904
52146,77795
52146,60468
52146,59781
52146,59657
52146,117294
52147,113051
52147,130423
52147,110592
52147,37628
52147,31400
52147,8894
52147,119094
52147,59730
52147,80151
52147,8159
52147,72733
52147,46378
52147,96375
52147,88579
52147,93036
52147,33074
52147,124277
52147,80623
52147,88357
52147,58837
52147,21607
52147,94039
52147,99596
52147,29945
52147,130200
52147,77380
52147,26355
52147,16827
52147,50720
52147,25095
52147,60811
52147,34420
52147,96470
52148,104780
52148,85851
52148,32292
52148,125282
52148,118260
52148,66370
52148,39520
52148,99958
52148,133850
52148,84176
52148,75966
52148,35086
52148,83942
52148,80688
52148,25325
52148,59321
52148,13743
52148,69913
52148,136066
52148,71909
52148,64831
52148,64089
52148,53578
52148,51114
52148,21205
52148,95326
52148,17359
52148,42105
52148,8318
52148,36498
52148,18147
52149,5510
52149,11594
52149,27136
52149,121430
52149,63799
52149,41661
52149,56476
52150,1734
52150,60570
52150,66571
52150,13266
52150,128342
52150,51906
52150,22954
52153,14347
52153,52964
52153,33150
52153,3636
52153,132828
52153,4298
52153,133085
52153,62306
52153,66582
52153,1167
52153,83361
52153,131906
52153,55579
52153,21221
52153,81128
52153,72557
52153,2445
52153,82624
52153,105814
52153,106731
52153,128051
52153,20199
52153,124046
52153,137819
52153,40736
52153,106404
52153,128769
52153,133431
52153,93574
52153,120365
52153,106432
52153,21705
52153,100471
52153,35075
52158,40209
52158,13158
52158,134406
52158,22312
52158,115234
52158,45552
52158,118666
52158,100304
52158,16128
52158,36183
52158,56761
52158,72122
52159,107287
52159,23810
52159,105429
52159,111785
52159,91621
52159,73102
52159,31216
52159,106081
52159,120748
52159,53526
52159,26767
52159,46708
52159,57374
52159,48552
52159,93156
52160,124342
52160,137997
52160,21018
52160,37818
52160,131892
52160,70177
52160,90845
52160,77089
52160,104517
52160,116942
52160,114932
52160,78500
52160,14082
52160,35223
52160,49656
52160,134154
52160,90809
52160,46274
52160,68420
52160,24545
52160,94455
52160,26248
52160,38419
52160,59781
52160,60846
52160,134323
52160,38904
52160,77795
52160,60468
52160,125083
52160,40279
52160,122112
52160,117294
52161,31753
52161,36725
52161,82145
52161,50637
52161,69915
52161,105951
52161,122584
52161,121519
52161,77763
52161,66860
52161,49538
52161,33409
52161,123973
52161,3760
52161,42352
52161,68040
52161,8207
52162,132041
52162,134283
52162,79049
52162,115089
52162,132069
52162,99135
52162,81097
52162,75573
52162,82022
52162,15866
52162,68025
52162,14742
52162,66244
52162,26582
52162,45293
52162,92949
52162,71388
52162,80706
52162,39292
52162,100756
52162,74487
52162,18395
52162,73140
52162,29980
52162,114422
52162,88249
52162,135976
52162,65791
52162,93607
52162,42142
52162,96032
52162,47166
52163,125682
52163,10196
52163,92636
52163,71869
52163,140507
52164,23308
52164,92529
52164,52756
52164,50458
52164,92350
52164,10337
52164,109436
52164,76403
52164,52948
52164,79931
52164,128982
52164,42164
52164,23685
52164,9488
52164,117260
52164,17436
52164,3067
52164,40394
52164,80342
52164,99965
52164,124240
52164,135081
52164,126405
52164,12391
52164,30775
52164,96446
52164,7766
52164,99466
52164,12749
52164,99756
52164,63425
52164,111475
52164,78145
52165,98345
52165,129201
52165,85879
52165,99601
52165,79785
52165,89986
52165,36095
52165,95701
52165,96460
52165,4476
52167,46240
52167,102553
52167,31511
52167,50594
52167,81470
52167,91146
52167,80653
52167,89463
52167,103442
52167,94094
52167,2061
52167,39048
52167,121135
52167,136644
52167,14083
52167,137152
52167,114026
52167,7313
52167,81073
52167,32932
52167,1463
52167,68119
52167,114729
52167,66645
52167,69492
52167,94140
52167,32029
52167,107375
52167,113325
52167,64947
52168,46306
52168,37518
52168,44069
52168,122192
52168,131569
52168,17754
52168,121514
52168,80812
52168,25056
52168,72671
52168,117507
52168,17046
52168,107106
52168,65204
52168,14910
52168,69728
52168,123078
52168,25806
52168,43381
52168,91212
52168,119646
52168,87556
52168,133295
52168,25551
52168,120390
52168,68943
52168,18671
52168,114511
52168,76313
52168,133161
52170,9264
52170,100633
52170,63909
52170,100024
52170,114024
52170,17080
52170,14551
52170,106017
52170,90472
52170,7114
52170,127694
52172,60144
52172,133943
52172,67964
52172,46501
52172,57170
52172,66750
52172,127671
52172,5322
52172,25159
52172,135904
52172,69184
52172,8864
52172,35679
52172,96206
52172,24041
52172,113983
52172,34151
52172,91975
52172,4503
52172,138325
52172,79398
52172,59721
52172,15390
52172,67233
52172,20587
52172,6713
52172,70463
52172,20274
52172,138452
52172,67477
52172,41337
52172,73058
52172,63188
52173,88888
52173,64657
52173,100352
52173,139235
52173,3615
52173,118035
52173,53691
52173,79168
52173,14242
52173,65247
52173,89536
52173,128447
52173,45256
52173,5118
52173,2087
52173,17810
52173,82136
52173,119751
52173,116001
52173,57600
52173,34036
52173,94751
52173,1595
52173,121395
52173,47627
52173,123976
52174,64596
52174,115503
52174,68984
52174,77775
52174,51760
52174,54140
52174,138178
52174,87826
52174,107399
52174,25529
52174,35872
52174,114930
52174,119123
52174,12977
52174,47059
52174,88321
52174,73041
52174,137407
52174,133774
52174,108112
52174,49280
52174,23642
52174,15871
52174,32161
52174,112398
52174,8330
52174,97484
52174,95221
52174,77083
52174,58804
52174,136381
52174,92057
52176,68143
52176,100653
52176,15975
52176,6190
52176,139341
52176,5618
52176,57760
52176,116231
52176,56196
52176,52613
52176,95355
52176,92513
52176,43432
52176,27585
52176,98404
52177,95802
52177,72120
52177,62526
52177,140622
52177,128410
52177,18008
52177,120002
52177,92357
52177,4823
52177,101314
52177,24922
52177,42422
52177,94588
52177,26883
52177,57755
52177,78440
52177,40439
52177,97252
52177,52649
52177,48702
52177,65990
52178,20362
52178,111480
52178,111856
52178,30627
52178,57470
52178,21721
52178,14147
52178,8679
52179,76443
52179,118766
52179,61695
52179,24519
52179,80034
52179,45896
52179,17739
52179,28495
52179,8343
52179,57648
52179,116211
52179,75125
52179,4780
52179,13674
52179,136833
52179,26118
52179,820
52179,30057
52179,11948
52179,85106
52179,100081
52179,59098
52179,91254
52179,90626
52179,104133
52179,86622
52179,13377
52179,34683
52179,105476
52179,70903
52179,139557
52179,72726
52179,99475
52180,105309
52180,108789
52180,27163
52180,65080
52180,137066
52180,124121
52180,102830
52180,96709
52180,76547
52180,43823
52180,102200
52180,33848
52180,74736
52180,125252
52180,49877
52180,17361
52180,70281
52180,8406
52180,61213
52180,88848
52180,76947
52180,79372
52180,62982
52180,127620
52180,43322
52180,85811
52180,27021
52180,47369
52180,41135
52180,20685
52180,15829
52180,107774
52180,117989
52181,93221
52181,99414
52181,126339
52181,55315
52181,138120
52181,109896
52181,64894
52181,95678
52181,30554
52181,134596
52181,61652
52181,14644
52181,117532
52181,35279
52181,117061
52181,18144
52181,116069
52181,18750
52181,44806
52181,67546
52181,126158
52181,111115
52181,5871
52181,59848
52181,58533
52181,103696
52181,118387
52181,75828
52182,22824
52182,75491
52182,83045
52182,130729
52182,65984
52182,39993
52182,85742
52182,11622
52182,83806
52182,85567
52182,46162
52182,109185
52182,89119
52182,118104
52182,129278
52182,97099
52182,127808
52182,81172
52182,116696
52182,110813
52182,3625
52182,58696
52182,71258
52182,139893
52182,64344
52182,56063
52182,49152
52182,27317
52182,83430
52182,134162
52182,11826
52182,37581
52183,12476
52183,87858
52183,27949
52183,29826
52183,27676
52183,5414
52183,13612
52183,48652
52183,115790
52183,15391
52183,10540
52183,133001
52183,5819
52183,128948
52183,15032
52183,57083
52183,21883
52183,43162
52183,131108
52183,129960
52183,8335
52183,42691
52183,39457
52183,86318
52183,113616
52183,77784
52183,27750
52183,117675
52183,129007
52184,12611
52184,88261
52184,93153
52184,30478
52184,123697
52184,26509
52184,26579
52184,35858
52184,133483
52184,68065
52184,4466
52184,80864
52184,46340
52184,545
52184,128482
52184,34514
52184,98792
52184,90522
52184,131212
52184,120400
52184,2190
52184,69684
52184,63487
52184,118742
52184,84113
52184,66701
52184,17428
52184,7190
52184,122775
52184,98246
52184,2318
52184,29986
52184,34017
52186,4426
52186,15545
52186,110981
52186,62928
52186,55340
52186,138968
52186,42260
52186,50907
52186,44976
52186,46275
52186,59513
52186,138436
52186,124123
52186,116047
52186,99186
52186,85706
52186,139523
52186,58653
52186,38456
52186,24837
52186,61563
52186,13262
52186,106467
52186,31663
52186,135698
52186,82546
52186,43559
52186,112831
52186,118918
52186,27246
52186,138445
52186,16235
52187,120489
52187,11859
52187,79407
52187,39219
52187,125615
52187,78739
52187,62242
52187,132515
52187,85336
52187,107859
52187,35461
52187,63179
52187,95992
52187,131207
52187,11912
52187,104089
52187,91064
52187,112623
52187,136036
52187,29303
52187,28267
52187,28511
52187,50307
52187,28305
52187,110332
52187,93801
52187,91067
52187,63292
52187,11655
52187,89839
52187,113787
52187,39667
52193,126263
52193,103701
52193,95527
52193,47085
52193,122459
52193,79008
52193,43900
52193,29053
52193,133291
52193,59104
52193,6150
52193,96098
52194,7663
52194,108588
52194,43356
52194,93411
52194,28168
52194,65403
52194,1039
52194,12035
52194,25997
52194,28672
52194,76541
52194,20977
52194,131436
52196,3335
52196,21243
52196,72769
52196,98577
52196,106794
52196,100920
52196,22529
52196,86398
52196,102220
52196,19740
52196,74908
52196,38490
52196,134555
52196,58684
52196,75484
52196,60108
52196,126238
52196,44111
52196,82993
52196,95076
52196,136612
52196,59490
52196,12434
52196,28919
52196,51058
52196,136767
52196,109439
52196,12587
52196,103010
52196,81571
52196,3728
52196,129792
52196,112850
52196,123053
52200,492
52200,52684
52200,1674
52200,122808
52200,91414
52200,91571
52200,14441
52200,90534
52200,17104
52200,7444
52200,23498
52200,37763
52200,24675
52200,119844
52200,133800
52200,104692
52200,77377
52200,99885
52200,9615
52200,63273
52200,102623
52200,139575
52200,90523
52200,100637
52200,72816
52200,84678
52200,65891
52200,113979
52200,115471
52200,52467
52200,45595
52200,125762
52200,37992
52200,128500
52200,83719
52201,29301
52201,90312
52201,55669
52201,6578
52201,118445
52201,20932
52201,55777
52201,4430
52201,51236
52201,61015
52201,109958
52201,125088
52201,59497
52201,82237
52201,131932
52201,17637
52201,89232
52201,28665
52201,35042
52201,116435
52201,19605
52201,136805
52201,45882
52201,25168
52201,1842
52201,6271
52201,100892
52201,26357
52201,56330
52201,102144
52201,117742
52201,128839
52201,62030
52209,17078
52209,78448
52209,11492
52209,125040
52209,32912
52209,131598
52209,39109
52209,23327
52209,46223
52209,57581
52209,111241
52209,102248
52209,115091
52209,5999
52209,134112
52209,85998
52209,58836
52209,16534
52209,88821
52209,77897
52209,81135
52209,39112
52209,8480
52209,129063
52209,131376
52209,45373
52209,55749
52209,3545
52211,59340
52211,74680
52211,46135
52211,5415
52211,128576
52211,69480
52211,113597
52211,122072
52211,36354
52211,104292
52211,104714
52211,126255
52211,87898
52211,51921
52211,74526
52211,119726
52211,121204
52211,77205
52211,3763
52211,79949
52211,86482
52211,53331
52211,52243
52211,48258
52211,110695
52211,128646
52211,133814
52211,95790
52211,67677
52211,13260
52211,697
52211,7386
52211,19694
52211,108743
52213,24545
52213,137997
52213,124342
52213,21018
52213,116942
52213,14082
52213,35223
52213,104517
52213,38419
52213,60846
52213,100882
52213,26248
52214,94695
52214,127845
52214,85509
52214,132936
52214,87774
52214,8175
52214,44674
52214,18338
52214,44275
52214,115628
52214,137691
52214,14363
52214,2292
52214,102456
52214,63903
52214,114408
52214,20885
52214,95892
52214,76108
52214,69636
52214,73307
52214,32400
52214,20109
52214,116107
52214,41201
52214,77603
52215,33024
52215,72787
52215,131678
52215,102786
52215,120935
52215,78805
52215,63750
52216,45882
52216,80930
52216,9456
52216,90312
52216,119942
52216,80778
52216,33083
52216,109237
52216,69107
52216,43456
52216,44737
52216,18107
52216,62886
52216,61015
52216,17637
52216,90439
52216,123948
52216,63562
52216,26357
52216,118366
52216,81762
52216,8243
52216,37088
52216,45604
52216,72476
52216,10552
52216,99326
52216,28665
52216,100892
52216,92733
52216,57728
52216,4297
52216,62030
52217,6746
52217,127009
52217,129516
52217,770
52217,119270
52217,56555
52217,133884
52217,76479
52217,88384
52217,21908
52217,35993
52217,95489
52217,78507
52217,45494
52217,7413
52217,57149
52217,15213
52222,78550
52222,35390
52222,53130
52222,107121
52222,137655
52222,129715
52222,60101
52222,95863
52222,118657
52222,77937
52222,15282
52222,136055
52222,73198
52222,32577
52222,108567
52223,102656
52223,130154
52223,50284
52223,86311
52223,12571
52223,83077
52223,39417
52223,45556
52223,134556
52223,39312
52223,29856
52223,57587
52223,31755
52223,21050
52223,110190
52223,17453
52223,113853
52223,8422
52223,133342
52223,139435
52223,27974
52223,6255
52223,122972
52223,14506
52223,37123
52223,100390
52223,53113
52223,1133
52223,92210
52223,120426
52223,77507
52223,103062
52223,78696
52223,21996
52224,110910
52224,56270
52224,109465
52224,120160
52224,37308
52224,103469
52224,57311
52224,101302
52224,89282
52224,96993
52224,97821
52224,18591
52224,25272
52224,121358
52224,84826
52224,29495
52224,121011
52224,20383
52224,83200
52224,85859
52224,42035
52224,28031
52224,18768
52224,100626
52224,103043
52224,112814
52224,23587
52224,105976
52225,83134
52225,24519
52225,28495
52225,61695
52225,136833
52225,85430
52225,42693
52225,64020
52225,19465
52225,13499
52225,57648
52225,68282
52225,116211
52225,77504
52225,80034
52225,75125
52225,4780
52225,70035
52225,59098
52225,39355
52225,50215
52225,23095
52225,78866
52225,134823
52225,86928
52225,105476
52225,49738
52225,122589
52225,11948
52225,85106
52225,14352
52225,71216
52227,129534
52227,12351
52227,25667
52227,108534
52227,53508
52227,131070
52227,134359
52227,13231
52227,76486
52227,2410
52227,109729
52227,43899
52227,72602
52227,31331
52227,111034
52227,106601
52227,19813
52227,138912
52227,100408
52227,79795
52227,2281
52227,22233
52227,63840
52227,58900
52227,121979
52227,135775
52227,12323
52227,138269
52227,69557
52227,135852
52227,87368
52227,97135
52227,35221
52229,25966
52229,134434
52229,119409
52229,136649
52229,31372
52229,14976
52229,111591
52229,97489
52229,122132
52229,32792
52229,120335
52229,68584
52229,45429
52229,18947
52229,31351
52229,15703
52229,97751
52229,41762
52229,28443
52229,118087
52229,14061
52229,137659
52229,127172
52229,118669
52235,50481
52235,90753
52235,61034
52235,8670
52235,138776
52235,94426
52235,86020
52235,71478
52235,102502
52235,116591
52235,75258
52235,33933
52235,128971
52235,140488
52235,32463
52235,124868
52235,87520
52235,45739
52235,113816
52235,65243
52235,35283
52235,33412
52235,18126
52235,21313
52235,85595
52235,137272
52235,75151
52235,4496
52235,113097
52235,7619
52235,9735
52235,55077
52235,48481
52237,94762
52237,38465
52237,959
52237,103810
52237,53437
52237,46117
52237,111659
52237,132473
52239,122254
52239,138461
52239,48510
52239,83815
52239,61095
52239,124622
52239,27333
52239,30494
52239,548
52239,25794
52239,109075
52239,139358
52239,40866
52239,90725
52239,76353
52239,66281
52239,12563
52239,124988
52239,65326
52239,37519
52239,24587
52239,53359
52239,128181
52239,123150
52239,139168
52239,100655
52239,118464
52239,31741
52239,40459
52239,94671
52239,80382
52239,78252
52242,135270
52242,96078
52242,55467
52242,68230
52242,2543
52242,54670
52242,8911
52242,29194
52242,2879
52242,41101
52242,28398
52242,15447
52242,74212
52242,63896
52242,45255
52242,44579
52242,12345
52242,31286
52242,44667
52244,90744
52244,61586
52244,57934
52244,77574
52244,79596
52244,70624
52244,88616
52244,29230
52244,45961
52244,21638
52244,93594
52244,79625
52244,82789
52244,70887
52244,87256
52244,72631
52244,38913
52244,48004
52244,113402
52244,35010
52244,1211
52244,59042
52244,69171
52244,78725
52244,19150
52244,101982
52244,39127
52244,11631
52244,32431
52245,47639
52245,84392
52245,118212
52245,114260
52245,75918
52245,76975
52245,66233
52245,123866
52245,47279
52247,35226
52247,124476
52247,53118
52247,85697
52247,58749
52247,13608
52247,24534
52247,68004
52247,82629
52247,68208
52247,89074
52247,119037
52247,63860
52247,2285
52247,1284
52249,12051
52249,53746
52249,16733
52249,67239
52249,12954
52249,88977
52249,27704
52249,104120
52249,62954
52249,96822
52249,62640
52249,22651
52249,103693
52249,62528
52249,53507
52249,50945
52249,137606
52249,76347
52251,86704
52251,85430
52251,80034
52251,77504
52251,24519
52251,115954
52251,116211
52251,57648
52251,13499
52251,68282
52251,75125
52251,50215
52251,61695
52251,127297
52251,120824
52251,100238
52251,134823
52251,86928
52251,4780
52251,81451
52251,124191
52251,28694
52251,121238
52251,23095
52251,131363
52251,111775
52251,117744
52251,69514
52251,106872
52251,131203
52251,86622
52255,94063
52255,127601
52255,2706
52255,135221
52255,23366
52255,50818
52255,101241
52255,3131
52255,35035
52255,75868
52255,129133
52255,52256
52255,117070
52255,47444
52255,130404
52255,95229
52255,68917
52255,43615
52255,15665
52255,49258
52255,79098
52255,58194
52255,65214
52255,84965
52255,73231
52255,53188
52255,107111
52255,24893
52255,22668
52255,61514
52255,60362
52257,37223
52257,84991
52257,33920
52257,5663
52257,103347
52257,96745
52257,90958
52257,44913
52257,54439
52257,100379
52257,14843
52257,74491
52257,128332
52257,53109
52257,25814
52257,105599
52257,119756
52257,86528
52257,33468
52257,67692
52257,105181
52257,60204
52257,92252
52257,68140
52257,27875
52257,20458
52257,39159
52257,99376
52257,97391
52257,85771
52258,12621
52258,102764
52258,93133
52258,68184
52258,106596
52258,37578
52258,80686
52258,115869
52258,98461
52260,132061
52260,97799
52260,27069
52260,9813
52260,138900
52260,92100
52260,132383
52260,10895
52260,115525
52260,13158
52260,136720
52260,99340
52260,111830
52260,134568
52260,65332
52260,19055
52260,85978
52260,79737
52260,58883
52260,103036
52260,97963
52260,27982
52260,26052
52260,122153
52260,28208
52260,78814
52260,102366
52260,118666
52261,3213
52261,92137
52261,36427
52261,15994
52261,8161
52261,90730
52261,96761
52261,53494
52261,70606
52261,126657
52261,1497
52261,41278
52261,69937
52261,45080
52261,79740
52261,17633
52261,48671
52261,38750
52261,7051
52261,35264
52261,121267
52261,70934
52261,128615
52261,41712
52261,38291
52261,32112
52261,25416
52261,69261
52261,78838
52261,10746
52261,23212
52261,5002
52263,31576
52263,115954
52263,48555
52263,11991
52263,116176
52263,70058
52263,126013
52263,26118
52263,80034
52263,59098
52263,114820
52263,135565
52263,113107
52263,118993
52263,132162
52263,33405
52263,58735
52263,16631
52263,6087
52263,64710
52263,116217
52263,60591
52263,78919
52263,52307
52263,8993
52263,67897
52263,63545
52263,58201
52263,119766
52263,85894
52263,99236
52263,80265
52263,9496
52264,33193
52264,91437
52264,20508
52264,69461
52264,109795
52264,2374
52264,72118
52264,11178
52264,103346
52264,91676
52264,90182
52264,80400
52264,69558
52264,92440
52264,69845
52264,62517
52264,26712
52264,24157
52264,29680
52264,9491
52264,26515
52264,121206
52264,135974
52264,29415
52264,125425
52264,102226
52264,138777
52264,106670
52264,83793
52264,72942
52264,109384
52265,128827
52265,131803
52265,62463
52265,104208
52265,102608
52265,43094
52265,65752
52265,39476
52265,3705
52265,2191
52265,71370
52265,58934
52265,8308
52265,31042
52265,124158
52265,15746
52265,123825
52265,62899
52265,60186
52265,79069
52265,129885
52265,94075
52265,98608
52265,36546
52265,85207
52265,102816
52265,117853
52265,63845
52265,108363
52265,77970
52265,42703
52265,30695
52265,37720
52266,85424
52266,129522
52266,97718
52266,72316
52266,72968
52266,86101
52266,42346
52266,34641
52266,90011
52266,107136
52266,102884
52266,101304
52266,61453
52266,93779
52266,66520
52266,101047
52266,99889
52266,4572
52266,28064
52266,76568
52266,126190
52266,1802
52266,71565
52266,8370
52266,56799
52266,78449
52266,6418
52266,119166
52266,58117
52266,100145
52266,18476
52266,12981
52268,112479
52268,102413
52268,109698
52268,40441
52268,130981
52268,55195
52268,138233
52268,123227
52268,20871
52268,137602
52268,137264
52269,38937
52269,10805
52269,16823
52269,136961
52269,108752
52269,105334
52269,68819
52269,69276
52269,36484
52269,3893
52269,97789
52269,24644
52269,21533
52269,27405
52269,20197
52269,129727
52269,46256
52269,112359
52269,85922
52269,53979
52269,31084
52269,29738
52269,54680
52269,16424
52269,7793
52269,20298
52269,101313
52269,13323
52269,133631
52269,80045
52269,93074
52269,81963
52270,114103
52270,126308
52270,109533
52270,116661
52270,80493
52270,135415
52270,70032
52270,135868
52270,64170
52270,120875
52270,93297
52270,123180
52270,104051
52270,136739
52270,125157
52270,10454
52270,11591
52270,12189
52270,82619
52270,24052
52270,27028
52270,17809
52270,31698
52270,68622
52270,120827
52270,107282
52270,38118
52270,6774
52270,55551
52270,29700
52270,75675
52270,107500
52271,15994
52271,3213
52271,92137
52271,48136
52271,8962
52271,98239
52271,70078
52271,80475
52271,1230
52271,32112
52271,35817
52271,31643
52271,41712
52271,30950
52271,1722
52271,90730
52271,30593
52271,95931
52271,17633
52271,74754
52271,86639
52271,53494
52271,126462
52271,38750
52271,35264
52271,121267
52271,70934
52271,129968
52271,69261
52271,135779
52271,106819
52271,72492
52272,2163
52272,83684
52272,46941
52272,21321
52272,128107
52272,24693
52272,28165
52272,20270
52272,127907
52272,9234
52272,125597
52272,100364
52272,33527
52272,63579
52273,8889
52273,120892
52273,73929
52273,2330
52273,81953
52273,72666
52273,56163
52273,62227
52273,108497
52273,71457
52273,15595
52273,15244
52273,63197
52273,77403
52273,8811
52273,100052
52273,96812
52273,96686
52273,34799
52273,94958
52273,72040
52273,102491
52273,78262
52273,89862
52273,32214
52273,99030
52273,8809
52273,42709
52273,32153
52273,37377
52273,135276
52274,16324
52274,57294
52274,110622
52274,9762
52274,61613
52274,80391
52274,2743
52274,102158
52274,96790
52274,75614
52274,66109
52274,124334
52274,26735
52274,56347
52274,76782
52274,22871
52274,116008
52274,138790
52274,83802
52274,102122
52274,127513
52274,135618
52274,80893
52274,128898
52274,14308
52277,36977
52277,37319
52277,30761
52277,38602
52277,26458
52277,26866
52277,94377
52277,101209
52277,38604
52277,13160
52277,39924
52277,28782
52281,100569
52281,32626
52281,54310
52281,114255
52281,19140
52281,79008
52281,136758
52281,70272
52281,120604
52281,47869
52281,128224
52281,127572
52281,102090
52281,58990
52281,130144
52281,110910
52281,125450
52281,45554
52281,34569
52281,37215
52281,40534
52281,116224
52281,100626
52281,26455
52281,42035
52281,44844
52281,77292
52283,27416
52283,28636
52283,54723
52283,138040
52283,33758
52283,57863
52283,140013
52283,18705
52283,62170
52283,124503
52283,469
52283,117792
52283,47278
52283,66026
52283,86328
52283,65651
52283,111933
52283,67302
52283,62646
52283,91853
52283,123828
52283,35016
52283,134166
52283,31459
52284,43966
52284,38846
52284,27711
52284,121586
52284,41585
52284,9522
52284,11414
52284,42875
52284,68689
52284,115763
52284,77109
52284,18859
52284,121287
52284,31442
52284,92698
52284,85576
52284,137592
52284,34348
52284,114777
52284,31945
52284,67688
52284,63682
52284,41368
52284,135195
52284,99894
52284,35043
52284,40463
52284,134786
52284,18569
52284,68783
52284,117347
52284,37788
52284,33163
52285,109941
52285,3354
52285,82704
52285,124226
52285,95178
52285,54160
52285,21162
52285,83682
52285,121682
52285,43930
52285,112595
52285,2390
52285,124013
52285,129298
52285,116922
52285,18950
52285,136556
52285,21548
52285,72356
52285,11176
52285,1659
52285,88688
52285,72981
52285,135001
52285,125748
52285,56216
52285,31610
52285,22391
52285,136979
52285,133851
52285,1440
52285,62437
52288,45604
52288,107174
52288,80930
52288,80778
52288,63562
52288,9456
52288,34728
52288,117972
52288,2356
52288,139764
52288,43456
52288,70521
52288,109237
52288,84802
52288,122466
52288,41396
52288,54906
52288,81767
52288,4297
52288,18107
52288,118366
52288,90439
52288,63412
52288,123948
52288,81762
52288,43997
52288,37733
52288,32788
52288,10552
52288,110977
52288,15716
52288,87188
52289,65855
52289,130850
52289,69022
52289,81217
52289,15607
52289,73184
52289,39047
52289,100594
52289,54873
52289,137189
52289,62510
52289,12228
52289,55399
52289,68744
52289,120822
52289,30422
52289,83953
52289,57378
52289,96513
52289,101697
52289,98803
52289,61111
52289,39677
52289,137576
52289,87788
52289,109731
52289,131404
52292,111322
52292,46814
52292,121972
52292,58319
52292,74339
52292,9608
52292,137844
52292,69575
52292,76996
52292,108091
52292,138360
52292,76759
52292,43044
52292,35502
52292,46591
52292,88178
52292,118980
52292,138168
52292,94158
52292,11166
52292,63663
52292,56978
52292,81048
52292,125891
52292,102355
52292,25298
52292,83692
52292,98525
52292,114107
52292,11768
52292,119540
52292,90946
52292,81178
52293,44168
52293,53572
52293,52583
52293,51342
52293,86624
52293,15900
52293,58284
52293,14729
52293,124314
52293,135806
52293,74641
52293,62768
52293,132594
52293,70215
52293,127689
52293,102725
52293,16222
52293,46194
52293,20615
52293,92359
52293,110071
52293,13807
52293,139660
52293,80452
52293,49972
52293,60932
52293,91117
52293,70701
52293,27138
52293,110931
52293,96965
52293,111553
52293,117157
52294,59936
52294,108968
52294,14938
52294,87909
52294,44518
52294,69543
52294,131474
52294,124115
52294,136787
52294,42409
52294,49124
52294,83517
52294,18870
52294,33553
52294,94209
52294,26271
52294,111880
52294,23453
52294,31304
52294,91310
52294,24977
52294,42168
52294,87357
52294,107055
52294,55308
52294,92543
52294,95736
52294,90299
52294,39177
52294,4398
52294,132784
52297,106243
52297,113442
52297,10442
52297,5923
52297,12054
52298,17501
52298,126401
52298,100666
52298,82210
52298,59471
52298,75805
52298,101874
52298,75736
52298,28347
52298,48071
52298,83624
52298,30618
52298,54438
52298,122734
52298,47782
52298,31881
52298,100710
52298,41944
52298,101894
52298,89579
52298,129203
52298,95884
52298,139855
52298,11073
52298,59461
52298,38171
52298,21824
52298,12343
52298,4292
52298,137264
52299,40174
52299,8046
52299,91176
52299,71378
52299,66100
52299,107838
52299,104885
52299,34897
52299,91286
52299,71821
52299,89796
52299,17608
52299,140494
52299,130562
52299,90274
52299,140691
52299,83213
52299,49898
52299,97332
52299,113784
52299,129361
52299,49614
52299,43706
52299,15646
52299,9635
52299,28715
52299,61026
52300,97742
52300,126734
52300,63769
52300,40898
52300,1015
52300,136095
52300,66780
52300,115018
52300,1455
52300,96445
52300,69438
52300,91186
52300,20713
52300,107302
52300,92085
52300,55526
52300,43890
52300,67991
52300,84192
52300,28450
52300,68655
52304,2546
52304,106801
52304,114174
52304,106606
52304,103749
52304,61598
52304,86576
52304,89600
52304,108840
52304,16359
52304,86816
52304,9798
52304,124699
52304,63495
52304,26511
52304,10439
52304,30757
52304,125012
52304,121402
52304,11603
52304,132811
52304,139666
52304,138937
52304,93179
52304,74488
52304,30017
52304,67122
52304,82267
52304,104685
52304,99741
52304,16418
52304,80682
52306,28823
52306,6556
52306,16284
52306,105713
52306,121114
52306,45270
52306,109064
52306,54007
52306,19053
52306,23076
52306,21122
52306,101254
52306,101347
52306,15292
52306,52011
52306,60256
52306,103462
52311,104755
52311,16668
52311,48629
52311,2061
52311,94094
52311,106876
52311,174
52311,69492
52311,78935
52311,834
52311,105215
52311,71717
52312,109901
52312,11918
52312,90522
52312,99794
52312,106064
52312,36113
52312,25125
52312,125039
52312,105363
52312,80375
52312,102318
52312,100307
52312,98064
52312,90541
52312,94440
52312,19721
52312,18233
52312,118685
52312,4126
52312,7190
52312,42767
52312,39956
52312,19791
52312,66523
52312,17428
52312,7327
52312,131881
52312,136170
52313,27074
52313,87162
52313,81523
52313,97897
52313,103411
52313,3439
52313,108093
52313,117520
52313,49042
52313,77467
52313,90984
52313,44548
52313,23144
52313,139733
52313,127790
52313,70750
52313,5688
52313,58660
52313,121276
52313,111415
52313,128941
52313,80993
52313,73221
52313,63782
52313,135457
52313,91890
52313,81269
52313,137024
52313,53320
52313,62482
52313,73880
52313,45446
52314,134242
52314,84269
52314,91384
52314,36675
52314,77151
52314,24067
52314,77332
52314,74658
52314,24200
52314,128521
52314,81643
52314,78794
52314,26506
52314,68049
52314,69458
52314,131657
52314,71827
52314,88684
52314,118047
52314,26755
52314,93108
52314,47619
52314,124309
52314,105492
52314,6373
52314,58262
52315,25476
52315,8161
52315,90730
52315,126657
52315,41278
52315,79740
52315,41712
52315,1497
52315,8962
52315,4875
52315,62762
52315,57945
52315,3858
52315,77360
52315,35264
52315,122621
52315,35817
52315,23212
52315,77935
52315,139366
52315,53494
52315,32887
52315,32112
52315,30950
52315,86639
52315,24559
52315,69261
52315,74754
52315,44923
52315,138600
52315,7880
52315,38725
52315,5002
52317,19248
52317,2814
52317,29906
52317,97040
52317,10363
52317,50557
52317,121086
52317,12995
52317,113798
52317,81152
52317,56047
52317,89253
52317,133069
52317,21890
52317,114632
52317,103572
52317,30479
52317,8348
52317,71268
52317,111191
52317,104447
52317,44558
52317,41266
52317,132769
52317,126823
52317,91942
52317,29037
52317,129688
52317,126645
52317,103859
52318,99563
52318,68964
52318,75700
52318,138263
52318,56085
52318,68283
52318,9632
52318,84521
52318,10329
52318,72506
52318,69043
52318,138143
52318,120479
52319,106356
52319,85678
52319,45480
52319,50569
52319,85140
52319,66285
52319,115241
52319,96421
52319,116170
52319,120291
52319,89294
52319,137194
52319,79253
52319,117638
52319,69389
52319,82347
52319,17000
52319,34734
52319,120915
52319,112178
52319,98126
52319,71028
52319,77919
52319,38437
52319,120089
52319,10335
52320,58838
52320,106561
52320,106910
52320,92202
52320,100105
52320,104528
52320,79596
52320,105704
52320,112799
52320,3474
52320,11631
52320,15001
52320,31272
52320,78725
52322,66381
52322,134268
52322,113155
52322,58480
52322,68343
52322,128473
52322,123929
52322,30580
52322,83162
52322,72782
52322,135707
52322,13206
52322,125345
52322,131119
52322,88464
52322,138351
52322,16127
52322,124708
52322,95170
52322,137640
52322,112796
52322,10368
52322,10151
52322,106150
52322,59934
52322,68896
52324,62410
52324,17617
52324,103819
52324,120560
52324,95656
52324,22668
52326,55285
52326,84474
52326,58579
52326,59461
52326,20774
52326,21824
52326,38171
52326,41977
52327,39767
52327,14670
52327,15975
52327,1884
52327,42405
52327,139341
52327,28388
52327,61447
52327,123050
52327,98404
52327,70538
52329,18053
52329,96761
52329,135537
52329,51066
52329,84122
52329,135779
52329,100685
52329,138470
52329,31169
52329,62400
52329,38750
52329,120497
52329,85300
52329,64569
52329,129228
52329,106819
52329,108824
52329,72492
52329,24559
52329,33977
52331,120981
52331,29021
52331,84405
52331,31189
52331,132707
52331,46531
52331,102834
52331,36913
52331,18544
52331,74473
52331,129411
52331,52447
52331,70226
52331,103826
52331,88100
52331,45155
52331,34559
52331,88298
52331,88294
52331,27621
52331,48536
52331,65993
52331,89154
52331,128509
52331,49999
52331,1232
52331,103495
52331,106810
52331,46151
52331,5836
52332,138185
52332,96751
52332,76075
52332,85044
52332,88624
52332,82935
52332,79339
52332,62251
52332,85599
52332,52289
52332,68230
52332,93150
52332,31059
52332,15930
52332,80611
52332,31286
52332,35204
52332,2543
52332,43528
52332,55467
52332,14198
52332,10900
52332,6100
52332,136743
52332,72928
52332,108349
52332,59632
52332,125168
52333,91488
52333,38
52333,19327
52333,99388
52333,109292
52333,87865
52333,116502
52333,8471
52333,121820
52333,45011
52333,32989
52333,33386
52333,102467
52333,2661
52333,140334
52333,34382
52333,31955
52333,22218
52333,128587
52333,13060
52333,139519
52333,34616
52333,133747
52333,98887
52333,109880
52333,85074
52333,12944
52333,105204
52333,99865
52333,103366
52334,7676
52334,36708
52334,29711
52334,934
52334,92219
52334,124444
52334,74493
52334,112315
52335,32188
52335,9754
52335,118457
52335,32629
52335,130790
52335,65726
52335,114185
52335,95229
52335,52840
52335,31355
52335,95321
52335,126366
52335,74446
52335,130005
52335,104890
52336,62895
52336,17227
52336,32917
52336,64173
52336,131865
52336,26203
52336,30723
52336,5923
52336,26748
52336,98884
52336,5441
52336,18774
52336,99505
52336,130365
52336,114001
52336,79246
52336,139301
52336,49781
52336,54222
52336,46131
52336,120784
52336,58556
52336,10640
52336,42108
52336,43263
52336,98293
52336,57619
52336,96910
52336,27902
52336,79014
52336,84889
52336,116659
52336,82739
52336,39933
52337,43653
52337,113431
52337,67239
52337,82451
52337,57016
52337,46714
52337,6616
52337,65143
52337,136502
52337,23863
52337,56751
52337,53746
52337,139272
52337,12051
52337,16161
52337,118816
52337,66155
52337,5835
52337,95900
52337,5763
52337,113705
52337,97435
52337,18971
52337,53507
52337,21773
52337,51296
52337,76088
52337,40831
52337,44198
52337,87277
52337,100101
52337,133504
52340,26685
52340,140285
52340,18811
52340,139055
52340,6815
52340,71515
52340,60593
52340,139265
52340,129244
52340,23885
52340,85649
52341,102403
52341,16728
52341,17873
52341,135193
52341,29220
52341,139137
52343,27332
52343,49101
52343,9983
52343,19159
52343,67304
52343,41894
52343,47195
52343,14068
52343,96776
52343,85536
52343,117632
52343,118033
52343,111342
52343,109238
52343,79359
52343,100072
52343,125903
52343,98295
52343,104393
52343,66558
52343,62005
52343,56355
52343,23922
52343,140141
52343,27763
52343,57396
52343,106044
52343,15474
52343,46236
52343,36995
52343,106318
52343,107318
52343,25254
52343,29419
52344,138112
52344,99484
52344,54937
52344,50162
52344,128085
52344,61934
52344,74045
52344,138176
52344,56050
52344,78599
52344,95031
52344,22883
52344,9624
52344,89466
52344,24452
52344,37567
52344,72090
52344,128871
52344,14142
52344,61632
52344,28181
52344,73666
52344,63894
52344,82231
52344,123675
52344,24194
52344,94729
52344,134992
52344,34263
52344,5543
52344,3180
52344,139162
52344,22393
52344,90385
52345,77192
52345,42013
52345,66829
52345,57385
52345,95519
52345,29006
52345,119306
52345,108658
52345,99360
52345,120987
52345,94837
52345,128263
52345,131410
52345,136917
52345,121285
52345,92749
52345,63454
52345,82151
52345,117232
52345,78541
52345,63848
52345,123424
52345,56111
52345,43987
52345,136287
52345,105570
52345,3674
52345,133790
52345,128115
52345,126157
52345,115699
52345,46288
52345,103037
52347,92214
52347,112786
52347,25521
52347,21157
52347,42725
52347,134890
52347,123902
52347,55620
52347,13634
52347,102398
52347,6982
52347,135108
52347,45337
52347,113918
52347,115455
52347,19854
52347,269
52347,26819
52347,55739
52347,58063
52347,136683
52347,117926
52347,30852
52347,22601
52347,27654
52347,80291
52347,30977
52347,137275
52347,6133
52347,123665
52347,10942
52347,41329
52349,38910
52349,91714
52349,109576
52349,16687
52349,65799
52349,28731
52349,15267
52349,76856
52349,87618
52349,45966
52349,29643
52349,126809
52349,743
52349,42855
52349,78685
52349,90819
52349,74165
52349,97907
52349,10214
52349,17986
52349,53665
52349,94751
52349,72077
52349,89638
52349,39627
52349,128447
52349,82136
52349,17810
52349,43441
52349,119751
52349,80919
52350,94836
52350,36708
52350,7676
52350,131310
52350,25444
52350,66729
52350,48994
52350,93168
52350,29711
52350,79594
52350,84320
52350,88719
52350,2924
52350,132713
52350,29877
52350,113139
52350,934
52350,92586
52350,33804
52350,132511
52350,88186
52350,120386
52350,92219
52350,124444
52350,31792
52350,84556
52350,51147
52350,41255
52350,103149
52350,55396
52350,67804
52350,74493
52350,112315
52351,54744
52351,118943
52351,23649
52351,58591
52351,15454
52351,31207
52351,76932
52351,133411
52351,11656
52351,125999
52351,113180
52351,86756
52351,42512
52351,47325
52351,114934
52351,9393
52351,36661
52351,17087
52351,12947
52351,85971
52351,26962
52351,9058
52356,61111
52356,124483
52356,120822
52356,65520
52356,70145
52356,113582
52356,106582
52356,73184
52356,83438
52356,81830
52356,52408
52356,8999
52356,5131
52356,22880
52356,5099
52356,57087
52356,39677
52356,47394
52356,139281
52356,30562
52356,123094
52356,22106
52356,26130
52356,131404
52356,102719
52356,69450
52356,103720
52356,71054
52356,49000
52356,66358
52358,37552
52358,85278
52358,40117
52358,85294
52358,42139
52358,82547
52358,75181
52358,84178
52358,62095
52358,102135
52358,95897
52358,114415
52358,13842
52358,102111
52358,6890
52358,91550
52358,90603
52358,100967
52358,38587
52358,117992
52358,122556
52358,136345
52358,60906
52358,40092
52358,96051
52359,135857
52359,1591
52359,74169
52359,114474
52359,69575
52359,46255
52359,31233
52359,106793
52359,78979
52359,21251
52359,21474
52359,88178
52359,17377
52359,56739
52359,136489
52359,107794
52359,110448
52359,32222
52359,50208
52359,37565
52359,86231
52359,63205
52359,50615
52359,37097
52359,75140
52359,105958
52359,129784
52359,134301
52359,85987
52359,18602
52359,33882
52361,76226
52361,8903
52361,124845
52361,69392
52361,6559
52361,52669
52361,11976
52361,2037
52361,109810
52361,7256
52361,58568
52361,39543
52361,78032
52361,46045
52361,69730
52361,85842
52361,136645
52361,115599
52361,64115
52361,99161
52361,208
52361,122935
52361,40395
52361,119577
52361,70282
52361,24560
52361,106982
52361,135380
52361,88055
52361,128103
52361,128916
52362,7040
52362,134436
52362,34027
52362,14160
52362,68429
52362,87882
52362,108545
52363,109895
52363,93415
52363,22550
52363,12088
52363,91321
52363,45111
52363,25313
52363,87472
52363,102402
52363,28608
52363,21057
52363,1768
52363,22288
52363,117221
52363,106504
52363,109885
52363,56394
52363,13462
52363,109344
52363,120776
52363,43367
52363,67077
52363,79794
52363,20033
52367,56655
52367,114788
52367,3335
52367,29228
52367,52676
52367,88644
52367,68378
52367,135711
52367,91854
52367,89427
52367,47287
52367,84316
52367,134115
52367,126238
52367,65911
52367,3
52367,40371
52367,120469
52367,125420
52367,103010
52367,51058
52367,100213
52367,72925
52367,129832
52367,133017
52367,123053
52368,77136
52368,46287
52368,37582
52368,109648
52368,18906
52368,54239
52368,79096
52368,19804
52368,34819
52368,54437
52368,27448
52368,29012
52368,63528
52368,129242
52368,19070
52368,5375
52368,46453
52368,84789
52368,80168
52368,38174
52368,94546
52368,7727
52368,36684
52368,97123
52368,45411
52368,84614
52368,29008
52368,5025
52368,44229
52368,84548
52368,99477
52370,106314
52370,81322
52370,111107
52370,84918
52370,85306
52370,71156
52370,107870
52370,33622
52371,23544
52371,34723
52371,114628
52371,9010
52371,58622
52371,85230
52371,121155
52371,64506
52371,1373
52371,91950
52371,137846
52371,20363
52371,64946
52371,104457
52371,25101
52371,129023
52371,49118
52371,63050
52371,63633
52371,136417
52371,71901
52371,111082
52371,54083
52371,121032
52371,120726
52371,25163
52371,76775
52371,109073
52372,95307
52372,53341
52372,29604
52372,88218
52372,56880
52372,113349
52372,65606
52372,27348
52372,88096
52372,38571
52372,64777
52372,81437
52372,10404
52372,893
52372,89073
52372,30184
52372,74474
52372,16706
52372,92297
52372,68914
52372,48153
52372,1934
52372,46333
52372,107872
52372,44147
52372,95166
52372,59526
52372,41488
52372,21315
52372,97247
52372,111000
52372,114766
52372,85728
52372,116276
52375,129654
52375,18283
52375,43666
52375,21585
52375,49670
52375,33721
52377,70684
52377,116618
52377,115319
52377,83259
52377,91336
52377,26448
52377,27685
52377,132978
52377,81388
52377,48280
52377,8799
52377,16155
52377,46486
52377,72700
52377,79781
52377,61220
52377,47303
52377,70546
52377,22775
52377,63094
52377,22903
52377,55430
52377,95757
52377,132176
52377,8547
52377,11522
52377,78793
52377,24515
52377,124466
52377,3054
52377,50205
52377,52109
52377,93727
52378,125069
52378,83045
52378,130729
52378,85742
52378,22824
52378,110813
52378,137826
52378,17817
52378,139893
52378,39993
52378,65984
52378,97099
52378,118104
52378,129278
52378,127808
52378,81172
52378,89119
52378,11622
52378,58696
52378,56063
52378,49152
52378,27317
52378,134162
52378,37581
52379,39388
52379,133456
52379,120383
52379,25127
52379,68688
52379,92656
52379,128152
52379,25600
52379,8091
52379,21555
52379,69296
52379,123203
52379,139177
52379,83689
52379,57757
52379,90442
52379,134285
52379,115547
52379,119724
52379,67076
52379,140347
52379,90977
52379,58490
52379,3117
52379,128926
52379,39771
52379,29916
52379,5636
52381,125581
52381,39247
52381,92222
52381,29764
52381,55222
52381,140640
52381,36072
52381,79567
52381,10828
52381,19870
52381,11510
52381,119407
52381,79692
52381,4688
52381,98266
52381,92029
52381,1286
52381,99990
52381,49348
52381,50966
52381,50149
52381,31583
52381,6704
52381,118795
52381,12478
52381,105961
52383,69161
52383,64490
52383,120853
52383,46018
52383,19862
52383,76667
52383,54697
52383,107365
52383,84871
52383,124564
52383,124752
52383,107530
52383,61947
52383,12574
52383,50261
52383,100533
52383,4396
52383,31493
52383,37967
52383,61889
52383,122226
52383,77456
52383,45541
52383,22130
52383,76464
52383,98400
52383,50110
52383,7811
52383,313
52383,70806
52383,2009
52385,58077
52385,73982
52385,132196
52385,134907
52385,17725
52385,72509
52385,118631
52385,102316
52385,109174
52385,120634
52385,85936
52385,83758
52385,94557
52385,115317
52385,29002
52385,87875
52385,50789
52385,81936
52385,53498
52385,64131
52385,27928
52385,79799
52385,136458
52385,112796
52385,56827
52385,109727
52385,8184
52385,70798
52385,32867
52385,31456
52385,70777
52385,114593
52388,2045
52388,137586
52388,54741
52388,134473
52388,38595
52388,26986
52389,60980
52389,3574
52389,4927
52389,117759
52389,5624
52389,118829
52389,93419
52389,131258
52389,99311
52389,83185
52389,118376
52389,116885
52389,101212
52389,41447
52389,118921
52389,23664
52389,76912
52389,24913
52389,36963
52389,62504
52389,106046
52389,60613
52389,49733
52389,114909
52389,137409
52389,56646
52389,36042
52389,89354
52389,53520
52389,70470
52390,7919
52390,105408
52390,126264
52390,90693
52390,126657
52390,101627
52390,121267
52390,77360
52390,38538
52390,111170
52390,10746
52390,41278
52390,68923
52390,56042
52390,43010
52390,23212
52390,23265
52390,23078
52390,64762
52390,7527
52390,10996
52390,138600
52390,6439
52390,60084
52390,135499
52390,7880
52390,105307
52390,62028
52391,50355
52391,133869
52391,62143
52391,42951
52391,70066
52391,27281
52391,115332
52391,26364
52391,4099
52391,22150
52391,156
52391,12481
52394,14082
52394,35223
52394,37818
52394,70177
52394,90845
52394,131892
52394,77089
52394,77914
52394,114932
52394,134323
52394,137997
52394,24545
52394,134154
52394,124342
52394,49656
52394,90809
52394,104517
52394,117294
52394,38419
52394,46274
52394,122112
52394,78500
52394,77795
52394,40279
52394,60468
52394,21018
52394,26248
52394,57952
52394,100882
52394,38904
52394,60846
52394,29633
52394,125083
52396,96761
52396,138470
52396,38750
52396,33977
52396,64569
52396,108824
52396,83834
52396,84122
52396,31169
52396,62400
52396,51066
52396,100685
52396,135779
52396,85300
52396,106819
52396,556
52396,120497
52396,135537
52396,72492
52396,24559
52396,129228
52397,882
52397,83472
52397,16239
52397,65833
52397,24397
52397,55381
52397,101312
52397,88931
52397,34425
52397,42586
52397,43720
52397,134121
52397,33166
52397,19187
52397,113622
52397,3661
52397,57166
52397,80915
52397,94144
52397,91781
52397,65954
52397,67617
52397,21716
52397,12214
52397,106489
52397,39215
52397,21960
52397,87996
52397,62185
52397,77294
52397,1660
52397,69300
52400,106421
52400,3775
52400,106230
52400,7377
52400,124778
52400,2906
52400,107028
52400,453
52400,48004
52400,113402
52400,59539
52400,34852
52400,56917
52400,33509
52400,127988
52400,41400
52400,38758
52400,88616
52400,120248
52400,21638
52400,80579
52400,57125
52400,123709
52400,79106
52400,40048
52400,7895
52400,35010
52400,78642
52400,74085
52400,28517
52400,109
52400,39127
52400,78926
52400,38064
52401,117959
52401,61630
52401,73539
52401,79043
52401,90749
52401,79676
52401,136421
52401,98006
52401,39691
52401,125394
52401,16498
52401,41583
52403,127239
52403,132029
52403,72109
52403,61492
52403,57505
52403,64944
52403,61944
52403,31681
52403,96566
52403,13354
52403,69805
52403,132334
52403,112372
52403,48155
52403,1502
52403,100727
52403,2650
52403,136543
52403,28256
52403,64171
52403,82119
52403,95605
52403,85356
52403,12799
52403,4071
52403,134675
52403,64905
52403,6248
52403,60271
52403,21575
52403,93050
52404,868
52404,52676
52404,43735
52404,42643
52404,68378
52404,72769
52404,19740
52404,55348
52404,125420
52404,88716
52404,103664
52404,55248
52404,39442
52404,84316
52404,71843
52404,65584
52404,63809
52404,75383
52404,64882
52404,3002
52404,109334
52404,20769
52404,68128
52404,3335
52404,136767
52404,100213
52404,51058
52404,95994
52404,71020
52404,74477
52404,123053
52404,126238
52405,35251
52405,51199
52405,23097
52405,119274
52405,43213
52405,130926
52405,125647
52405,33934
52405,44442
52405,26451
52405,97726
52405,88177
52405,97878
52405,48625
52405,60548
52405,8001
52405,37849
52405,106019
52405,16060
52405,120593
52405,33332
52405,136248
52405,44779
52405,106016
52405,43747
52405,90880
52405,51415
52405,128564
52405,23921
52405,61874
52405,124575
52405,111635
52408,123981
52408,74786
52408,95188
52408,86870
52408,39828
52408,58197
52408,98935
52408,18519
52408,81176
52408,8036
52408,28922
52408,134262
52408,79605
52408,71203
52408,15369
52408,96750
52408,4836
52408,104702
52408,85478
52408,78659
52408,112037
52408,55781
52408,105791
52408,47480
52408,68636
52408,99729
52408,43570
52408,35667
52408,94678
52408,71078
52408,4449
52410,56118
52410,69088
52410,104832
52410,104434
52410,299
52410,2641
52410,95918
52410,105032
52410,35809
52410,125466
52413,33547
52413,137473
52413,12887
52413,20391
52413,64293
52413,13707
52413,82441
52413,13720
52413,127404
52413,19453
52413,92680
52413,110546
52413,105715
52413,108570
52413,6852
52413,1437
52413,59513
52413,7018
52413,7196
52413,126116
52413,120828
52413,86350
52413,16263
52413,24837
52413,79402
52413,101368
52413,22050
52413,125378
52413,40491
52413,123092
52413,105535
52413,66223
52413,75317
52414,64664
52414,140583
52414,14914
52414,18421
52414,53869
52414,69880
52414,140270
52414,87292
52414,71713
52414,70499
52414,61784
52414,111709
52414,122860
52414,12470
52414,85513
52414,12186
52414,21949
52414,125875
52414,20530
52414,91361
52414,111513
52414,36840
52414,127517
52414,1195
52415,53732
52415,49310
52415,74598
52415,125914
52415,9268
52415,61986
52415,57193
52415,140472
52415,105269
52415,136797
52415,139470
52415,7405
52415,66752
52415,43709
52415,42244
52415,89820
52415,75548
52415,90424
52415,8325
52415,140065
52415,87977
52415,3675
52415,70048
52415,101839
52415,48740
52415,129562
52415,17068
52415,36246
52415,98624
52415,40391
52417,121530
52417,126823
52417,102890
52417,111191
52417,24058
52417,129688
52417,3377
52417,4384
52417,138386
52417,87244
52418,60144
52418,69184
52418,133943
52418,8864
52418,57170
52418,67964
52418,25159
52418,67233
52418,14944
52418,15390
52418,118444
52418,109804
52418,23592
52418,112502
52418,95452
52418,133689
52418,93974
52418,73058
52418,128090
52418,68495
52418,31825
52418,77074
52418,75205
52418,35679
52418,138452
52418,117582
52418,53274
52418,131352
52418,88347
52418,113731
52418,23190
52418,20274
52418,29044
52422,93991
52422,20583
52422,33523
52422,107580
52422,75388
52422,123875
52422,128242
52422,134060
52422,118053
52422,105721
52422,72151
52422,77494
52422,21858
52422,101202
52422,31490
52422,103637
52422,133019
52424,104786
52424,114284
52424,110791
52424,111358
52424,22316
52424,46069
52424,15493
52424,3122
52424,115078
52424,89995
52424,55358
52424,130588
52424,36153
52424,135652
52424,71716
52424,59363
52424,136488
52424,31979
52424,100150
52424,22624
52424,60195
52424,128198
52424,134427
52424,2331
52424,99465
52424,101107
52424,9143
52424,70571
52424,117254
52424,102280
52425,64114
52425,76727
52425,123206
52425,67560
52425,100509
52425,32851
52425,69132
52425,50074
52425,47154
52425,62345
52425,5315
52425,11159
52425,128293
52425,27470
52425,139570
52425,101180
52425,56082
52425,8078
52425,47388
52425,11293
52425,74821
52425,50413
52425,101390
52425,106116
52425,89168
52425,80460
52425,140011
52425,45512
52425,99826
52425,27646
52426,113768
52426,22163
52426,79875
52426,63470
52426,38130
52426,115943
52426,3776
52426,92995
52426,6336
52426,10906
52426,112435
52426,44530
52426,124497
52426,51514
52426,41832
52426,122752
52426,20863
52426,109651
52426,46415
52426,120519
52426,45650
52426,53279
52426,82699
52426,32073
52426,2770
52426,29079
52426,124590
52426,31437
52426,131066
52426,15990
52426,54445
52426,42389
52426,56603
52426,76814
52427,134152
52427,50435
52427,118034
52427,104504
52427,54548
52427,64368
52427,82921
52427,23350
52427,32516
52427,10719
52427,50977
52427,118465
52427,118182
52427,70054
52427,28229
52427,27115
52427,52119
52427,57426
52427,59952
52427,133682
52427,2053
52427,39374
52427,60050
52427,68745
52427,101926
52427,32048
52427,109021
52427,90408
52427,101143
52427,69678
52427,67607
52427,56638
52427,24960
52427,70938
52429,73333
52429,98130
52429,94209
52429,124202
52429,24090
52429,72975
52429,115500
52429,96853
52429,46146
52429,54626
52429,13005
52429,83248
52429,18870
52429,86890
52429,43663
52429,63084
52429,118179
52429,33553
52429,69543
52429,10660
52429,47522
52429,66271
52429,135030
52429,13855
52429,41273
52429,101997
52429,81944
52429,95736
52429,2406
52429,54977
52429,89522
52429,663
52430,44785
52430,49263
52430,29678
52430,59801
52430,81322
52430,112024
52430,51223
52430,47571
52430,83353
52430,106314
52430,37467
52430,101713
52430,84918
52430,10782
52430,20791
52430,117160
52430,63912
52430,106380
52430,4835
52430,18928
52430,11261
52430,120719
52430,55425
52430,77822
52430,71156
52430,81468
52430,36927
52430,33622
52430,110883
52430,77245
52430,68948
52430,10810
52430,107870
52431,55460
52431,4765
52431,59886
52431,40934
52431,133587
52431,53329
52431,3158
52431,52862
52431,41144
52431,66813
52431,52618
52431,114936
52431,139512
52431,1781
52431,80242
52431,17622
52431,83690
52431,36109
52431,33688
52431,29024
52431,92693
52431,82340
52431,62874
52431,140361
52439,94632
52439,105809
52439,63042
52439,125401
52439,79762
52439,101577
52439,110691
52439,87276
52439,67252
52439,19700
52439,65516
52439,1840
52439,46475
52439,49875
52439,119896
52439,100060
52439,11401
52439,102257
52439,128348
52439,35912
52439,106009
52439,71254
52439,53429
52439,52092
52439,78186
52439,6126
52439,100073
52439,19630
52439,111407
52439,122816
52439,60662
52439,140404
52440,96860
52440,52766
52440,91614
52440,122516
52440,51792
52440,32063
52441,48940
52441,14169
52441,42177
52441,72892
52441,20551
52441,94591
52441,105988
52441,24391
52441,64332
52441,77509
52441,115602
52441,42842
52441,77077
52441,138420
52441,62181
52441,76199
52441,84581
52441,137468
52441,53192
52441,75844
52441,16076
52441,125308
52441,75407
52441,107408
52441,47031
52441,69938
52446,3213
52446,90730
52446,25476
52446,126657
52446,74754
52446,135779
52446,30950
52446,57945
52446,98736
52446,17633
52446,60277
52446,64249
52446,13044
52446,59546
52446,556
52446,41712
52446,139366
52446,5002
52446,24559
52446,138550
52446,31169
52446,138600
52446,70078
52446,135499
52446,113069
52446,69261
52446,125311
52446,106819
52446,47786
52446,71376
52446,7880
52446,33977
52449,39674
52449,94226
52449,47327
52449,102460
52449,91
52449,128053
52449,110746
52449,106417
52449,84704
52449,122342
52449,27854
52449,22449
52449,17394
52449,139423
52449,96145
52449,78547
52449,32549
52449,132428
52449,67177
52449,61016
52449,3285
52449,101104
52449,11166
52449,58319
52449,118980
52449,74108
52449,44801
52449,19333
52449,33882
52449,98695
52449,84159
52449,99997
52449,73977
52449,40763
52449,68101
52450,117782
52450,29783
52450,13205
52450,48064
52450,74617
52450,124930
52450,65989
52450,128201
52450,38148
52450,113967
52450,16423
52450,51027
52450,44308
52450,44894
52450,112054
52450,59647
52450,18076
52450,20801
52450,2464
52450,88262
52450,67258
52450,53335
52450,75082
52450,72714
52450,114392
52450,108790
52450,16433
52450,130270
52450,108360
52450,120670
52452,14780
52452,101002
52452,47954
52452,81287
52452,6743
52452,46571
52452,60745
52452,116019
52452,19196
52452,42782
52452,20132
52452,132818
52452,16788
52452,11326
52452,134732
52453,72166
52453,15631
52453,97787
52453,140116
52453,20361
52453,25260
52453,3009
52453,18652
52453,19728
52453,19364
52453,1433
52453,105075
52453,56421
52453,67271
52453,38475
52453,59256
52453,86129
52453,140323
52453,62628
52453,6832
52453,6885
52453,18360
52453,93584
52453,28174
52453,121320
52453,8567
52453,96554
52453,30468
52454,882
52454,113622
52454,55381
52454,101312
52454,132441
52454,12214
52454,48218
52454,114531
52454,72427
52454,21124
52454,33166
52454,67617
52454,122385
52454,6540
52454,132088
52454,104553
52454,603
52454,94144
52454,94070
52454,18595
52454,80915
52454,69300
52454,87996
52454,114353
52454,60490
52454,105642
52454,77294
52454,70876
52454,133675
52454,105176
52454,88638
52455,134683
52455,119848
52455,85240
52455,135920
52455,75775
52455,135387
52455,56080
52455,96528
52455,126485
52455,124475
52455,119006
52455,17175
52455,61140
52455,82984
52455,60748
52455,66673
52455,61239
52455,110667
52455,33774
52455,96208
52455,100094
52455,29558
52455,16199
52455,136949
52455,115245
52455,1168
52455,102854
52455,22100
52455,49702
52455,79391
52455,1035
52456,27655
52456,57297
52456,81053
52456,13369
52456,130857
52456,2319
52456,134990
52456,16527
52456,20464
52456,72520
52456,127706
52456,90277
52456,63236
52456,64859
52456,35162
52456,27785
52456,129274
52456,140066
52456,85417
52456,100412
52456,57708
52456,58156
52456,22788
52456,65835
52456,65042
52456,114500
52456,80814
52456,117015
52456,35905
52456,130212
52456,20228
52456,129071
52457,113252
52457,88310
52457,87686
52457,124261
52457,59464
52457,5534
52457,56542
52457,111166
52457,6161
52457,11182
52457,90382
52457,116120
52457,84675
52457,7363
52457,123696
52457,38396
52457,48538
52457,9148
52457,15935
52457,103016
52457,138889
52457,68305
52457,44675
52457,43652
52457,60879
52457,11997
52457,113475
52457,43552
52457,15907
52459,93221
52459,126339
52459,22165
52459,119592
52459,99414
52459,60124
52459,79394
52459,65574
52459,14644
52459,10155
52459,116069
52459,66677
52459,1750
52459,138120
52459,6023
52459,30180
52459,18144
52459,67546
52459,61652
52459,24803
52459,24385
52459,117061
52459,21283
52459,126158
52459,95678
52459,5871
52459,110197
52459,75828
52460,95004
52460,4019
52460,21796
52460,121617
52460,123021
52460,104330
52460,80329
52460,140501
52460,65423
52460,88874
52460,113976
52460,2379
52460,99071
52460,53114
52460,136534
52460,81561
52460,132392
52460,131981
52460,129811
52460,126576
52460,41260
52460,111884
52460,4207
52460,83454
52460,23113
52460,32948
52460,80439
52460,93246
52460,16087
52460,34186
52460,3044
52460,75370
52461,22578
52461,32358
52461,115310
52461,89476
52461,57114
52461,137751
52461,112479
52461,21808
52461,112101
52461,134086
52461,27699
52461,10107
52461,139418
52461,20772
52461,94194
52461,126073
52461,82404
52461,43440
52461,66606
52461,27525
52461,121675
52461,92611
52461,137264
52461,5286
52461,113229
52461,10763
52461,77210
52461,121350
52461,101162
52461,58217
52461,33097
52462,101648
52462,70308
52462,66177
52462,34744
52462,29709
52462,63517
52462,48425
52462,59939
52462,99046
52462,136265
52462,14301
52462,117805
52462,10771
52462,52992
52462,96166
52462,139465
52462,92886
52462,21599
52462,79915
52462,45577
52462,79896
52462,66551
52462,42541
52462,106997
52462,76505
52462,50957
52462,62440
52462,126908
52462,32765
52462,116257
52462,15934
52462,82909
52462,46803
52462,130519
52463,106230
52463,48004
52463,90920
52463,3775
52463,106421
52463,79106
52463,87154
52463,37063
52463,7377
52463,87490
52463,124778
52463,120248
52463,63604
52463,34852
52463,38758
52463,33509
52463,57125
52463,73342
52463,2906
52463,453
52463,140016
52463,93594
52463,56917
52463,123709
52463,38913
52463,96112
52463,40048
52463,101982
52463,41400
52463,35010
52463,80579
52463,14024
52463,128155
52463,7895
52464,118800
52464,114820
52464,67080
52464,122668
52464,15634
52464,120541
52464,52819
52464,65704
52464,117990
52464,139250
52464,130029
52464,88084
52464,59565
52467,67657
52467,91
52467,68468
52467,78547
52467,82327
52467,51133
52467,105963
52467,128692
52467,74792
52467,32549
52467,107879
52467,104261
52471,7195
52471,74970
52471,63019
52471,61852
52471,40775
52471,6814
52471,17617
52471,101935
52471,5194
52471,6240
52471,8583
52471,77289
52471,81569
52471,101278
52471,69786
52471,58700
52471,44643
52471,134071
52471,60424
52471,82091
52471,89378
52471,24380
52471,61256
52471,99761
52471,124044
52471,89746
52471,124213
52471,124882
52471,99273
52471,75521
52471,50913
52472,52593
52472,117509
52472,17018
52472,79155
52472,66560
52472,85438
52472,96337
52472,114204
52472,23347
52472,38898
52472,59058
52472,129539
52472,114017
52472,85491
52472,101586
52472,85514
52472,47614
52472,44912
52472,18142
52472,111047
52472,51259
52472,66785
52472,100874
52472,26006
52472,81199
52472,125993
52472,19823
52472,115865
52472,119146
52472,135407
52472,84469
52472,69364
52474,640
52474,9813
52474,132744
52474,138900
52474,64821
52474,60725
52474,130646
52474,138908
52474,97799
52474,104526
52474,27069
52474,92100
52474,115525
52474,100503
52474,97244
52474,40209
52474,85978
52474,60746
52474,149
52474,26052
52474,127818
52474,34026
52474,9440
52474,15887
52474,23819
52475,18640
52475,73098
52475,16545
52475,132213
52475,110875
52475,77226
52475,58510
52475,106030
52475,28645
52475,29280
52475,110761
52475,116351
52475,99012
52475,49215
52475,51049
52475,17132
52475,3497
52475,94410
52475,100207
52475,95072
52475,67752
52475,67445
52475,135517
52475,47223
52475,36364
52475,33256
52475,132209
52475,15540
52475,18883
52475,123395
52475,114817
52475,92397
52475,8541
52475,21623
52476,22013
52476,31486
52476,131740
52476,37124
52476,43657
52476,42011
52476,27142
52476,1495
52476,95182
52476,62726
52476,12357
52476,38837
52476,66803
52476,110189
52476,79537
52476,88316
52476,59322
52476,77411
52476,79235
52476,85321
52476,90836
52476,37304
52476,90377
52476,68833
52476,130173
52476,102874
52476,113761
52476,25236
52476,83364
52476,39329
52476,67724
52476,8797
52478,113171
52478,28978
52478,105193
52478,71549
52478,38621
52478,70629
52478,99022
52478,53376
52478,70464
52478,92631
52478,30548
52478,94279
52478,77075
52478,36641
52479,83158
52479,81849
52479,16592
52479,70627
52479,77346
52479,42260
52479,61563
52479,48556
52479,121896
52479,134598
52479,42723
52479,48900
52479,121462
52479,50917
52479,74022
52479,27633
52479,12970
52479,50907
52479,135698
52479,102345
52479,30828
52479,121208
52479,73138
52479,7071
52481,73600
52481,86652
52481,81420
52481,42305
52481,16092
52481,50791
52481,113890
52481,49940
52481,67152
52481,70996
52481,17881
52481,111080
52481,58075
52481,64294
52481,135939
52481,65182
52482,118766
52482,42693
52482,24519
52482,85430
52482,13499
52482,70683
52482,124191
52482,77504
52482,28694
52482,83134
52482,90770
52482,22607
52482,125747
52482,57648
52482,68282
52482,105796
52482,86928
52482,100081
52482,4780
52482,134823
52482,116211
52482,34578
52482,69514
52482,132817
52482,118919
52482,82439
52482,75897
52482,74279
52482,136202
52482,81720
52482,68921
52482,115911
52483,81673
52483,70573
52483,82563
52483,84996
52483,63277
52483,34653
52483,25251
52483,73200
52483,63653
52483,72379
52483,103890
52483,134594
52483,74744
52483,86479
52483,43021
52484,128708
52484,113892
52484,94807
52484,128946
52484,73356
52484,21318
52484,36263
52484,75748
52484,100523
52484,31419
52484,12822
52484,22632
52484,69487
52484,45658
52484,39789
52484,95788
52484,102445
52484,17413
52484,135446
52484,114366
52484,140645
52487,88902
52487,27375
52487,57045
52487,135476
52487,50492
52487,53995
52487,97227
52487,85372
52487,86361
52487,120420
52487,120010
52487,102423
52487,27812
52487,54507
52487,47650
52487,56913
52487,17186
52487,15371
52487,104338
52487,134724
52487,60157
52487,24573
52487,34170
52488,25600
52488,128152
52488,69296
52488,123203
52488,57757
52488,134285
52488,58490
52488,8091
52488,26760
52488,67076
52489,23710
52489,93865
52489,105197
52489,1711
52489,32208
52489,129177
52489,35141
52489,138415
52489,117994
52491,106304
52491,69107
52491,131608
52491,9987
52491,54906
52491,70521
52491,98998
52491,33083
52491,132104
52491,57181
52491,6271
52491,72057
52491,56330
52491,10552
52491,118366
52491,81767
52491,90439
52491,37733
52491,25168
52491,15716
52491,110346
52491,139764
52491,26357
52491,18107
52491,32788
52491,81762
52491,117742
52491,8243
52491,102144
52491,123948
52491,82328
52491,62030
52492,94173
52492,80417
52492,14716
52492,105264
52492,50513
52492,2250
52492,31629
52492,110899
52492,70780
52492,131787
52495,138162
52495,44957
52495,92824
52495,133977
52495,27094
52495,17524
52495,10220
52495,67637
52495,88406
52495,121792
52495,102709
52495,23072
52495,62792
52495,35869
52495,103752
52495,91242
52495,122772
52495,64954
52495,1270
52495,113699
52495,112703
52495,7632
52495,103130
52497,75613
52497,125431
52497,134965
52497,16805
52497,104894
52497,43948
52497,117203
52497,28941
52497,92790
52497,62883
52497,90227
52497,39522
52497,100195
52497,97722
52497,37282
52497,30078
52497,57411
52497,114449
52497,26756
52497,96647
52497,45159
52497,754
52497,28585
52497,97491
52497,58443
52497,38691
52497,95754
52497,81780
52497,121732
52497,102104
52497,125843
52497,139032
52497,106370
52499,79654
52499,866
52499,22915
52499,2378
52499,86043
52499,121807
52499,133616
52499,54925
52499,35924
52499,91055
52499,84229
52499,64976
52499,9912
52499,48027
52499,93815
52499,59119
52499,81250
52499,37301
52499,71635
52499,139494
52499,39324
52499,49441
52499,79377
52499,125508
52499,135614
52499,70909
52499,54427
52499,50233
52499,88121
52499,53212
52499,18684
52499,19179
52499,47913
52500,46417
52500,107835
52500,128912
52500,39410
52500,76739
52500,87083
52500,73530
52500,44859
52500,62178
52500,115323
52500,73565
52500,122740
52500,4418
52500,26888
52500,127344
52500,114779
52500,116353
52500,130592
52500,135470
52500,70754
52500,93129
52500,76783
52500,93320
52500,32235
52500,65616
52501,44360
52501,80424
52501,70370
52501,57477
52501,121481
52501,79392
52501,39859
52501,124644
52501,6039
52501,85112
52501,89299
52501,116092
52501,50825
52501,41628
52501,107472
52501,123308
52501,1429
52501,123636
52501,140254
52501,119167
52501,99085
52501,139645
52501,140195
52501,56188
52501,63253
52501,82411
52501,53912
52501,24143
52501,109933
52501,589
52501,11612
52501,82954
52501,126957
52503,28473
52503,10363
52503,124302
52503,8353
52503,36128
52503,92858
52503,45157
52503,82307
52503,127473
52503,116740
52503,106759
52503,56837
52503,51070
52503,3785
52503,88103
52503,93954
52503,70433
52503,23270
52503,64280
52503,97780
52503,39744
52503,6934
52503,91942
52503,55453
52504,2502
52504,44540
52504,137657
52504,137359
52504,11417
52504,15797
52504,26574
52504,111803
52504,22894
52504,44678
52504,49264
52504,69382
52504,81496
52504,136092
52504,17274
52504,34405
52504,74622
52504,75543
52504,91760
52504,1742
52504,20338
52504,45567
52505,139309
52505,136021
52505,34113
52505,71174
52505,11664
52505,139524
52505,71183
52505,92334
52505,87383
52505,128044
52505,98428
52505,24650
52505,39160
52505,101604
52505,67319
52505,27192
52505,75371
52505,104679
52505,120255
52505,84012
52505,35044
52505,59165
52505,41081
52505,79979
52505,105746
52505,94239
52505,55092
52505,24546
52505,114285
52505,119158
52505,4468
52505,43964
52507,96617
52507,73049
52507,5552
52507,39291
52507,5269
52507,59512
52507,23165
52507,22221
52507,32021
52507,128606
52507,64849
52507,56325
52507,33214
52507,138252
52507,13270
52508,104407
52508,67983
52508,28275
52508,91296
52508,4864
52508,40320
52508,115580
52508,66763
52508,42108
52508,38812
52508,135498
52508,85179
52508,109485
52508,105661
52508,110713
52508,122220
52508,31822
52508,127462
52508,44494
52508,124853
52508,54222
52508,103005
52508,37463
52508,88847
52508,24259
52508,53676
52508,137762
52508,27902
52508,64594
52508,13177
52508,90453
52508,90789
52508,94587
52509,140120
52509,19465
52509,115954
52509,64020
52509,48555
52509,30949
52509,11991
52509,57080
52509,77563
52509,50215
52509,26618
52509,69232
52509,56365
52509,64710
52509,136946
52509,123218
52509,122589
52509,16631
52509,6087
52509,112711
52509,119159
52509,119580
52509,58735
52509,116217
52509,2039
52509,2267
52509,8077
52509,33405
52509,51923
52509,114820
52509,106916
52509,35187
52509,63545
52509,8282
52509,46276
52510,96371
52510,51849
52510,138559
52510,65418
52510,60832
52510,73081
52510,100163
52510,71504
52510,116032
52510,62301
52510,80230
52510,70273
52510,42087
52510,19538
52510,97625
52510,96329
52510,125042
52510,139809
52510,537
52510,39673
52510,65642
52510,116308
52510,129983
52510,40083
52510,21398
52510,76130
52510,61330
52510,22019
52510,77004
52510,73262
52510,15768
52510,86912
52510,114250
52510,11683
52511,64028
52511,39800
52511,55383
52511,44968
52511,64623
52511,17100
52511,47651
52511,98095
52511,72538
52511,22378
52511,4514
52511,4767
52511,89890
52511,59892
52511,136294
52511,100899
52511,67081
52512,10906
52512,79875
52512,22163
52512,113208
52512,20863
52512,63470
52512,38130
52512,41832
52512,3776
52512,112435
52512,113768
52512,115943
52512,92995
52512,29079
52512,44530
52512,46415
52512,109651
52512,51514
52512,122752
52512,45650
52512,65588
52512,131066
52512,120519
52512,54445
52512,111520
52512,53279
52512,2770
52512,32073
52512,54969
52512,21339
52512,59319
52512,42389
52512,76814
52512,34826
52513,48555
52513,31576
52513,116176
52513,95122
52513,2039
52513,110990
52513,77563
52513,123218
52513,65270
52513,26618
52513,6087
52513,69232
52513,136946
52513,119580
52513,57080
52513,106916
52513,33740
52513,96136
52513,139706
52513,8282
52513,40111
52513,100674
52513,67570
52513,35919
52513,63545
52513,90284
52513,46276
52513,19427
52513,106070
52513,106166
52513,138962
52513,62167
52513,11881
52514,140799
52514,90761
52514,67101
52514,79047
52514,105827
52514,23172
52514,90239
52514,101145
52514,80889
52514,40558
52514,61933
52514,18131
52514,61572
52514,75792
52514,46576
52514,58763
52514,89000
52518,25827
52518,76226
52518,44493
52518,66464
52518,58568
52518,69392
52518,7256
52518,31820
52518,82767
52518,1958
52518,6559
52518,86107
52518,9138
52518,99161
52518,96753
52518,46045
52518,65987
52518,127898
52518,11976
52518,69730
52518,41225
52518,124845
52518,115731
52518,92368
52518,89603
52518,5420
52518,52669
52518,131346
52518,125096
52518,8903
52518,106982
52518,109810
52518,124751
52519,88673
52519,16956
52519,117496
52519,124631
52519,103000
52519,91682
52519,96955
52519,10701
52519,121994
52519,104445
52519,52798
52519,53895
52519,8686
52519,96280
52519,90961
52519,116078
52519,2756
52519,17581
52519,16753
52519,38559
52521,112085
52521,77845
52521,139723
52521,107212
52521,89016
52521,117469
52521,4047
52521,73982
52521,137994
52521,132196
52521,134989
52521,58077
52521,5733
52521,85141
52521,140145
52521,28183
52521,113933
52521,67388
52521,99347
52521,33570
52521,114847
52521,12001
52521,47737
52521,71438
52521,29195
52521,70777
52521,129331
52521,7245
52522,33934
52522,61820
52522,35251
52522,51199
52522,23097
52522,106016
52522,8001
52522,43213
52522,41034
52522,26451
52522,97726
52522,88177
52522,51266
52522,106019
52522,48625
52522,33332
52522,37849
52522,117844
52522,120593
52522,51415
52522,136248
52522,44779
52522,16060
52522,90880
52522,128564
52522,44442
52522,97878
52522,41790
52522,39573
52522,23921
52522,126977
52522,124575
52526,13607
52526,111631
52526,7129
52526,37753
52526,8187
52526,54423
52526,49160
52526,14333
52526,99166
52526,47438
52526,37345
52526,137462
52526,89604
52526,78721
52526,126184
52526,4637
52526,27480
52526,128731
52526,96113
52526,83299
52526,26435
52526,2392
52526,74023
52526,118650
52526,127355
52527,63991
52527,41115
52527,82240
52527,5933
52527,73753
52527,100515
52527,51263
52527,38696
52527,37260
52527,46886
52530,122675
52530,120409
52530,4118
52530,15356
52530,37713
52530,19023
52530,73239
52530,73762
52530,126674
52530,39076
52531,117980
52531,121104
52531,82292
52531,117255
52531,110886
52531,86867
52531,55143
52531,54357
52531,24052
52531,125070
52532,137230
52532,93847
52532,127647
52532,19180
52532,104088
52532,134192
52532,15936
52532,40339
52532,39049
52532,123082
52532,57248
52532,2007
52532,40984
52532,12680
52532,96028
52532,14666
52532,77129
52532,49451
52532,53492
52532,48123
52532,132800
52534,91987
52534,99976
52534,3406
52534,28834
52534,37397
52534,130713
52534,131667
52534,14013
52534,67404
52535,36038
52535,113196
52535,90260
52535,44739
52535,48147
52535,44300
52535,28393
52535,98833
52535,6189
52535,96268
52536,20430
52536,63105
52536,60144
52536,69184
52536,96780
52536,106366
52536,133943
52536,80709
52536,81542
52536,133689
52536,8864
52536,67964
52536,79475
52536,3556
52536,59324
52536,57170
52536,88768
52536,105086
52536,92161
52536,53458
52536,43882
52536,85555
52536,114174
52536,55865
52536,117582
52536,107255
52536,135437
52536,53274
52536,94897
52536,82267
52536,120274
52536,41438
52536,99741
52538,121051
52538,29397
52538,84717
52538,108649
52538,116327
52538,80112
52538,23148
52538,65660
52538,71796
52539,137997
52539,24545
52539,124342
52539,116942
52539,37818
52539,131892
52539,70177
52539,104517
52539,90845
52539,77089
52539,35223
52539,77914
52539,114932
52539,78500
52539,21018
52539,40279
52539,26248
52539,134154
52539,49656
52539,90809
52539,68420
52539,60846
52539,14082
52539,59781
52539,59657
52539,125083
52539,46274
52539,60468
52539,94455
52539,77795
52539,122112
52539,38419
52539,117294
52542,57098
52542,94330
52542,111214
52542,36142
52542,112668
52542,126108
52542,102276
52542,76196
52542,46906
52542,125536
52544,100569
52544,110910
52544,34229
52544,32626
52544,48547
52544,136758
52544,45554
52544,19140
52544,111176
52544,79959
52544,102090
52544,70272
52544,129506
52544,128224
52544,47869
52544,113277
52544,86426
52544,79114
52544,95626
52544,113386
52544,109806
52544,116224
52544,9733
52544,100626
52544,71951
52544,105860
52544,123083
52545,128053
52545,47327
52545,96145
52545,94226
52545,106417
52545,102460
52545,27854
52545,139423
52545,101104
52545,3285
52545,67177
52545,98695
52545,33882
52545,84159
52546,11050
52546,60095
52546,120602
52546,41764
52546,49114
52546,125201
52546,51227
52546,91967
52546,79980
52546,62697
52546,73297
52546,81985
52546,120706
52546,18065
52546,73599
52546,123694
52546,82224
52546,83662
52546,123893
52546,93839
52546,123939
52546,27276
52546,16075
52546,127613
52546,38947
52546,110458
52546,101428
52546,105251
52546,57319
52546,323
52546,56965
52546,130724
52547,112216
52547,18727
52547,59175
52547,36989
52547,117913
52547,47846
52547,32240
52547,36822
52547,74447
52547,121991
52547,87442
52551,64963
52551,14768
52551,22676
52551,137288
52551,48108
52551,106433
52551,94626
52551,30162
52551,91426
52551,48882
52551,105051
52551,67497
52551,132749
52551,92694
52551,7615
52551,50447
52551,125064
52551,113999
52551,128814
52551,42301
52551,140671
52551,26085
52551,127418
52551,60365
52551,53563
52551,35499
52551,92856
52551,108300
52551,126435
52551,81406
52551,16452
52554,4334
52554,18207
52554,115192
52554,61837
52554,125211
52554,109223
52554,79513
52554,7345
52554,5392
52554,73731
52554,61648
52554,21715
52554,91180
52554,21277
52554,79140
52554,62104
52554,95420
52554,86174
52554,44865
52554,37487
52554,127105
52554,23572
52554,85360
52554,133011
52554,66138
52554,126624
52554,93908
52554,20278
52554,117928
52554,101917
52554,12386
52554,105229
52555,136008
52555,39932
52555,14534
52555,76822
52555,126958
52555,64809
52555,75654
52555,90662
52555,67817
52555,88894
52555,25000
52555,113986
52555,136133
52555,131802
52555,94855
52555,98914
52555,136766
52555,33634
52555,132400
52557,106578
52557,60767
52557,113058
52557,53150
52557,91369
52557,90486
52557,69516
52557,127505
52557,105082
52557,104775
52557,115496
52557,84615
52557,27549
52557,103137
52557,10328
52557,83137
52557,128674
52557,108478
52557,95888
52557,28172
52557,127888
52557,93334
52557,37593
52558,133055
52558,21317
52558,115387
52558,27517
52558,66493
52558,115985
52558,88004
52558,5029
52558,14718
52558,53717
52558,103916
52558,36416
52558,108320
52558,103746
52558,115429
52558,140040
52558,89593
52558,109768
52558,79410
52558,17045
52558,127681
52558,38459
52558,83663
52558,17874
52558,69120
52558,68280
52558,122054
52558,105615
52558,57961
52558,121937
52558,71127
52558,86120
52558,20878
52558,106860
52558,92196
52559,75209
52559,48996
52559,90192
52559,25517
52559,140761
52559,47888
52559,98108
52559,40871
52559,49117
52559,126954
52559,36904
52559,102487
52559,19524
52559,49129
52559,13370
52559,32941
52559,79783
52559,131292
52559,109732
52559,107806
52559,101261
52559,7123
52559,74999
52559,34109
52559,117904
52559,120551
52559,26122
52559,132291
52559,48974
52559,52736
52559,32103
52559,94165
52559,9606
52560,107690
52560,48095
52560,55974
52560,114344
52560,74159
52560,59046
52560,33783
52560,59671
52560,5450
52560,135549
52560,28152
52560,56632
52560,86436
52560,88895
52561,117391
52561,128529
52561,37315
52561,62447
52561,98447
52561,140766
52561,109239
52561,50446
52561,428
52561,11668
52561,40814
52561,64541
52561,31548
52561,74782
52561,41893
52567,106801
52567,103749
52567,114174
52567,89600
52567,2546
52567,106606
52567,61598
52567,86576
52567,16359
52567,86816
52567,124699
52567,30017
52567,63495
52567,56497
52567,10439
52567,138937
52567,93179
52567,67122
52567,108840
52567,65536
52567,9798
52567,82267
52567,30757
52567,99741
52567,60599
52567,132811
52567,74488
52567,57276
52567,48548
52567,139666
52567,138354
52567,80682
52569,73696
52569,118836
52569,47625
52569,30707
52569,121114
52569,89389
52569,101759
52569,105713
52569,116919
52569,16284
52569,67451
52569,66278
52569,103462
52569,50797
52569,97087
52569,21122
52569,23076
52569,10611
52569,72569
52572,132621
52572,91508
52572,140432
52572,5779
52572,779
52572,57516
52572,96310
52572,60151
52572,131873
52572,124467
52572,7967
52572,101916
52572,99392
52572,124689
52572,122551
52572,132536
52572,12663
52572,80016
52572,140043
52572,463
52572,80642
52572,92153
52572,92154
52572,133959
52572,20908
52572,60905
52572,68987
52572,94007
52572,11613
52572,83036
52572,26446
52573,41733
52573,54454
52573,7914
52573,65933
52573,14326
52573,59370
52573,30273
52573,30334
52573,72374
52573,88487
52573,41293
52573,111687
52573,128705
52574,54830
52574,67794
52574,56683
52574,94954
52574,132716
52574,43310
52574,49696
52574,18691
52574,124649
52574,138192
52574,126081
52574,52794
52574,85446
52574,5934
52574,65442
52574,118495
52574,15721
52574,118511
52574,136509
52574,34220
52575,112085
52575,140145
52575,72292
52575,107212
52575,58077
52575,11473
52575,5733
52575,132196
52575,89016
52575,73982
52575,117469
52575,45313
52575,134989
52575,14331
52575,29002
52575,134907
52575,137994
52575,76209
52575,85141
52575,4047
52575,139723
52575,33570
52575,72679
52575,67388
52575,114847
52575,27951
52575,53579
52575,71438
52575,129331
52575,39717
52575,28183
52575,61898
52577,21450
52577,98860
52577,17880
52577,64015
52577,89144
52577,64517
52577,92965
52577,83043
52577,102633
52579,24437
52579,120560
52579,135221
52579,30504
52579,104547
52579,140049
52579,122798
52579,101241
52579,52546
52579,14871
52579,133511
52579,135016
52579,97548
52579,127469
52579,23283
52579,130790
52579,49258
52579,126286
52579,124504
52579,24893
52579,101638
52579,101018
52579,128856
52579,80344
52579,62736
52579,2328
52579,123412
52579,134920
52579,122788
52579,41725
52579,43615
52581,41808
52581,66798
52581,55047
52581,87248
52581,41280
52581,22744
52581,126445
52581,90287
52581,127377
52581,35543
52581,93890
52581,79881
52581,92828
52581,44126
52581,42766
52581,133861
52581,102205
52581,62189
52581,29395
52581,130704
52581,139555
52581,110756
52581,31125
52581,41184
52581,134
52581,18557
52582,92919
52582,66630
52582,44099
52582,108610
52582,23112
52582,85045
52582,122738
52582,2996
52582,52470
52582,64907
52582,118210
52582,106998
52582,62486
52582,67123
52582,48130
52582,122875
52582,95159
52582,7540
52582,10396
52582,23330
52582,73054
52582,97249
52582,42449
52582,113928
52582,89845
52582,79207
52582,65403
52582,1039
52582,94023
52582,49692
52591,59781
52591,59657
52591,40279
52591,46274
52591,77795
52591,60468
52591,94455
52591,122112
52591,117294
52592,131366
52592,124854
52592,136075
52592,29745
52592,104386
52592,7604
52592,49265
52592,43402
52592,39005
52592,80412
52592,12083
52592,126181
52592,54069
52592,5629
52592,137692
52592,48028
52592,67229
52592,46076
52592,23606
52592,136977
52592,72342
52592,14096
52592,79815
52592,45999
52592,33208
52592,99837
52592,115739
52593,50094
52593,13232
52593,109370
52593,90166
52593,53062
52593,90648
52593,86218
52593,50899
52593,78973
52593,128350
52593,91125
52593,48847
52593,91389
52593,73553
52593,53747
52593,93656
52593,123429
52593,85231
52593,128643
52593,44362
52593,1764
52593,24431
52593,91664
52593,1021
52593,38280
52593,39115
52593,8603
52593,67254
52593,10336
52593,53213
52593,138105
52593,19688
52594,29593
52594,56870
52594,19127
52594,90924
52594,137672
52594,124488
52594,134731
52594,90994
52594,102180
52594,10292
52594,19777
52594,18370
52594,44890
52594,97605
52594,136402
52594,126199
52594,39085
52594,71613
52594,42799
52594,55401
52594,7970
52594,44825
52594,40455
52594,44941
52594,36485
52594,56907
52594,104143
52594,86922
52594,65602
52594,12718
52594,102049
52594,110119
52595,3158
52595,55460
52595,46147
52595,4765
52595,59886
52595,14872
52595,104436
52595,41237
52595,131252
52595,116077
52595,60561
52595,96164
52595,104901
52595,135744
52595,134584
52595,84095
52595,41355
52595,122970
52595,67321
52595,66813
52595,36109
52595,11014
52595,52618
52595,69965
52595,47756
52595,122488
52595,61760
52595,139512
52595,108878
52595,15467
52595,127191
52595,3468
52596,29254
52596,13959
52596,100417
52596,134573
52596,114568
52596,92780
52596,21322
52596,124001
52596,126903
52596,62119
52596,67566
52596,66822
52596,102219
52596,63515
52596,43330
52596,115101
52596,40207
52596,131653
52596,60402
52596,45531
52596,131184
52596,11070
52596,35838
52596,118077
52596,34050
52596,62025
52596,77850
52596,124435
52596,2931
52596,91842
52596,108472
52597,51969
52597,58208
52597,35280
52597,140530
52597,88240
52597,55023
52597,96272
52597,12159
52597,32451
52597,51725
52597,91371
52597,91511
52597,111348
52597,72425
52597,84408
52597,113470
52597,99191
52597,41420
52597,32495
52597,73927
52597,63463
52597,3959
52599,5282
52599,21733
52599,73948
52599,104276
52599,136919
52599,85708
52599,91889
52599,26311
52599,107478
52599,56358
52599,19345
52599,9248
52599,112506
52599,41342
52599,50098
52599,16962
52599,26268
52599,82910
52599,15636
52599,29341
52599,119894
52599,1031
52599,119466
52599,120261
52599,139909
52599,27610
52599,131253
52599,128954
52599,77650
52599,12948
52599,126819
52599,92
52601,8834
52601,110617
52601,22529
52601,113547
52601,48520
52601,86398
52601,112417
52601,58684
52601,134555
52601,95076
52601,21243
52601,101461
52601,98577
52601,126876
52601,105928
52601,60108
52601,95723
52601,122339
52601,44111
52601,89750
52601,81571
52601,50856
52601,25253
52601,75484
52601,59422
52601,120367
52601,23987
52601,52148
52601,49062
52601,30320
52601,109439
52601,3728
52601,94336
52602,25057
52602,44347
52602,64165
52602,32536
52602,48844
52602,41273
52602,19570
52602,121229
52602,24796
52602,72324
52602,105524
52602,41275
52602,42086
52602,130803
52602,23453
52602,91310
52602,5335
52602,76014
52602,75718
52602,96306
52602,51304
52602,5674
52602,107639
52602,136787
52602,14101
52602,18919
52602,135459
52602,111797
52602,43251
52602,15013
52602,36618
52602,48022
52603,64798
52603,54758
52603,90238
52603,38332
52603,64104
52603,88854
52603,124572
52603,110901
52603,121017
52603,92440
52603,24157
52603,137367
52603,98560
52603,70437
52603,138777
52603,48535
52603,35469
52603,82858
52603,52188
52603,132244
52603,26712
52603,50454
52603,125055
52603,52977
52603,105173
52603,61865
52606,99062
52606,89238
52606,20013
52606,73699
52606,92432
52606,92226
52606,67250
52606,52125
52606,83096
52606,15195
52606,10116
52606,46517
52606,116747
52606,103744
52606,15107
52606,103984
52606,86717
52606,93203
52606,73877
52606,88112
52606,97227
52606,5700
52606,128943
52606,59973
52606,47650
52606,31148
52606,21534
52606,87623
52606,99129
52606,16337
52606,58948
52606,85991
52606,19855
52606,134724
52607,81523
52607,97897
52607,44548
52607,66755
52607,115544
52607,114769
52607,81269
52607,101540
52607,7503
52607,121276
52607,70750
52607,3439
52607,80993
52607,58660
52607,53320
52607,136714
52607,82985
52607,73221
52607,63782
52607,41980
52607,69210
52607,91890
52607,101742
52607,117520
52607,11466
52607,105673
52607,65936
52607,137024
52607,94825
52607,9162
52607,26551
52607,73880
52609,94226
52609,128053
52609,102460
52609,91
52609,39674
52609,106417
52609,47327
52609,110746
52609,84704
52609,122342
52609,27854
52609,22449
52609,17394
52609,96145
52609,78547
52609,67177
52609,32549
52609,101104
52609,61016
52609,118980
52609,74108
52609,11166
52609,58319
52609,44801
52609,19333
52609,33882
52609,98695
52609,84159
52609,99997
52609,116844
52609,73977
52609,40763
52609,104261
52609,68101
52611,117460
52611,133186
52611,121735
52611,85194
52611,98380
52611,37555
52611,101178
52611,102234
52611,54572
52611,57315
52611,10781
52611,34583
52613,1066
52613,79357
52613,80909
52613,94984
52613,138768
52613,114871
52613,106333
52613,126066
52613,47571
52613,133311
52613,25274
52613,14836
52613,126403
52613,120617
52613,138109
52613,96754
52613,95655
52613,18249
52613,106380
52613,96723
52613,117160
52613,48443
52613,7657
52613,101713
52613,111107
52613,38312
52613,59351
52613,101207
52613,127495
52613,130828
52613,44858
52613,19880
52613,35203
52615,67846
52615,15259
52615,103864
52615,52298
52615,117911
52615,115138
52615,26281
52615,139890
52615,24176
52615,49530
52615,23202
52615,136710
52615,13426
52615,47232
52615,25587
52615,69068
52615,92695
52615,92227
52615,128997
52615,65776
52615,25626
52615,33326
52615,86197
52615,67784
52616,34791
52616,2859
52616,39639
52616,79211
52616,40666
52616,88366
52616,5841
52616,21090
52616,127369
52616,128927
52616,69535
52616,135426
52616,33428
52616,22935
52616,131951
52616,36763
52616,57010
52616,88613
52616,60000
52616,89643
52616,79020
52616,30414
52616,121775
52616,75260
52616,10396
52616,94383
52616,7056
52616,13067
52617,68795
52617,85601
52617,101317
52617,77845
52617,105260
52617,91871
52617,34057
52617,87789
52617,47737
52617,67434
52617,138208
52617,58544
52617,68098
52617,80739
52617,139723
52617,46077
52617,118631
52617,137701
52617,83466
52617,137991
52617,122762
52617,89087
52617,57459
52617,137994
52617,7245
52617,94196
52618,43492
52618,127784
52618,99674
52618,32155
52618,73002
52618,12381
52618,108868
52618,29241
52618,19207
52618,101392
52618,119707
52618,98367
52618,110838
52618,49242
52618,52144
52618,35690
52618,122016
52618,109870
52618,96018
52618,62765
52618,139248
52618,65276
52618,22943
52618,39190
52618,19536
52618,97809
52618,15885
52618,81398
52618,89169
52618,85273
52618,609
52618,75523
52619,61218
52619,116373
52619,36510
52619,107285
52619,112062
52619,104615
52619,109661
52619,100300
52619,89440
52619,32480
52619,20002
52619,59873
52619,109508
52619,10824
52619,79541
52619,73554
52619,79104
52619,19449
52619,34473
52619,41476
52620,73848
52620,70684
52620,115594
52620,38013
52620,39827
52620,101228
52620,11030
52620,86060
52620,13420
52620,67989
52620,107069
52620,83461
52620,118300
52620,87494
52620,77908
52620,87036
52620,63035
52620,121471
52620,100363
52620,1990
52620,102745
52620,51315
52620,86388
52620,6177
52620,88255
52620,109120
52620,21905
52620,6711
52620,16526
52620,79042
52620,29565
52620,120319
52621,100148
52621,37099
52621,43425
52621,1872
52621,66677
52621,91188
52621,50235
52621,77842
52621,62730
52621,11475
52621,66097
52621,4915
52621,60820
52621,73312
52621,110010
52621,62752
52621,87426
52621,138518
52621,107516
52621,18165
52621,36986
52621,81471
52621,97687
52621,133948
52621,63263
52621,74652
52621,17429
52623,8889
52623,114345
52623,56163
52623,72666
52623,120892
52623,62227
52623,15244
52623,10888
52623,71457
52623,32763
52623,81953
52623,42709
52623,32214
52623,96686
52623,8811
52623,14890
52623,78262
52623,77403
52623,94958
52623,8809
52625,79537
52625,37124
52625,37543
52625,95182
52625,31486
52625,22013
52625,27142
52625,20295
52625,66803
52625,1495
52625,107909
52625,38837
52625,43657
52625,48375
52625,102874
52625,62726
52625,77411
52625,31166
52625,25236
52625,42011
52625,59322
52625,55050
52625,79235
52625,47270
52625,110189
52625,37304
52625,72189
52625,90836
52625,90377
52625,68833
52625,85321
52625,83364
52625,39329
52626,82921
52626,118034
52626,104504
52626,50435
52626,43718
52626,28229
52626,64368
52626,26251
52626,50408
52626,32516
52626,70054
52626,134152
52626,10719
52626,118465
52626,27115
52626,59952
52626,52119
52626,119536
52626,39374
52626,23350
52626,57426
52626,54548
52626,22160
52626,2053
52626,60050
52626,68745
52626,101926
52626,57469
52626,32048
52626,109021
52626,45609
52626,76534
52626,104746
52626,16149
52628,136008
52628,75840
52628,38918
52628,41761
52628,139849
52628,121066
52628,121744
52628,14534
52628,126958
52628,90662
52628,64809
52628,75654
52628,25000
52628,88894
52628,131802
52628,67817
52628,76822
52628,98914
52628,4352
52628,63467
52628,41098
52628,134718
52628,136766
52628,33634
52628,132400
52629,8629
52629,112251
52629,118855
52629,99766
52629,112612
52629,35125
52629,85366
52629,111861
52629,110561
52629,121339
52629,51025
52629,4649
52629,51905
52629,114768
52629,138295
52629,28306
52629,56609
52629,100250
52629,103467
52629,11201
52629,39487
52629,112145
52629,105298
52629,60165
52629,95651
52629,120451
52629,96141
52629,122913
52629,93327
52629,86698
52629,443
52629,79573
52630,66507
52630,72521
52630,63708
52630,73745
52630,36171
52630,47782
52630,32969
52630,57845
52630,71989
52630,19492
52630,116855
52630,104455
52630,18755
52630,82901
52630,69368
52630,67330
52630,134789
52630,62731
52630,58899
52630,43348
52630,25318
52630,37968
52630,16335
52630,6128
52630,74104
52630,123906
52630,109698
52630,4646
52630,111707
52630,132964
52630,11113
52630,123227
52630,37752
52633,117216
52633,131973
52633,31513
52633,7707
52633,2074
52633,117726
52633,69092
52633,31475
52633,23562
52633,40925
52633,120848
52633,10357
52633,118590
52633,40514
52633,115045
52633,127316
52633,69884
52633,132658
52633,1274
52633,136511
52633,60203
52633,139769
52633,104223
52633,54362
52633,40381
52633,76015
52633,138170
52633,101546
52633,24066
52633,20834
52633,23169
52633,16589
52633,119524
52634,35890
52634,39002
52634,63249
52634,83498
52634,54431
52634,108589
52637,53572
52637,118958
52637,127784
52637,51342
52637,74641
52637,75915
52637,53584
52637,33791
52637,135806
52637,69471
52637,103133
52637,123444
52637,123063
52637,33613
52637,54419
52637,102035
52637,30452
52637,20615
52637,54642
52637,128908
52637,64862
52637,5975
52637,12381
52637,19309
52637,29241
52637,122057
52637,5087
52637,36679
52637,23569
52637,113829
52637,128992
52637,72138
52637,122155
52640,64047
52640,108510
52640,101728
52640,83199
52640,28992
52640,201
52640,67916
52640,124673
52640,75677
52640,44230
52640,69916
52640,137988
52640,96695
52640,121331
52640,65893
52640,22244
52640,23600
52640,62999
52640,76216
52640,101071
52640,65509
52640,91886
52640,50614
52640,34566
52640,78932
52640,129198
52640,16476
52640,65663
52640,97263
52640,81623
52640,93391
52640,55193
52641,57114
52641,122734
52641,28383
52641,40441
52641,68530
52641,64913
52641,134086
52641,92101
52641,118507
52641,82688
52641,57903
52641,68813
52641,119399
52641,9437
52641,92772
52641,118235
52641,134831
52641,62542
52641,7532
52641,82404
52641,84914
52641,133732
52641,133093
52641,47068
52642,98270
52642,106774
52642,45314
52642,4903
52642,33743
52642,76849
52642,56274
52642,86466
52643,3713
52643,7156
52643,97339
52643,136489
52643,9608
52643,1591
52643,69575
52643,114474
52643,28685
52643,43387
52643,110339
52643,3197
52643,5314
52643,96911
52643,110448
52643,78979
52643,90258
52643,65313
52643,22300
52643,88485
52643,21474
52643,47537
52643,63663
52643,107727
52643,48439
52643,29426
52643,93078
52643,107794
52643,11768
52643,114107
52643,98525
52643,90946
52644,62614
52644,126273
52644,128373
52644,14184
52644,14808
52644,114750
52644,37349
52644,81575
52644,83170
52644,6633
52644,117963
52644,88565
52644,5174
52644,89602
52644,5138
52644,139984
52644,133896
52644,73288
52644,31581
52644,73616
52644,23294
52644,139578
52644,39225
52644,68978
52644,114623
52644,110593
52644,114056
52644,7566
52644,92955
52644,65507
52644,54891
52644,34115
52644,128012
52645,95538
52645,52948
52645,42364
52645,3067
52645,60981
52645,127704
52645,78068
52645,47373
52645,124240
52645,80342
52645,3549
52645,131654
52645,105048
52645,12391
52645,41654
52645,135863
52645,4633
52645,126316
52645,26361
52645,126405
52645,7163
52645,119240
52645,99466
52645,3346
52645,109045
52645,117260
52645,102176
52645,115231
52645,50610
52645,31354
52645,80771
52645,82682
52645,46435
52645,106448
52646,28260
52646,333
52646,44017
52646,124612
52646,83363
52646,120572
52646,104565
52646,139112
52646,85836
52646,16730
52646,44381
52646,126197
52646,37003
52646,124276
52646,137429
52646,82289
52646,48454
52646,76728
52646,4081
52646,117224
52646,15458
52646,29649
52646,14259
52646,83447
52646,127812
52646,89448
52646,103166
52646,118913
52646,77528
52646,62608
52646,46250
52646,38585
52647,124342
52647,24545
52647,116942
52647,37818
52647,131892
52647,35223
52647,70177
52647,104517
52647,90845
52647,77089
52647,77914
52647,114932
52647,78500
52647,134323
52647,40279
52647,21018
52647,38419
52647,26248
52647,94455
52647,49656
52647,134154
52647,90809
52647,60846
52647,68420
52647,77795
52647,60468
52647,59657
52647,46274
52647,122112
52647,57952
52647,38904
52647,117294
52647,29633
52648,68178
52648,25033
52648,17040
52648,53866
52648,111072
52648,81396
52648,16666
52648,105670
52648,62585
52648,43849
52648,123239
52648,131645
52648,84957
52648,97753
52648,5665
52648,75251
52648,106918
52648,56825
52648,115908
52648,76171
52648,34519
52648,72872
52648,119249
52648,88136
52648,2109
52648,127400
52648,98092
52648,24055
52648,1231
52648,2763
52650,101849
52650,59989
52650,12355
52650,4076
52650,53204
52650,79350
52650,64757
52650,91264
52650,109339
52650,138538
52651,116979
52651,75384
52651,116392
52651,25357
52651,134444
52651,20505
52651,45212
52651,68751
52651,23431
52651,68182
52651,121203
52651,91303
52651,56991
52651,14633
52653,4047
52653,112085
52653,72292
52653,5733
52653,77845
52653,139723
52653,27951
52653,117469
52653,107212
52653,137994
52653,89016
52653,11473
52653,45313
52653,28183
52653,73982
52653,85141
52653,132196
52653,134989
52653,14331
52653,140145
52653,113933
52653,33570
52653,99347
52653,72679
52653,67388
52653,72516
52653,29002
52653,12001
52653,53579
52653,71438
52653,70777
52653,61898
52655,7648
52655,95812
52655,84669
52655,26390
52655,6406
52655,15
52655,57153
52655,125154
52655,102643
52655,68011
52655,82684
52655,16188
52655,21076
52655,126451
52655,126815
52655,66689
52655,11815
52655,61863
52655,8519
52655,82989
52655,65839
52655,49209
52655,75466
52655,32030
52655,140746
52655,5252
52655,120659
52655,36624
52655,102714
52655,2772
52655,127775
52655,93204
52656,7148
52656,50442
52656,71518
52656,124118
52656,44400
52656,60948
52656,30336
52656,2583
52656,132840
52657,24537
52657,82986
52657,126317
52657,55449
52657,119008
52657,78261
52657,92388
52657,42854
52657,55125
52657,47492
52657,47440
52657,44724
52657,97408
52657,110017
52657,111885
52657,6014
52657,100495
52658,59258
52658,79264
52658,94104
52658,5221
52658,140325
52658,118222
52658,109220
52658,66249
52658,79853
52658,95502
52658,58643
52658,140814
52658,122498
52658,18119
52658,113461
52658,133966
52658,87833
52658,138941
52658,124541
52658,48124
52658,140688
52658,104688
52658,58806
52658,135057
52658,122636
52658,11857
52658,17336
52658,136826
52658,13736
52658,57713
52658,22455
52659,48283
52659,82114
52659,116024
52659,3404
52659,7688
52659,120705
52659,88393
52659,96659
52659,31937
52659,34884
52659,140518
52659,86636
52660,59936
52660,29592
52660,7807
52660,85693
52660,72975
52660,58221
52660,41273
52660,128983
52660,34485
52660,40059
52660,75187
52660,64854
52660,129860
52660,90130
52660,10489
52660,100323
52660,125144
52660,81839
52660,124471
52660,51486
52660,38867
52660,42927
52660,86091
52660,124115
52660,83517
52660,67105
52660,75718
52660,31707
52660,1337
52660,64192
52660,9874
52662,85826
52662,135019
52662,119620
52662,95629
52662,45184
52662,64350
52662,136363
52662,4946
52662,67084
52662,55830
52662,39805
52662,75787
52662,115846
52662,13245
52662,113523
52662,44451
52662,35493
52662,90687
52662,121787
52662,108039
52662,65794
52662,72163
52662,64967
52662,135395
52662,1194
52662,137924
52662,62362
52662,103892
52662,58145
52662,33760
52662,83262
52663,92123
52663,76092
52663,89389
52663,2194
52663,39089
52663,47625
52663,28823
52663,21122
52663,55198
52663,23076
52663,45270
52663,6843
52663,110082
52663,2210
52663,101347
52663,133369
52663,82035
52663,101254
52663,107887
52663,44626
52663,52011
52663,109064
52663,97087
52663,39722
52663,117652
52663,72569
52663,126778
52663,29575
52663,103462
52663,94640
52664,63621
52664,104244
52664,36865
52664,77389
52664,48312
52664,92516
52664,1124
52664,28801
52664,68139
52664,52065
52664,121124
52664,71399
52664,21592
52664,62079
52664,110771
52664,8690
52664,102545
52664,111672
52664,45199
52664,41427
52665,106421
52665,87154
52665,7377
52665,106230
52665,63604
52665,124778
52665,61586
52665,75147
52665,23358
52665,41400
52665,2906
52665,38758
52665,86989
52665,38913
52665,88616
52665,14024
52665,75795
52665,37063
52665,45961
52665,24984
52665,7895
52665,70624
52665,33067
52665,98719
52665,52263
52665,33509
52665,29230
52665,127988
52665,128155
52665,72826
52665,101982
52665,19150
52665,31962
52666,57551
52666,126566
52666,114181
52666,119966
52666,39982
52666,62444
52666,119785
52666,140189
52666,29116
52666,96853
52666,18560
52666,40768
52666,44632
52666,140364
52666,86751
52666,53423
52666,36898
52666,102352
52666,112569
52666,56190
52666,33765
52666,73815
52666,44562
52666,84560
52666,68749
52666,135981
52666,12878
52666,114104
52666,31596
52666,663
52666,50258
52667,94952
52667,78
52667,22062
52667,66946
52667,64338
52667,30102
52667,40600
52667,64836
52667,87478
52667,25413
52667,23290
52667,32051
52667,3215
52667,8640
52667,4013
52667,88769
52667,3884
52667,100456
52667,45585
52667,60027
52667,138159
52667,20535
52669,16991
52669,27024
52669,96730
52669,83889
52669,115659
52669,2173
52669,18846
52669,105159
52669,132788
52669,25465
52669,69419
52669,90347
52669,29
52669,62378
52670,116203
52670,107320
52670,60716
52670,66918
52670,120059
52670,80733
52670,16446
52670,93399
52670,16594
52670,72846
52670,12384
52670,5589
52670,28977
52670,19814
52670,60610
52670,42958
52670,6042
52670,75952
52670,85489
52670,18649
52670,102400
52670,103645
52670,123888
52670,112489
52670,40966
52670,139730
52670,8192
52670,89495
52670,66942
52673,5342
52673,19473
52673,27761
52673,11824
52673,91404
52673,89886
52673,22974
52673,10437
52673,48355
52673,63211
52673,117468
52673,5904
52673,35352
52673,51726
52673,27385
52673,122136
52673,82054
52673,46836
52673,133994
52673,49034
52673,37188
52673,85766
52673,29219
52673,123963
52673,60702
52673,40388
52673,124195
52673,2823
52673,100895
52673,11979
52673,93397
52673,72456
52673,78953
52675,68488
52675,112281
52675,89626
52675,12865
52675,22051
52675,25536
52675,112915
52675,82246
52675,66505
52675,50692
52675,133518
52675,129711
52675,16190
52675,46079
52675,751
52675,70030
52675,90647
52675,28726
52675,67551
52675,73661
52675,44747
52675,38900
52678,124342
52678,137997
52678,104517
52678,37818
52678,77089
52678,21018
52678,94534
52678,49656
52678,127201
52678,6973
52678,140559
52678,46274
52678,59781
52678,93970
52678,35223
52678,43535
52678,15443
52678,26248
52678,11032
52678,10860
52678,114932
52678,59657
52678,122112
52678,125217
52678,18110
52678,115624
52678,40279
52678,117294
52678,11800
52678,130381
52678,98917
52678,127791
52678,120307
52679,13703
52679,67560
52679,123206
52679,67698
52679,69132
52679,139570
52679,32851
52679,81765
52679,50413
52679,76727
52679,128293
52679,131680
52679,62345
52679,67764
52679,50074
52679,47154
52679,101180
52679,100509
52679,8078
52679,44243
52679,28182
52679,101390
52679,47388
52679,74821
52679,106116
52679,140011
52679,11159
52679,83795
52679,56082
52679,99826
52679,27470
52679,26949
52679,27646
52681,4682
52681,45643
52681,96118
52681,1940
52681,18183
52681,134599
52681,25644
52681,37032
52681,100363
52681,21837
52681,31382
52681,1407
52681,52929
52681,40958
52681,108767
52681,63035
52681,100843
52681,62834
52681,140351
52681,54355
52681,73489
52681,10804
52681,61740
52681,17816
52681,17328
52681,121697
52681,58293
52681,130373
52681,120332
52681,115236
52681,87036
52681,15670
52681,132898
52681,28125
52681,118848
52682,96754
52682,52323
52682,121417
52682,19119
52682,33014
52682,96350
52682,4710
52682,17307
52682,44236
52682,93576
52682,111802
52682,26703
52682,14252
52682,7090
52682,73757
52682,50377
52682,129066
52682,79078
52682,77886
52683,88502
52683,104894
52683,115146
52683,21653
52683,100195
52683,81780
52683,30078
52683,97722
52683,104367
52683,120561
52683,118226
52684,125419
52684,23838
52684,65814
52684,138171
52684,138657
52684,61092
52684,47645
52684,68443
52684,72609
52684,22024
52684,39062
52684,87130
52684,122130
52684,53642
52684,91653
52684,14163
52684,44200
52684,88070
52684,103882
52685,140082
52685,30590
52685,112940
52685,31187
52685,112995
52685,66094
52685,20309
52685,55994
52685,134356
52685,52850
52685,74761
52685,3286
52685,511
52685,44899
52685,39317
52685,27499
52685,135152
52685,14459
52685,28102
52685,76008
52685,108214
52685,81991
52685,62696
52685,31947
52685,22928
52685,58424
52685,100248
52685,133515
52686,307
52686,2041
52686,12828
52686,34949
52686,46058
52686,46691
52686,49809
52686,76112
52688,115779
52688,21731
52688,35245
52688,12248
52688,55688
52688,23697
52688,32625
52688,117667
52688,119952
52688,56417
52688,70568
52688,24996
52688,36029
52688,117177
52688,9253
52688,72684
52688,88345
52688,44497
52688,4610
52688,57724
52688,44693
52688,121071
52690,118937
52690,40649
52690,24311
52690,46153
52690,111856
52690,66702
52690,20362
52690,136159
52690,140132
52690,21721
52690,139502
52690,11821
52690,6300
52690,85833
52690,719
52690,5780
52690,106204
52690,30627
52690,76777
52690,5710
52690,55303
52690,14147
52690,112063
52690,90723
52690,21134
52690,9052
52690,19018
52690,97305
52690,111480
52690,17170
52690,101652
52690,97264
52690,129440
52691,115337
52691,93533
52691,93441
52691,20097
52691,134258
52691,122018
52692,118489
52692,60895
52692,29333
52692,100632
52692,138176
52692,54139
52692,127688
52692,21495
52692,5439
52692,32934
52692,25796
52692,34281
52692,69380
52692,25411
52692,37567
52692,56050
52692,72090
52692,74045
52692,14142
52692,10797
52692,95600
52692,87098
52692,73666
52692,113206
52692,139870
52692,124105
52692,82231
52692,34263
52692,63894
52692,24194
52692,90385
52692,80918
52692,134992
52692,61934
52696,5355
52696,101111
52696,19438
52696,99726
52696,74557
52696,71488
52696,92257
52696,94203
52696,43266
52696,131744
52696,140450
52696,135274
52696,524
52696,34807
52696,118353
52696,81879
52696,124279
52696,130141
52696,120026
52696,95108
52696,8983
52697,61198
52697,88044
52697,112927
52697,55952
52697,37557
52697,385
52697,101509
52697,74057
52697,4799
52697,26849
52697,109684
52697,2632
52697,2302
52697,131534
52697,20745
52697,8004
52697,38168
52697,82074
52697,57995
52697,777
52697,59323
52697,127715
52697,26274
52697,39120
52697,87362
52697,37198
52697,362
52697,64592
52697,96465
52697,73537
52699,36045
52699,53141
52699,72731
52699,56776
52699,115166
52699,126818
52699,52683
52699,33591
52699,139453
52699,36412
52699,91639
52699,25564
52699,81787
52699,57983
52699,119316
52699,5505
52699,13484
52699,98851
52699,71039
52699,53172
52699,42678
52699,125079
52699,13483
52699,131131
52699,23661
52699,46393
52699,90380
52699,125656
52699,16499
52699,92868
52699,122299
52699,44170
52699,64949
52701,2434
52701,128909
52701,111072
52701,17040
52701,97753
52701,113197
52701,34519
52701,57948
52701,122963
52701,53866
52701,118410
52701,17478
52701,127400
52701,52394
52701,32015
52702,86668
52702,111936
52702,51715
52702,59241
52702,53791
52702,117877
52702,13819
52702,73353
52702,31549
52702,79898
52702,14202
52702,114556
52702,15941
52702,11581
52702,49880
52702,11797
52702,67001
52702,127204
52702,53591
52702,122331
52702,10424
52702,14771
52702,15604
52702,125463
52702,10949
52702,104624
52702,6488
52702,113496
52702,128394
52703,99788
52703,14496
52703,112510
52703,38828
52703,72988
52703,117915
52703,87588
52703,35821
52703,70493
52703,78794
52703,91384
52703,125136
52703,46633
52703,128521
52703,15166
52704,87634
52704,27592
52704,10089
52704,35281
52704,33204
52704,118998
52704,7660
52704,60523
52704,61678
52704,35487
52704,66710
52704,47455
52704,18175
52704,12930
52704,66836
52704,30315
52704,94235
52704,105184
52704,130796
52704,2471
52704,27197
52704,30709
52704,36534
52704,134478
52704,66676
52704,97922
52704,69765
52704,38892
52704,112504
52704,140686
52704,127115
52704,6410
52707,134283
52707,79049
52707,132041
52707,115089
52707,123797
52707,99135
52707,132069
52707,15866
52707,81097
52707,82022
52707,100756
52707,66244
52707,26582
52707,114422
52707,54508
52707,73140
52707,45293
52707,92949
52707,93607
52707,71388
52707,33272
52707,75573
52707,96785
52707,88249
52707,131668
52707,60484
52707,135976
52707,89534
52707,47166
52707,42142
52707,53463
52707,65791
52708,71607
52708,124307
52708,126588
52708,83252
52708,90352
52708,106934
52708,81478
52708,82247
52708,17820
52708,78939
52708,84726
52708,56822
52708,134403
52708,128990
52710,107222
52710,12339
52710,89883
52710,42412
52710,12611
52710,26761
52710,30478
52710,113559
52710,135468
52710,21633
52710,93153
52710,115600
52710,113336
52710,85457
52710,137569
52710,39936
52710,126867
52710,43980
52710,19448
52710,36779
52710,31723
52710,113233
52710,71516
52710,131021
52710,10503
52710,128355
52710,30225
52710,18040
52710,104928
52710,129448
52710,104458
52713,24570
52713,71579
52713,120602
52713,60095
52713,41764
52713,78311
52713,91967
52713,81985
52713,140563
52713,131964
52713,32737
52713,49114
52713,99593
52713,118726
52713,28994
52713,113987
52713,117515
52713,123694
52713,28980
52713,79980
52713,127613
52713,101428
52713,41586
52713,323
52713,42786
52713,123939
52713,43673
52713,18065
52713,16075
52713,105251
52713,30059
52713,56965
52713,6647
52714,80102
52714,8534
52714,130942
52714,54944
52714,2702
52714,13003
52714,134931
52715,52692
52715,104146
52715,33899
52715,98073
52715,82243
52715,12538
52715,3814
52715,54465
52715,2918
52715,23560
52715,59293
52715,116969
52715,58991
52715,34765
52715,79290
52715,30575
52715,61232
52715,130677
52715,47761
52715,46436
52715,52304
52715,133073
52715,125356
52715,76426
52715,41459
52715,25419
52715,68162
52715,76857
52715,63917
52715,66669
52715,80822
52715,49364
52715,25563
52716,30873
52716,23110
52716,25385
52716,102162
52716,118782
52716,17927
52716,110733
52717,70684
52717,115319
52717,31977
52717,73848
52717,48280
52717,132611
52717,26448
52717,83259
52717,91336
52717,27685
52717,108068
52717,132978
52717,52829
52717,11243
52717,46486
52717,8799
52717,110069
52717,72700
52717,79781
52717,70546
52717,11522
52717,55430
52717,132176
52717,16155
52717,81395
52717,63094
52717,62212
52717,124466
52717,50725
52717,109120
52717,52391
52717,24515
52718,130095
52718,40685
52718,78031
52718,24731
52718,89712
52718,138958
52718,14307
52718,130625
52718,62939
52718,35610
52718,125882
52718,24044
52718,58947
52718,118000
52718,6781
52718,73475
52718,103577
52718,137108
52718,129997
52718,122993
52718,66585
52719,119367
52719,60043
52719,134731
52719,105227
52719,44890
52719,137672
52719,136402
52719,88471
52719,57040
52719,18977
52719,61344
52719,3486
52719,124726
52719,19777
52719,26264
52719,86041
52719,36297
52719,14053
52719,30380
52719,90475
52719,71613
52719,44941
52719,65602
52719,137397
52719,39085
52719,42799
52719,64679
52719,104976
52719,110119
52721,5743
52721,80543
52721,57242
52721,62387
52721,124420
52721,99110
52721,7047
52721,103019
52721,54959
52721,11589
52724,124166
52724,68002
52724,101503
52724,66506
52724,24021
52724,125053
52724,89951
52724,59081
52724,85065
52724,91084
52724,116455
52724,84526
52724,46505
52724,18085
52724,31359
52724,137514
52724,1535
52724,137042
52724,28818
52724,103353
52724,98457
52724,67376
52724,111435
52724,108433
52724,18635
52724,111831
52724,56064
52724,117751
52724,95369
52724,131344
52724,62168
52724,39748
52725,94984
52725,80909
52725,1066
52725,79357
52725,81322
52725,126403
52725,126066
52725,138768
52725,69481
52725,21556
52725,127229
52725,47571
52725,38312
52725,97184
52725,84276
52725,104142
52725,120617
52725,3867
52725,25274
52725,78545
52725,33021
52725,24523
52725,110714
52725,44858
52725,133311
52725,121571
52725,30572
52725,101207
52725,48443
52725,121628
52725,130828
52725,7657
52727,3213
52727,90730
52727,8962
52727,80475
52727,126657
52727,105408
52727,1497
52727,14536
52727,110940
52727,118314
52727,60277
52727,30950
52727,1230
52727,61529
52727,74754
52727,23212
52727,77935
52727,53494
52727,17633
52727,4875
52727,113069
52727,32887
52727,41712
52727,59546
52727,44923
52727,69261
52727,32112
52727,129968
52727,78838
52727,70934
52727,106819
52727,5002
52728,139917
52728,21808
52728,112101
52728,10107
52728,32842
52728,92611
52728,60223
52728,112479
52728,32358
52728,115310
52728,113229
52728,57114
52728,30618
52728,27525
52728,106236
52728,134086
52728,98323
52728,139418
52728,5286
52728,22578
52728,94194
52728,126899
52728,58217
52728,122734
52728,134232
52728,121675
52728,82404
52728,121350
52728,10763
52728,62326
52728,124234
52728,130258
52729,131291
52729,71831
52729,117792
52729,138040
52729,73989
52729,7993
52729,84247
52731,75059
52731,135227
52731,29349
52731,23814
52731,64769
52731,9958
52731,85644
52731,60062
52731,79275
52731,22319
52731,89550
52731,83711
52731,120924
52731,79352
52731,123806
52731,7283
52731,15477
52731,96870
52731,51055
52731,24741
52731,16954
52731,12000
52731,2246
52731,108699
52731,139012
52731,117162
52731,136037
52731,5848
52731,125473
52731,110816
52731,102516
52731,109961
52731,29162
52731,129895
52733,64371
52733,28249
52733,112866
52733,32665
52733,51500
52733,71748
52733,136371
52733,121334
52733,82870
52733,115898
52733,107314
52733,72021
52733,56086
52733,39620
52733,110705
52733,5424
52733,90759
52733,125147
52733,64739
52733,115632
52733,39962
52733,5864
52733,54688
52733,98774
52733,113325
52736,103837
52736,90337
52736,117487
52736,39097
52736,114505
52737,22060
52737,113106
52737,68282
52737,75125
52737,23862
52737,126465
52737,87839
52737,123051
52737,50215
52737,96091
52737,101743
52737,52135
52737,44502
52737,81375
52737,21222
52737,34066
52737,51619
52737,131203
52737,52622
52737,117129
52737,81451
52737,116211
52737,80265
52737,121238
52737,52826
52737,61069
52737,130878
52737,19427
52737,119847
52737,79449
52737,111775
52738,113930
52738,21170
52738,128270
52738,44240
52738,93038
52738,13056
52738,99572
52738,55304
52739,45270
52739,29575
52739,132939
52739,103742
52739,60256
52739,94640
52740,103390
52740,92614
52740,115984
52740,8530
52740,60861
52740,126553
52740,126761
52740,17977
52740,37620
52740,42722
52740,77457
52740,98376
52740,34288
52740,93750
52740,90064
52740,32596
52740,74289
52740,15966
52740,49206
52740,48435
52740,95904
52740,93813
52740,72899
52740,112517
52740,131615
52740,18547
52740,67766
52740,46946
52740,112068
52743,122895
52743,62152
52743,10242
52743,14515
52743,102031
52743,49099
52743,138371
52743,132972
52743,130541
52743,109598
52743,93282
52743,45875
52743,50432
52743,40836
52743,138205
52743,113035
52743,124255
52743,98714
52743,28983
52743,9170
52744,45966
52744,91714
52744,38910
52744,109576
52744,65799
52744,4571
52744,16687
52744,743
52744,29643
52744,76856
52744,15267
52744,18651
52744,87618
52744,42855
52744,78685
52744,90819
52744,53665
52744,97907
52744,10214
52744,17986
52744,74165
52744,38926
52744,39627
52744,89638
52744,34036
52744,43441
52744,17810
52745,85430
52745,80034
52745,28495
52745,17739
52745,115954
52745,116176
52745,122589
52745,19465
52745,140120
52745,75125
52745,50215
52745,136833
52745,23095
52745,135565
52745,820
52745,132162
52745,131314
52745,100238
52745,26118
52745,14352
52745,8343
52745,28399
52745,49738
52745,72473
52745,91254
52745,85106
52745,25036
52745,100674
52745,113107
52745,42106
52745,37522
52745,86622
52745,33077
52746,135164
52746,138834
52746,108301
52746,7469
52746,4253
52746,124910
52746,70083
52746,89950
52746,12942
52746,50200
52746,99855
52746,89167
52746,75330
52746,71125
52746,78638
52746,81835
52746,35353
52746,123849
52746,22863
52746,121007
52746,85925
52746,87345
52746,35241
52746,1542
52746,48185
52746,9546
52746,120917
52746,24440
52746,89325
52746,133324
52746,136609
52749,125053
52749,31359
52749,58136
52749,119197
52749,66506
52749,67376
52749,98457
52749,84526
52749,79953
52749,80869
52749,111508
52749,136025
52749,18085
52749,91084
52749,225
52749,92403
52749,65100
52749,1535
52749,88553
52749,117012
52749,1260
52749,98557
52749,109594
52750,35899
52750,129796
52750,101939
52750,126850
52750,804
52750,103326
52750,112760
52750,8877
52750,80853
52750,140297
52750,132625
52750,6764
52750,107295
52750,76195
52750,11451
52750,119005
52750,410
52750,94310
52750,85047
52750,105318
52750,62865
52750,123768
52750,73093
52750,113799
52750,103740
52750,92579
52750,66964
52750,76376
52750,70941
52750,4341
52751,133003
52751,36087
52751,137670
52751,62257
52751,129882
52751,138037
52751,19096
52751,39149
52751,854
52751,27948
52751,118167
52751,87329
52751,51556
52751,16712
52751,82676
52751,126700
52751,4436
52751,59318
52751,44672
52751,89690
52751,29007
52751,24456
52751,134971
52751,116177
52751,89313
52751,52946
52751,4745
52751,117394
52751,83429
52751,11208
52751,45718
52752,128927
52752,88366
52752,79020
52752,127369
52752,92919
52752,5841
52752,34791
52752,2636
52752,60476
52752,30219
52752,105466
52752,88613
52752,57473
52752,95703
52752,67291
52752,134984
52752,131951
52752,10396
52752,94383
52752,47865
52752,22935
52752,132512
52752,89643
52752,32308
52752,57010
52752,125976
52752,47442
52752,105152
52754,80033
52754,75610
52754,104771
52754,110469
52754,7851
52754,43677
52754,20135
52754,117571
52754,126995
52754,116472
52754,24848
52754,116967
52754,73642
52754,52811
52754,124966
52754,18985
52754,72218
52754,83104
52754,51048
52754,138334
52755,135390
52755,23967
52755,92533
52755,103267
52755,67075
52755,102595
52755,26787
52755,1178
52755,95646
52755,111081
52755,22851
52755,56584
52755,124356
52755,18969
52755,112484
52755,50694
52755,73211
52755,95556
52755,93038
52755,89804
52755,13056
52755,64297
52755,95548
52755,100766
52755,79642
52755,133278
52755,19062
52755,91160
52755,98224
52755,32985
52755,53836
52755,57896
52758,130729
52758,22824
52758,118104
52758,81172
52758,58696
52758,11622
52759,45882
52759,99106
52759,66858
52759,38178
52759,95654
52759,103663
52759,24743
52759,78675
52759,99786
52759,82237
52759,90312
52759,55669
52759,85000
52759,25168
52759,45548
52759,88386
52759,125088
52759,139131
52759,81777
52759,125299
52759,102144
52759,117742
52759,115946
52759,116435
52759,109958
52759,131932
52759,76101
52759,62030
52759,28665
52759,128839
52759,17637
52760,17531
52760,42287
52760,139084
52760,23138
52760,39073
52760,23321
52760,85946
52760,45787
52760,66255
52760,64353
52760,130961
52760,5033
52760,76893
52760,9926
52760,26492
52760,25606
52760,123382
52760,53814
52760,72648
52760,57589
52760,4531
52760,24763
52760,118915
52760,87014
52760,121765
52760,128131
52760,50808
52760,98429
52760,73490
52760,36437
52760,46797
52761,48093
52761,64955
52761,83115
52761,1772
52761,36701
52761,91855
52761,22047
52761,31728
52761,107922
52761,45006
52761,98279
52761,76971
52761,69116
52761,126254
52761,1733
52761,87946
52761,43791
52761,11069
52761,128928
52761,134674
52761,61132
52761,115579
52762,124741
52762,120403
52762,3820
52762,22578
52762,68872
52762,30618
52762,64488
52762,94863
52762,66606
52762,55791
52762,13410
52762,11602
52762,21808
52762,137751
52762,52209
52762,18601
52762,45851
52762,62326
52762,113229
52762,124234
52762,10763
52762,20772
52762,101162
52762,139917
52762,9589
52762,43440
52764,95821
52764,11408
52764,97162
52764,103654
52764,46413
52764,126470
52764,11970
52767,21243
52767,17211
52767,106794
52767,135711
52767,129113
52767,117893
52767,110617
52767,38490
52767,48520
52767,58684
52767,134555
52767,105928
52767,126238
52767,44111
52767,111478
52767,11153
52767,12434
52767,51058
52767,65678
52767,4726
52767,127541
52767,136071
52767,3
52767,100920
52767,138257
52767,20464
52767,103010
52767,108002
52767,80814
52767,73694
52767,130857
52767,52503
52767,43351
52767,102220
52769,134731
52769,19127
52769,18500
52769,57040
52769,28413
52769,38534
52769,137672
52769,102180
52769,57763
52769,10292
52769,44890
52769,22852
52769,97605
52769,29593
52769,44941
52769,40455
52769,29403
52769,71613
52769,86922
52769,90994
52769,36485
52769,124488
52769,39085
52769,104143
52769,65602
52769,113415
52769,41625
52769,12718
52769,7970
52769,102049
52769,72254
52770,52904
52770,124318
52770,27869
52770,28581
52770,114656
52770,98677
52770,31671
52770,1891
52770,24842
52770,65591
52770,6804
52770,114837
52770,109364
52770,31922
52770,39784
52770,134949
52770,74627
52770,69080
52770,5157
52770,42469
52770,38158
52770,46792
52770,101386
52770,93633
52770,30685
52770,124892
52770,67765
52770,115531
52770,130174
52770,77769
52770,130996
52770,112256
52774,118907
52774,124434
52774,35551
52774,3749
52774,29232
52774,16068
52774,127744
52774,132537
52774,61371
52774,122990
52774,82220
52774,49178
52774,125733
52774,12003
52774,40446
52774,17844
52774,96347
52774,87198
52774,7893
52774,112228
52774,52575
52774,23700
52774,137439
52777,101971
52777,105999
52777,71526
52777,7877
52777,26538
52777,125892
52777,39742
52777,123220
52777,26226
52777,36358
52777,93041
52777,84517
52777,20837
52777,33103
52777,137919
52777,120169
52777,74181
52777,131065
52777,12607
52777,94911
52777,73954
52777,68229
52777,99909
52777,37132
52777,78561
52777,10477
52777,20221
52777,115498
52777,15574
52777,102562
52777,102583
52778,22131
52778,140337
52778,38497
52778,140239
52778,101146
52778,58124
52778,124224
52778,42964
52778,130428
52778,90583
52778,39825
52778,109772
52778,90457
52782,34037
52782,26047
52782,125173
52782,90262
52782,135671
52782,66945
52782,125267
52782,137096
52782,31834
52784,27103
52784,114523
52784,38541
52784,40264
52784,107532
52784,21424
52784,54909
52784,15077
52784,84143
52784,40178
52784,98513
52784,117383
52784,57853
52784,106774
52784,45314
52784,120064
52784,132350
52784,46652
52784,64496
52784,4903
52784,12332
52784,76849
52784,69310
52784,2777
52786,129353
52786,10534
52786,122843
52786,103493
52786,18875
52786,115203
52786,40417
52786,109803
52786,68674
52786,100854
52786,47108
52786,14436
52786,96526
52786,39446
52786,39392
52786,27930
52787,95997
52787,63505
52787,124391
52787,31118
52787,15384
52787,10660
52787,54626
52787,92309
52787,42921
52787,90130
52787,125828
52787,80029
52787,67777
52787,10929
52787,140397
52787,37168
52787,24769
52787,71760
52787,10489
52787,81839
52787,101103
52787,15527
52787,23501
52787,113957
52787,137227
52787,5730
52787,13834
52787,71473
52787,16965
52788,124166
52788,68002
52788,31359
52788,125053
52788,101503
52788,131901
52788,136880
52788,55073
52788,98457
52788,98557
52788,11207
52788,95989
52788,104065
52788,77465
52788,39748
52789,109917
52789,99890
52789,67187
52789,115502
52789,63847
52789,100344
52789,17059
52789,66833
52789,43569
52792,76170
52792,85620
52792,8353
52792,29906
52792,56837
52792,17458
52792,36150
52792,17948
52792,28184
52792,36218
52792,113798
52792,44293
52792,55170
52792,102954
52792,18958
52792,95670
52792,45157
52792,4154
52792,128122
52792,65222
52792,46772
52792,132983
52792,137536
52792,3446
52792,44860
52792,88103
52792,70433
52792,95692
52792,13713
52792,637
52792,41266
52797,88700
52797,63775
52797,89875
52797,85872
52797,22092
52797,32192
52797,30602
52797,106039
52797,24326
52797,56527
52797,140490
52797,92505
52797,111235
52797,98282
52797,84573
52797,39633
52797,123463
52797,105811
52797,102098
52797,103878
52797,13255
52797,11618
52797,76894
52798,20013
52798,231
52798,83096
52798,23648
52798,15107
52798,73699
52798,99062
52798,89238
52798,15195
52798,10116
52798,40165
52798,27812
52798,31148
52798,92226
52798,67250
52798,46517
52798,116747
52798,55380
52798,5700
52798,1448
52798,103744
52798,88112
52798,58948
52798,93203
52798,85991
52798,128943
52798,126936
52798,59973
52798,96449
52798,21534
52798,16337
52798,99129
52801,92802
52801,43835
52801,79600
52801,22691
52801,64795
52801,36999
52801,55376
52801,78977
52801,111068
52801,114319
52801,70662
52801,73691
52801,27237
52801,1880
52801,6261
52803,19435
52803,28248
52803,88901
52803,104480
52803,10404
52803,8563
52803,76656
52803,42937
52803,59526
52803,128655
52803,109396
52803,95307
52803,78283
52803,53341
52803,111000
52803,12447
52803,89073
52803,110789
52803,111106
52803,87377
52803,94816
52803,39435
52803,37881
52803,68914
52803,113405
52803,88233
52803,351
52803,59267
52803,55690
52803,25348
52803,122844
52803,21315
52803,74474
52803,19321
52805,25651
52805,113477
52805,98403
52805,26106
52805,33008
52805,35036
52805,113985
52805,71518
52805,106315
52805,88871
52805,7275
52805,25162
52805,5316
52805,44400
52805,10017
52805,30924
52805,118450
52805,125726
52805,114031
52805,102362
52805,116072
52805,32211
52806,106580
52806,77125
52806,93068
52806,134980
52806,61209
52806,107637
52806,109792
52806,44388
52806,135225
52806,118825
52806,20591
52806,69729
52806,97389
52806,103620
52806,90430
52806,128151
52806,40548
52806,49766
52808,127159
52808,6544
52808,59771
52808,58824
52808,86736
52808,98815
52808,3744
52808,48729
52808,103831
52808,77651
52808,9444
52808,56313
52808,78180
52808,78296
52808,28954
52808,80357
52808,75556
52808,56796
52808,69762
52808,115072
52808,59499
52808,122813
52808,80320
52808,35922
52808,96535
52808,5238
52808,105866
52808,76669
52808,108165
52808,110547
52808,53038
52810,29827
52810,70808
52810,68188
52810,104370
52810,80086
52810,31968
52810,133634
52810,40906
52810,25386
52810,117263
52810,71394
52810,72539
52810,25608
52810,103530
52810,45878
52810,7847
52810,13552
52810,120136
52810,35818
52810,121355
52814,36864
52814,90050
52814,123607
52814,69834
52814,1287
52814,90191
52814,94284
52814,104329
52814,110312
52814,67772
52814,17258
52814,53417
52814,126636
52814,29148
52814,13078
52814,4443
52814,103050
52814,103872
52814,130662
52814,127413
52814,78236
52814,61356
52814,53090
52814,122629
52814,120103
52814,54304
52814,365
52816,29856
52816,27215
52816,134556
52816,1133
52816,100687
52816,718
52816,78322
52816,40874
52816,137285
52816,53140
52816,111279
52816,108961
52816,8422
52816,139216
52816,64360
52816,59053
52816,57219
52816,47731
52816,43674
52816,73348
52816,107164
52817,14653
52817,2543
52817,55467
52817,28398
52817,111019
52817,59769
52817,19374
52817,41101
52817,39514
52817,96078
52817,24525
52817,23698
52817,127132
52817,84496
52817,86982
52817,63896
52817,113896
52817,124137
52817,84374
52817,5922
52817,31059
52817,44998
52817,100496
52817,100562
52817,43528
52817,59632
52817,93150
52817,35204
52817,117513
52817,27368
52817,9855
52818,23840
52818,88200
52818,93266
52818,132583
52818,47104
52819,28285
52819,132295
52819,21997
52819,59540
52819,121317
52819,91759
52819,105326
52819,31144
52819,77484
52819,56750
52819,128150
52819,132431
52819,50811
52819,139114
52819,129281
52819,101594
52819,33534
52819,116421
52819,120022
52819,126202
52819,40537
52819,67590
52819,78434
52819,71759
52819,96427
52819,95621
52819,122340
52819,69878
52819,22900
52819,50841
52819,99922
52822,39286
52822,20241
52822,62363
52822,3501
52822,118442
52822,123157
52822,78414
52822,38840
52822,138229
52822,83315
52822,38196
52822,101884
52822,52558
52822,39484
52822,80826
52822,120068
52822,7969
52822,44960
52822,95193
52822,28325
52822,71333
52827,71346
52827,127316
52827,39630
52827,81283
52827,81290
52827,104223
52827,60203
52827,65996
52827,23271
52827,45067
52827,66731
52827,106014
52827,40105
52827,57306
52827,82650
52829,96145
52829,139446
52829,8148
52829,47327
52829,135534
52829,51133
52829,104261
52829,23049
52829,37328
52829,68468
52829,139423
52829,74785
52829,83656
52829,94226
52829,17394
52829,50482
52829,60805
52829,32589
52829,124070
52829,5405
52829,85175
52829,138329
52829,6795
52829,97257
52829,82327
52829,34748
52829,84159
52829,124150
52829,42075
52831,43264
52831,72476
52831,37088
52831,99326
52831,115096
52832,102819
52832,18593
52832,132025
52832,140732
52832,8653
52832,130035
52833,34683
52833,81703
52833,63837
52833,111453
52833,139557
52833,131314
52833,28038
52833,139053
52833,6532
52833,60591
52833,29559
52833,108184
52833,78919
52833,8993
52833,72726
52833,132162
52833,109545
52833,23095
52833,63256
52833,99475
52833,97147
52833,76689
52833,91381
52833,86622
52833,13234
52833,118993
52833,58201
52833,61463
52833,67570
52833,43870
52833,13377
52833,135096
52833,113138
52834,38419
52834,124342
52834,137997
52834,21018
52834,116942
52834,37818
52834,131892
52834,104517
52834,70177
52834,90845
52834,77089
52834,24545
52834,60846
52834,78500
52834,114932
52834,59781
52834,40279
52834,35223
52834,14082
52834,134154
52834,49656
52834,46274
52834,68420
52834,94455
52834,77914
52834,77795
52834,60468
52834,59657
52834,122112
52834,90809
52834,117294
52834,125083
52836,90049
52836,138438
52836,11872
52836,75905
52836,83794
52836,109883
52836,53504
52836,49369
52836,88156
52836,56264
52836,103977
52836,43518
52836,48269
52836,131484
52836,1184
52836,128715
52836,129551
52836,86607
52836,80315
52836,74872
52838,19854
52838,38962
52838,110551
52838,26819
52838,86506
52838,47268
52838,58063
52838,3274
52838,36263
52838,13992
52838,102398
52838,113918
52838,134890
52838,51541
52838,97072
52838,41329
52838,39789
52838,140645
52838,66958
52838,2166
52838,127123
52838,11080
52838,30977
52838,108811
52838,69770
52838,135446
52838,85825
52838,642
52838,93008
52838,116971
52838,21851
52838,26870
52839,62131
52839,131363
52839,67308
52839,93405
52839,39355
52839,70683
52839,39700
52839,12425
52839,70035
52839,133207
52839,112195
52839,68366
52839,6656
52839,35696
52839,21679
52839,135726
52839,22830
52839,9496
52839,88778
52839,45410
52839,80265
52839,115911
52839,51967
52839,62602
52839,94390
52839,99751
52839,106166
52839,128544
52839,117944
52840,51979
52840,134417
52840,43749
52840,62473
52840,120144
52840,13443
52840,131110
52840,120665
52840,37283
52840,103860
52840,52784
52840,107785
52840,33168
52840,98770
52840,1085
52840,134966
52840,72597
52840,12579
52840,69615
52840,61934
52840,60008
52840,87215
52840,1140
52840,54937
52840,9812
52840,79841
52840,63145
52840,29811
52840,28939
52840,38484
52840,89962
52840,28181
52840,5543
52840,79221
52841,49443
52841,100157
52841,51813
52841,135172
52841,87068
52841,67030
52841,65413
52841,11900
52841,139374
52841,131175
52841,10509
52841,57911
52841,382
52841,100760
52841,136157
52841,118119
52841,22297
52841,6986
52841,66131
52841,68539
52841,132217
52841,119193
52841,79153
52841,25628
52841,59875
52841,34424
52841,80478
52841,28681
52841,41161
52841,5354
52841,6927
52841,139320
52847,479
52847,132488
52847,52062
52847,6030
52847,71724
52847,140355
52847,137875
52847,55843
52847,131026
52847,57789
52847,82929
52847,61680
52847,56659
52847,111276
52847,93365
52847,77713
52847,65554
52847,109327
52847,52576
52847,58231
52847,79148
52847,67798
52847,87630
52847,121375
52847,77435
52847,29596
52847,81937
52847,86583
52847,87262
52847,56728
52847,130159
52847,37696
52847,7488
52848,19448
52848,4466
52848,31723
52848,12611
52848,26761
52848,93153
52848,72792
52848,35858
52848,58337
52848,84113
52848,107222
52848,68065
52848,26509
52848,128355
52848,62639
52848,10503
52848,77552
52848,85457
52848,103556
52848,69427
52848,129762
52848,63487
52848,69890
52848,8209
52848,104458
52848,139663
52848,55219
52848,129448
52849,69230
52849,62730
52849,71569
52849,30180
52849,114463
52849,126339
52849,109896
52849,23229
52849,105574
52849,18750
52849,17666
52849,99309
52849,4717
52849,9266
52849,135385
52849,18144
52849,78645
52849,5871
52849,75828
52850,28943
52850,35881
52850,35504
52850,21150
52850,25223
52850,48512
52850,115562
52850,121275
52850,75807
52850,51653
52850,88307
52850,55109
52850,43605
52850,60020
52850,63098
52850,51974
52850,31381
52850,107982
52850,112301
52850,52463
52850,12507
52850,48216
52850,34966
52850,125859
52850,131324
52850,114177
52850,51585
52850,51555
52850,3988
52850,50151
52850,12976
52851,77109
52851,68689
52851,92698
52851,13878
52851,125447
52851,128313
52851,133729
52851,13155
52851,74276
52851,131345
52851,65983
52851,127831
52851,65496
52851,15884
52851,136754
52852,9134
52852,37344
52852,9149
52852,27235
52852,115623
52852,67659
52852,33484
52852,125555
52852,85589
52852,19107
52852,119733
52852,116829
52852,106160
52852,11356
52852,2112
52852,44794
52852,77358
52852,8003
52852,43705
52852,102447
52852,21644
52852,129136
52852,127498
52852,45388
52852,108067
52852,74197
52852,31182
52853,8456
52853,140436
52853,115048
52853,113586
52853,100586
52853,5866
52853,95512
52853,40380
52853,71662
52853,25566
52853,34873
52853,27855
52853,48230
52853,90879
52853,96099
52853,11284
52853,99806
52853,12912
52853,46883
52853,13120
52853,17253
52853,67887
52853,25684
52853,22700
52853,17967
52853,70196
52853,3046
52853,26507
52856,102303
52856,24163
52856,43210
52856,9161
52856,75482
52856,90926
52856,121230
52856,73386
52856,115071
52856,82553
52856,63839
52856,134547
52856,33834
52856,15824
52856,49491
52856,91523
52856,15578
52856,64900
52856,115333
52856,84677
52856,1457
52856,115897
52856,89069
52856,6026
52856,4125
52856,24790
52856,109798
52856,4733
52856,61525
52856,8164
52856,75313
52857,78944
52857,69022
52857,22139
52857,119588
52857,21839
52857,30562
52857,39795
52857,59797
52857,65520
52857,3933
52857,118395
52857,9046
52857,123094
52857,117441
52857,46413
52857,48377
52857,12923
52857,83953
52857,1162
52857,26130
52857,18929
52857,15822
52857,20161
52857,2535
52857,125469
52857,137576
52857,42099
52857,23300
52859,33879
52859,75340
52859,110060
52859,27453
52859,10740
52859,115630
52859,31562
52859,7342
52859,64489
52859,69086
52859,77554
52859,6468
52859,40367
52860,28657
52860,90025
52860,136136
52860,86864
52860,138126
52860,115641
52860,122046
52860,12489
52860,71437
52860,114612
52860,121898
52860,104587
52860,10658
52860,44981
52860,35603
52860,100034
52860,18946
52860,81363
52860,16342
52860,86670
52860,115706
52860,125964
52861,27490
52861,61576
52861,66803
52861,110189
52861,89367
52861,67724
52861,62726
52861,127636
52861,35025
52861,39329
52861,136042
52862,56637
52862,107895
52862,103408
52862,66729
52862,55396
52862,25444
52862,29877
52862,132511
52862,84556
52862,36708
52862,79594
52862,16462
52862,111243
52862,94836
52862,84320
52862,48994
52862,66321
52862,33804
52862,131310
52862,88719
52862,2924
52862,934
52862,93168
52862,7676
52862,29711
52862,113139
52862,120386
52862,132064
52862,103149
52862,88186
52862,67804
52862,136128
52862,23454
52864,640
52864,75562
52864,132061
52864,55011
52864,91515
52864,104526
52864,35328
52864,136720
52864,57986
52864,96994
52864,110375
52864,102097
52864,105382
52864,77643
52864,124826
52865,44152
52865,27882
52865,27653
52865,130017
52865,117594
52865,90374
52865,58489
52865,131381
52865,97820
52865,19460
52865,29156
52865,61041
52865,110503
52865,77872
52865,57567
52865,114880
52865,96190
52865,30911
52865,11230
52865,19125
52865,130419
52865,113678
52865,513
52865,110475
52865,81773
52865,44237
52865,138764
52865,16002
52865,106395
52865,55918
52865,18444
52867,15174
52867,48815
52867,136686
52867,133227
52867,50912
52867,26548
52867,105300
52867,30867
52867,91315
52867,77275
52867,13297
52867,33341
52867,21469
52867,11719
52867,110402
52867,118908
52867,118064
52867,38345
52867,117787
52867,73134
52867,62593
52867,63794
52867,119388
52867,98668
52867,109544
52867,132906
52867,104648
52867,33764
52867,74892
52867,130231
52867,123377
52868,138218
52868,32409
52868,87504
52868,88291
52868,33550
52868,139547
52868,94191
52868,72366
52868,7104
52868,36299
52868,56967
52869,106304
52869,131608
52869,9987
52869,56330
52869,70521
52869,72057
52869,54906
52869,57181
52869,110346
52869,139764
52869,84802
52869,69107
52869,6271
52869,33083
52869,25168
52869,81767
52869,15716
52869,81762
52869,108734
52869,110977
52869,98998
52869,8243
52869,10552
52869,18107
52869,43997
52869,32788
52869,132104
52869,100892
52869,62030
52869,123948
52869,26357
52869,82328
52869,4297
52870,121314
52870,53572
52870,75915
52870,53584
52870,43555
52870,109583
52870,17178
52870,32155
52870,19207
52870,66323
52870,104348
52870,135806
52870,88467
52870,85273
52870,16138
52870,29241
52870,9489
52870,109870
52870,111553
52870,35489
52870,49242
52870,99674
52870,62765
52870,139248
52870,96018
52870,19536
52870,75523
52870,15885
52870,86265
52870,67912
52870,89169
52870,52144
52871,31486
52871,131740
52871,37124
52871,90836
52871,22013
52871,90377
52871,118976
52871,67724
52871,102874
52871,12357
52871,20295
52871,43657
52871,37543
52871,95182
52871,48375
52871,62726
52871,25236
52871,77411
52871,66803
52871,59322
52871,62237
52871,8797
52871,110189
52871,79285
52871,37304
52871,113761
52871,38837
52871,64602
52871,83364
52871,94699
52871,63276
52871,130173
52871,78694
52872,70657
52872,134764
52872,75847
52872,10807
52872,10898
52872,94524
52872,111645
52872,87554
52872,123103
52872,101421
52872,117461
52872,14338
52872,59814
52872,136900
52872,89381
52872,87493
52872,24599
52872,67615
52872,62531
52872,108271
52872,50884
52872,37966
52872,56251
52872,13479
52872,102242
52872,121070
52872,35750
52872,2293
52872,33430
52872,110410
52872,100098
52873,129805
52873,76531
52873,50177
52873,65434
52873,69015
52873,97580
52873,120957
52873,39726
52873,75127
52873,19406
52873,64436
52873,90082
52873,88661
52873,74899
52873,134588
52873,22238
52873,124900
52873,37497
52873,8982
52873,63593
52873,128031
52873,119436
52873,105483
52873,3360
52873,67313
52873,64696
52873,81168
52873,64545
52873,35423
52873,16031
52881,65174
52881,7023
52881,95771
52881,54685
52881,125790
52881,123784
52881,7370
52881,117633
52883,87507
52883,38733
52883,88044
52883,107367
52883,61198
52883,34009
52883,127729
52883,81489
52883,10595
52883,132991
52883,139166
52883,98393
52883,43321
52883,109684
52883,101509
52883,74057
52883,75164
52883,116406
52883,105930
52883,136367
52883,81760
52883,20519
52883,38168
52883,57995
52883,777
52883,59323
52883,1247
52883,87362
52883,108946
52883,73537
52884,53060
52884,77825
52884,4259
52884,22505
52884,4243
52884,11892
52884,17384
52884,59178
52884,65215
52884,138076
52884,26636
52884,130180
52884,109835
52884,118120
52884,26318
52884,126985
52884,135299
52884,88984
52884,117485
52884,90119
52884,20943
52884,80474
52884,70897
52884,12124
52884,51174
52884,86124
52884,116878
52884,32569
52884,93144
52884,21301
52884,81680
52884,125906
52885,35932
52885,95258
52885,97574
52885,66957
52885,131828
52885,38091
52885,51742
52885,5124
52885,52451
52885,125849
52885,92799
52885,118936
52885,72424
52885,112345
52885,78572
52885,1753
52885,59324
52885,128090
52885,138575
52885,66475
52885,92978
52885,29927
52885,112502
52885,95452
52885,27702
52885,55019
52885,111838
52885,77990
52885,15399
52885,3367
52885,23190
52885,6906
52888,13996
52888,75704
52888,79225
52888,65557
52888,69294
52888,18016
52888,72185
52888,34187
52888,17853
52888,110209
52888,24003
52888,63347
52888,100913
52888,19598
52888,23150
52888,11726
52888,72909
52888,11244
52888,107809
52888,140723
52888,120960
52888,9392
52888,93383
52888,137773
52888,68904
52888,67406
52888,38183
52888,103738
52888,66769
52888,77605
52888,5739
52888,69199
52888,122138
52888,16096
52889,98055
52889,64962
52889,92469
52889,40869
52889,125433
52889,37055
52889,72472
52889,125776
52889,46785
52889,111829
52889,94062
52889,68966
52889,133159
52889,79147
52889,100524
52889,85908
52889,40001
52889,70620
52889,106930
52889,87427
52889,124924
52889,56740
52890,23000
52890,11183
52890,65162
52890,42683
52890,84652
52890,81751
52890,22845
52890,95485
52890,112626
52890,55562
52890,94520
52890,30328
52890,125929
52890,97420
52890,71892
52890,83559
52890,51607
52890,76215
52890,34520
52891,125744
52891,101406
52891,134845
52891,103908
52891,100664
52891,100748
52891,99219
52891,39526
52891,97432
52891,131350
52891,81804
52891,30435
52891,134077
52891,8134
52891,106647
52891,13760
52891,114209
52891,54116
52891,24092
52891,80832
52891,17023
52891,137209
52891,82897
52891,86021
52891,67619
52891,46068
52891,90254
52891,14912
52891,129643
52891,62587
52891,35397
52891,61946
52892,139298
52892,21226
52892,65699
52892,12516
52892,96728
52892,130253
52892,18933
52892,11762
52892,101671
52892,90861
52892,46226
52892,33996
52892,85431
52892,78151
52892,75177
52892,131380
52892,87300
52892,125094
52892,23266
52892,120872
52892,19790
52892,26159
52892,17447
52892,2088
52892,126881
52892,112752
52892,82564
52892,23609
52892,129487
52892,20024
52892,52980
52892,107691
52894,17501
52894,55285
52894,82210
52894,137751
52894,20871
52894,37643
52894,139855
52894,41977
52894,62326
52894,126073
52894,133732
52894,84914
52894,101078
52895,126818
52895,119316
52895,52683
52895,72731
52895,121049
52895,44170
52895,36412
52895,47392
52895,25564
52895,53141
52895,105123
52895,90380
52895,110663
52895,98851
52895,15802
52895,16499
52895,361
52895,53454
52895,93741
52895,64949
52895,5505
52895,66917
52895,103935
52895,46393
52895,125656
52895,15945
52895,113169
52895,122299
52895,131131
52895,21198
52895,51616
52895,62417
52896,89040
52896,15850
52896,61713
52896,81338
52896,124950
52896,87089
52896,103387
52896,74780
52896,20285
52896,102499
52896,10252
52896,78743
52896,109605
52896,64773
52896,49916
52896,48834
52896,110057
52896,2068
52896,61911
52896,24416
52896,82226
52896,109491
52896,134266
52896,71686
52898,55622
52898,137425
52898,107152
52898,35951
52898,51014
52898,127618
52898,40861
52898,112674
52898,75255
52898,23537
52898,105818
52898,378
52898,119569
52898,62470
52898,135928
52898,134418
52898,22481
52898,38321
52898,127198
52898,41655
52898,133932
52898,60646
52898,66124
52898,21744
52898,62929
52898,69692
52898,68223
52898,20011
52898,118773
52898,77901
52898,137250
52899,137327
52899,9029
52899,99545
52899,137782
52899,133509
52899,8917
52899,48233
52899,85603
52899,109868
52899,55865
52899,120238
52899,7898
52899,27686
52899,94261
52899,13934
52899,116852
52899,131894
52899,123096
52899,59056
52899,48898
52899,46320
52899,30986
52899,30487
52899,24513
52899,139000
52899,138722
52899,38981
52899,127094
52899,94897
52899,52515
52899,14411
52899,73379
52899,41438
52900,87015
52900,118084
52900,72292
52900,25183
52900,4386
52900,105260
52900,128978
52900,117469
52900,62848
52900,65331
52900,137200
52900,4047
52900,88807
52900,50417
52900,112085
52900,66381
52900,20726
52900,11473
52900,77526
52900,77845
52900,14331
52900,134989
52900,14126
52900,51322
52900,139723
52900,2144
52900,81641
52900,137989
52900,96836
52900,39717
52900,48323
52901,118670
52901,131917
52901,132210
52901,101520
52901,51178
52901,96748
52901,3724
52901,57169
52901,52703
52901,87652
52901,73145
52901,37540
52901,106307
52901,19157
52901,7620
52901,34221
52901,73077
52901,75972
52901,28132
52901,20022
52901,9831
52901,37330
52901,135028
52901,96808
52901,3235
52901,75907
52901,53916
52901,123898
52901,63417
52901,36507
52901,118206
52901,137646
52902,25827
52902,76226
52902,44493
52902,69392
52902,86107
52902,1958
52902,6559
52902,41225
52902,31820
52902,9138
52902,96753
52902,65987
52902,115731
52902,46045
52902,124813
52902,69730
52902,99161
52902,66464
52902,113005
52902,85842
52902,125096
52902,136645
52902,27853
52902,5420
52902,120586
52902,52669
52902,88055
52902,46678
52902,208
52902,106982
52902,43875
52902,11976
52902,59276
52903,28731
52903,34222
52903,109576
52903,9665
52903,47846
52903,1497
52903,65799
52903,33590
52903,60084
52903,48671
52903,128615
52903,138600
52903,16649
52903,108564
52903,7880
52903,57790
52904,59198
52904,83244
52904,95721
52904,23457
52904,128923
52904,15652
52904,134061
52904,132888
52904,96617
52904,5552
52904,2752
52904,5269
52904,52205
52904,102493
52904,20494
52904,87506
52904,31199
52904,18781
52904,73049
52904,90317
52904,128606
52904,69630
52904,32021
52904,64849
52904,136932
52904,90152
52904,131718
52904,25589
52904,15653
52904,23433
52904,22221
52904,84083
52904,119971
52906,99414
52906,1750
52906,114977
52906,111115
52906,126339
52906,69230
52906,125349
52906,18144
52906,134596
52906,88713
52906,85218
52906,127645
52906,111421
52906,58326
52906,98699
52906,59517
52906,4717
52906,138518
52906,20027
52906,90249
52906,39739
52906,103696
52906,113510
52906,4915
52906,89931
52906,40421
52906,17907
52906,102850
52908,72472
52908,37055
52908,125776
52908,46785
52908,56740
52908,124924
52911,3634
52911,9060
52911,28879
52911,102225
52911,28381
52911,24836
52911,57672
52911,19073
52911,86409
52911,65349
52911,73473
52911,87684
52911,90993
52911,108210
52911,61604
52911,379
52911,117756
52911,22086
52911,23708
52911,34165
52911,3997
52911,100767
52911,21981
52911,44511
52911,49558
52911,49151
52911,59861
52911,47659
52911,117552
52911,90640
52911,17210
52911,4596
52913,65855
52913,81830
52913,130850
52913,62510
52913,81217
52913,5131
52913,73184
52913,12923
52913,22880
52913,139281
52913,55399
52913,79033
52913,47308
52913,15607
52913,8999
52913,70145
52913,135398
52913,16627
52913,95821
52913,22106
52913,81900
52913,43863
52913,124198
52913,137189
52913,71054
52913,107116
52913,12228
52913,103654
52913,11408
52914,62798
52914,127426
52914,134224
52914,15808
52914,32314
52914,36874
52914,118103
52914,78723
52914,63609
52914,40670
52914,47602
52914,116103
52914,113975
52914,132653
52914,41446
52914,124335
52914,140370
52914,48819
52914,113081
52914,125943
52914,63423
52914,66025
52914,40797
52914,111283
52914,30514
52914,22511
52914,120847
52919,6563
52919,90170
52919,1907
52919,107110
52919,91247
52919,129184
52919,129457
52919,71038
52919,23754
52919,25081
52919,24063
52919,81119
52919,108651
52919,132015
52919,45715
52919,96757
52919,28196
52919,51842
52919,1200
52919,122944
52919,87216
52919,93864
52919,126233
52919,35138
52919,86787
52919,41823
52919,37589
52919,73897
52919,63979
52919,4704
52919,14262
52919,63407
52919,51470
52919,132475
52919,122428
52923,26710
52923,87366
52923,107296
52923,39143
52923,133497
52923,27154
52923,6729
52923,106477
52923,85729
52923,126361
52923,112975
52924,138758
52924,58544
52924,35304
52924,45277
52924,3157
52924,138000
52924,112666
52924,105212
52924,61731
52924,122762
52924,114302
52924,11325
52924,33525
52924,92080
52924,117124
52924,138592
52925,121993
52925,54628
52925,20729
52925,119030
52925,126308
52925,86327
52925,135415
52925,127531
52925,91984
52925,107528
52925,136739
52925,26523
52925,29700
52925,125157
52925,45963
52925,71644
52925,81869
52925,130770
52925,107829
52925,96385
52925,131303
52925,140769
52925,131743
52925,73899
52925,132155
52925,130943
52925,17809
52925,119221
52925,101124
52925,97020
52925,99381
52926,9029
52926,137782
52926,120238
52926,48233
52926,24513
52926,8917
52926,133509
52926,37790
52926,85603
52926,7898
52926,109868
52926,55865
52926,94261
52926,13934
52926,96553
52926,46320
52926,30487
52926,30986
52926,99297
52926,139000
52926,59056
52926,53904
52926,138722
52926,38981
52926,113912
52926,127094
52926,74251
52926,94897
52926,52515
52926,73379
52926,55059
52926,14411
52926,41438
52928,11179
52928,60948
52928,7148
52928,124436
52928,71518
52928,50442
52928,97656
52928,92991
52928,12418
52928,14934
52928,26822
52928,105014
52928,60952
52928,73973
52928,72843
52928,66027
52928,44400
52928,25281
52928,17717
52928,41018
52928,113519
52928,30336
52928,2583
52928,102362
52928,30892
52928,6599
52928,125605
52928,111962
52928,132840
52928,138243
52928,74052
52928,120537
52929,97758
52929,94077
52929,71408
52929,88639
52929,98838
52929,14690
52929,95987
52929,83181
52929,109744
52929,13805
52929,20717
52929,48889
52929,108909
52929,84108
52929,87888
52929,84110
52929,53740
52929,75447
52929,7145
52929,48395
52929,62638
52929,117252
52929,33585
52929,89334
52929,97283
52929,2637
52929,80398
52929,65106
52929,28050
52929,51180
52929,57117
52929,46418
52929,56731
52929,121935
52930,33934
52930,23097
52930,33332
52930,120593
52930,136248
52930,37849
52930,44779
52930,49498
52930,51415
52930,44442
52930,51199
52930,128564
52930,48625
52930,90880
52930,106019
52930,61820
52930,66341
52930,2640
52930,106016
52930,26451
52930,106192
52930,56177
52930,60548
52930,67625
52930,71291
52930,130926
52930,51030
52930,16060
52930,88177
52930,39573
52930,119274
52930,18004
52933,60144
52933,20430
52933,63229
52933,63105
52933,5322
52933,133943
52933,109804
52933,101215
52933,46501
52933,20587
52933,34151
52933,14480
52933,80709
52933,101335
52933,78647
52933,136813
52933,127671
52933,3556
52933,66750
52933,38286
52933,131046
52933,134811
52933,82507
52933,101252
52933,114721
52933,73058
52933,129914
52933,76070
52933,31825
52933,133235
52933,75205
52933,24041
52933,15390
52934,91146
52934,100179
52934,69837
52934,92444
52934,31511
52934,34704
52934,2757
52934,36799
52934,77025
52934,118828
52934,8100
52934,66422
52934,68892
52934,31149
52934,107918
52934,39048
52934,119771
52934,71870
52934,48629
52934,69492
52934,61921
52934,115632
52934,2061
52934,98349
52934,100886
52934,35762
52934,81073
52934,37869
52934,1463
52934,66645
52935,64017
52935,115994
52935,97517
52935,80067
52935,50366
52935,15064
52935,76755
52935,79141
52935,122468
52935,68038
52935,114201
52935,94850
52935,72234
52935,19965
52935,83079
52935,15343
52935,130789
52935,94976
52935,47202
52935,63519
52935,3754
52935,85930
52935,96517
52935,105745
52935,38769
52935,97430
52935,23256
52935,132664
52935,114067
52935,73588
52935,47534
52935,133508
52937,95580
52937,10608
52937,49761
52937,79991
52937,139530
52937,61203
52937,70329
52937,104556
52937,22494
52937,1267
52937,97286
52937,56914
52937,66770
52937,92851
52937,96144
52937,138746
52937,90908
52937,81430
52937,128841
52937,54940
52937,59063
52937,74447
52937,31959
52937,42556
52937,87442
52937,19443
52937,37126
52937,108079
52937,81165
52937,120090
52937,121446
52938,48233
52938,133509
52938,7898
52938,8917
52938,121696
52938,37790
52938,127094
52938,27686
52938,13934
52938,38981
52938,46320
52938,116852
52938,110258
52938,96553
52938,30487
52938,65910
52938,138722
52938,8508
52938,14411
52938,55059
52938,15608
52938,59056
52938,30986
52938,120238
52938,41438
52938,113912
52938,73379
52938,26856
52941,22972
52941,89082
52941,121134
52941,68271
52941,45984
52941,49148
52941,98322
52941,1480
52941,31025
52941,36769
52941,92527
52941,127332
52941,103883
52941,39347
52941,1966
52941,12063
52941,128229
52941,54412
52941,97941
52941,111163
52941,133761
52941,11592
52941,43269
52941,132615
52941,25858
52941,44732
52941,58225
52941,65626
52941,99883
52941,14845
52941,108617
52941,114835
52942,46751
52942,76778
52942,33737
52942,90262
52942,135671
52942,14236
52942,5365
52942,79032
52942,31834
52942,26365
52943,64335
52943,103127
52943,136410
52943,137650
52943,73081
52943,53664
52943,106751
52943,117696
52943,29595
52943,108843
52943,60236
52943,112740
52943,110234
52943,59426
52943,71651
52943,65391
52943,42047
52943,39039
52943,97410
52943,12373
52943,112173
52943,135561
52943,76103
52943,52659
52943,100163
52943,45087
52943,8120
52943,76109
52943,15151
52943,90643
52943,77247
52943,30210
52943,56017
52943,38295
52946,84566
52946,48356
52946,92240
52946,107718
52946,71158
52946,124092
52946,27626
52946,103890
52946,98955
52946,61645
52946,73496
52946,117007
52946,114048
52946,133579
52946,25427
52946,28531
52946,34653
52946,43421
52946,120079
52946,89112
52946,120093
52946,56003
52946,43021
52946,54505
52946,17579
52946,27199
52946,37140
52946,95662
52947,97605
52947,137672
52947,44941
52947,4548
52947,105227
52947,136402
52947,4204
52947,57763
52947,66535
52947,45122
52947,44890
52947,48157
52947,90994
52947,36485
52947,134731
52947,132626
52947,14920
52947,47199
52947,39085
52947,40726
52947,124488
52947,90475
52947,71613
52947,65602
52947,7970
52947,102049
52947,29403
52947,3486
52947,137397
52947,55401
52947,12718
52949,137997
52949,124342
52949,37818
52949,104517
52949,116942
52949,21018
52949,77089
52949,70177
52949,90845
52949,134323
52949,60846
52949,59781
52949,35223
52949,134154
52949,114932
52949,68420
52949,26248
52949,78500
52949,77795
52949,60468
52949,49656
52949,24545
52949,57952
52949,90809
52949,40279
52949,38904
52949,125083
52949,122112
52949,94455
52949,46274
52949,59657
52949,117294
52950,130253
52950,90861
52950,139298
52950,65699
52950,21226
52950,101671
52950,23394
52950,17447
52950,18933
52950,11762
52950,110951
52950,26159
52950,75177
52950,46226
52950,131380
52950,82564
52950,31265
52950,96728
52950,52980
52950,2088
52950,85431
52950,105552
52950,126881
52950,125094
52950,120872
52950,19790
52950,106029
52950,105677
52950,20024
52950,107691
52950,125059
52953,104649
52953,47836
52953,42200
52953,96662
52953,87878
52953,140503
52953,33423
52953,11942
52953,25908
52953,102992
52953,81449
52953,29726
52953,30728
52953,124712
52953,40185
52953,128528
52953,99353
52953,1248
52953,22295
52953,60310
52953,19956
52953,76214
52953,112607
52953,52464
52953,37029
52953,138276
52953,33023
52953,38533
52953,109738
52953,10145
52953,36952
52953,46134
52954,45701
52954,16587
52954,88455
52954,47187
52954,60705
52954,138222
52954,65757
52954,81246
52954,108892
52954,22725
52954,78107
52954,134194
52954,88770
52954,129772
52954,138317
52954,137455
52954,125145
52954,93559
52954,51275
52954,74939
52954,94058
52954,32627
52954,98245
52954,91691
52954,72789
52954,8048
52954,53166
52954,42078
52954,105800
52954,17072
52954,126963
52957,83110
52957,62833
52957,71285
52957,46020
52957,90825
52957,136353
52957,9775
52957,35495
52957,90103
52957,8756
52957,97689
52957,40040
52957,43757
52957,130175
52957,109877
52957,64620
52957,39142
52957,31962
52957,7264
52957,15001
52957,90668
52957,62263
52957,97035
52957,58555
52957,107122
52957,115491
52957,16873
52957,1064
52957,52839
52957,122659
52957,117884
52957,80769
52957,101598
52957,125822
52958,74707
52958,30522
52958,126131
52958,77223
52958,109257
52958,67867
52958,128605
52958,52899
52958,135153
52958,134987
52958,130585
52958,34012
52958,12388
52958,82528
52958,116223
52958,23252
52958,135406
52958,138376
52958,126934
52958,121849
52958,6925
52958,103147
52958,92523
52958,76439
52958,46704
52958,42779
52958,34131
52958,138380
52958,9924
52958,53989
52958,57890
52958,61647
52958,43658
52958,117998
52959,23268
52959,105408
52959,1230
52959,21155
52959,36427
52959,52459
52959,25476
52959,8161
52959,4875
52959,20592
52959,126264
52959,126657
52959,79740
52959,1497
52959,14536
52959,110940
52959,30950
52959,61529
52959,3858
52959,53494
52959,62762
52959,31643
52959,41712
52959,74754
52959,135499
52959,35817
52959,122621
52959,138600
52959,24559
52959,69261
52959,44923
52959,7880
52959,5002
52961,110843
52961,138738
52961,24229
52961,77750
52961,30680
52961,97442
52961,47241
52961,110764
52961,126036
52961,105330
52961,7984
52961,19219
52961,136109
52961,82111
52961,80353
52961,103751
52961,6217
52961,19905
52961,107252
52961,6110
52961,84463
52961,14115
52961,133889
52961,120185
52961,81084
52961,29078
52961,91928
52961,87694
52961,54163
52961,20746
52961,59882
52961,102696
52964,123902
52964,25521
52964,21157
52964,42725
52964,19854
52964,6982
52964,135108
52964,112786
52964,115455
52964,26819
52964,55620
52964,134890
52964,117926
52964,30852
52964,13634
52964,45337
52964,102398
52964,86202
52964,269
52964,55006
52964,119532
52964,136683
52964,92214
52964,55739
52964,41329
52964,10942
52964,22601
52964,28318
52964,4218
52964,6133
52964,123665
52964,80291
52967,42725
52967,123902
52967,25521
52967,19854
52967,92214
52967,135108
52967,112786
52967,115455
52967,13634
52967,27654
52967,6982
52967,269
52967,55006
52967,119532
52967,86202
52967,28318
52967,58063
52967,137275
52967,30977
52967,4218
52967,123665
52967,80291
52968,19157
52968,131917
52968,80545
52968,132210
52968,101520
52968,57169
52968,3724
52968,87652
52968,51178
52968,73145
52968,75972
52968,137976
52968,28132
52968,20022
52968,33828
52968,37330
52968,137646
52968,135028
52968,119794
52968,16325
52968,36507
52968,46027
52968,31038
52968,61011
52968,966
52968,56697
52968,56908
52971,115106
52971,91639
52971,68364
52971,85975
52971,65535
52971,71152
52971,55409
52971,110225
52971,74272
52971,67110
52971,136631
52972,128934
52972,90787
52972,124060
52972,25784
52972,110898
52972,93831
52972,1139
52972,119812
52972,26510
52973,42981
52973,39851
52973,5023
52973,54555
52973,89613
52973,120242
52973,51563
52973,104730
52973,52324
52973,47385
52973,69200
52973,38212
52973,52199
52973,58547
52973,45402
52973,41081
52973,39160
52973,57852
52973,71556
52973,11664
52973,82627
52973,105746
52973,67987
52973,27389
52973,131510
52973,4480
52973,50724
52973,117793
52973,18255
52973,8409
52973,442
52974,124166
52974,68002
52974,125053
52974,58136
52974,31359
52974,89951
52974,137514
52974,131901
52974,116455
52974,56064
52974,65100
52974,136880
52974,111435
52974,95369
52974,91687
52974,111831
52974,74298
52977,89073
52977,95307
52977,38571
52977,48153
52977,95166
52977,121764
52977,65606
52977,29604
52977,88218
52977,53341
52977,113349
52977,30184
52977,88096
52977,10404
52977,41488
52977,111000
52977,107872
52977,893
52977,59526
52977,1934
52977,81437
52977,27348
52977,68914
52977,97247
52977,64777
52977,16706
52977,85728
52977,114766
52977,74474
52977,92297
52977,91206
52977,113405
52977,49555
52977,63762
52977,21315
52978,79424
52978,64736
52978,127899
52978,74689
52978,72975
52978,92155
52978,132016
52978,31304
52978,76084
52978,41378
52978,37000
52978,54315
52978,47522
52978,57441
52978,1083
52978,28912
52978,57412
52978,26271
52978,96075
52978,57857
52978,136201
52978,107055
52978,67004
52978,60019
52978,8836
52978,5852
52978,55308
52978,122932
52979,100633
52979,27589
52979,63909
52979,14551
52979,114024
52979,100024
52979,106017
52979,7114
52979,90472
52979,17080
52980,79776
52980,34686
52980,30819
52980,43433
52980,75815
52980,5824
52980,39241
52980,37331
52980,135899
52980,113693
52980,112072
52980,99009
52980,83817
52980,84335
52980,49843
52980,120061
52980,4752
52980,100735
52980,10655
52980,9039
52980,89747
52980,83029
52980,129249
52980,115603
52980,19764
52980,130800
52980,36738
52980,98456
52980,3149
52980,105523
52980,7771
52981,5080
52981,46174
52981,18366
52981,95276
52981,108995
52981,25178
52981,73655
52981,79616
52982,93981
52982,82620
52982,21386
52982,124730
52982,99027
52982,131697
52982,71469
52982,104766
52982,81752
52982,105179
52982,26087
52982,130461
52982,128612
52982,27458
52982,124016
52982,69885
52982,123216
52982,113697
52982,72905
52982,113775
52982,51782
52982,45544
52982,63066
52982,105392
52982,109482
52982,32741
52982,22596
52982,56950
52982,15566
52982,138922
52984,106528
52984,57419
52984,103641
52984,48336
52984,16555
52984,128000
52984,36817
52984,61171
52984,72725
52984,111140
52984,131620
52984,12100
52984,58880
52984,67382
52985,95962
52985,121972
52985,69031
52985,114283
52985,81178
52985,2454
52985,67177
52985,98695
52985,33882
52986,32912
52986,78448
52986,125040
52986,111241
52986,23327
52986,46223
52986,102248
52986,17078
52986,5999
52986,134112
52986,85998
52986,16534
52986,16795
52986,108396
52986,58836
52986,5016
52986,88821
52986,55587
52986,79092
52986,77897
52986,81135
52986,83630
52986,8480
52986,107281
52986,55749
52988,35454
52988,51555
52988,48512
52988,140304
52988,115562
52988,58015
52988,112301
52988,75807
52988,31814
52988,68658
52988,121275
52988,88988
52988,90665
52988,25223
52988,31381
52988,100473
52988,2899
52988,114177
52988,12507
52988,85323
52988,25746
52988,5988
52988,45412
52988,3988
52988,52463
52988,125859
52988,50151
52988,51974
52988,34966
52988,78171
52988,131324
52989,5733
52989,12712
52989,129141
52989,114462
52989,85740
52989,2838
52989,66617
52989,131257
52989,76515
52989,83162
52989,101398
52989,79170
52989,58633
52989,51011
52989,29790
52989,140145
52989,125245
52989,38514
52989,121157
52989,71438
52989,109769
52989,99413
52989,19504
52989,106126
52989,128753
52989,61170
52989,89754
52989,9915
52990,52683
52990,56776
52990,23661
52990,36412
52990,70697
52990,125079
52990,53141
52990,125656
52990,43028
52990,47864
52990,40647
52990,103935
52990,130578
52990,90380
52990,33591
52990,3628
52990,6913
52990,36045
52990,15945
52990,64949
52990,92724
52990,25564
52990,66917
52990,19413
52990,62417
52990,100549
52990,78330
52990,85147
52990,54703
52990,119316
52990,10642
52990,39466
52990,16417
52991,60144
52991,20430
52991,63105
52991,67964
52991,32798
52991,131046
52991,109804
52991,7541
52991,81542
52991,12957
52991,66750
52991,35679
52991,53274
52991,131352
52991,31825
52991,123012
52991,38286
52991,8864
52991,73058
52991,133689
52991,24041
52991,25159
52991,137327
52991,66957
52991,95452
52991,113731
52991,75205
52991,133235
52991,15390
52991,137782
52991,67477
52991,23190
52991,29044
52992,27788
52992,119653
52992,9696
52992,96426
52992,118188
52992,97937
52992,66648
52992,57223
52992,4106
52992,40047
52992,4435
52992,49601
52992,105336
52992,123706
52993,79140
52993,79417
52993,137558
52993,44865
52993,2182
52993,130425
52993,14705
52993,103316
52993,82933
52993,118638
52993,127863
52993,26141
52993,78478
52993,115684
52993,109689
52993,121878
52993,117838
52993,54371
52996,11243
52996,81388
52996,131463
52996,91116
52996,83461
52996,91185
52996,108068
52996,52109
52996,74437
52996,63094
52996,48280
52996,3054
52996,107069
52996,31547
52996,71568
52996,69073
52996,133102
52996,68809
52996,36553
52996,76804
52996,61220
52996,62212
52996,61744
52996,64953
52996,66762
52996,114639
52996,87494
52996,79614
52996,14947
52996,54930
52996,43368
52996,133942
52996,52391
52997,61529
52997,3213
52997,126657
52997,77935
52997,135499
52997,23212
52997,41278
52997,121267
52997,53494
52997,84032
52997,111170
52997,41712
52997,43010
52997,126719
52997,45080
52997,80475
52997,60084
52997,7880
52997,64762
52997,105307
52997,23078
52997,7527
52997,78838
52997,38725
52997,10746
52997,10996
52997,6439
52997,138600
52997,69261
52997,106262
52997,129968
52997,31169
52998,29927
52998,72424
52998,112502
52998,59324
52998,128090
52998,95258
52998,35932
52998,23190
52998,97574
52998,66957
52998,111838
52998,3367
52998,88347
52998,77990
52998,68495
52998,95452
52998,138575
52998,52451
52998,5124
52998,22780
52998,78572
52998,92978
52998,38091
52998,118936
52998,55070
52998,112345
52998,1753
52998,59509
52998,55019
52998,6906
52998,66475
52998,103339
53002,101971
53002,90870
53002,135992
53002,94600
53002,71293
53002,116293
53002,26226
53002,41047
53002,26874
53002,93041
53002,131065
53002,87956
53002,105825
53002,29659
53002,78996
53002,99909
53002,132644
53002,17968
53002,73954
53002,24568
53002,116264
53002,37953
53002,92743
53002,2431
53002,20221
53002,90303
53002,67524
53002,81691
53002,49949
53002,17117
53002,79228
53002,50736
53003,133846
53003,6400
53003,110915
53003,115994
53003,44213
53003,80067
53003,68372
53003,138973
53003,54795
53003,121614
53003,50366
53003,81352
53003,23982
53003,85657
53003,79141
53003,105745
53003,100267
53003,114067
53003,83079
53003,25156
53003,15343
53003,47202
53003,85930
53003,94976
53003,13221
53003,72234
53003,78911
53003,14002
53003,23256
53003,97430
53003,24865
53003,69638
53004,104517
53004,124342
53004,116942
53004,94534
53004,114932
53004,77914
53004,18110
53004,24545
53004,46443
53004,49656
53004,134154
53004,15443
53004,89699
53004,93970
53004,60846
53004,14082
53004,90845
53004,70177
53004,131892
53004,35223
53004,40279
53004,38419
53004,11032
53004,59781
53004,78500
53004,60468
53004,122112
53004,86042
53004,59657
53004,77795
53004,94455
53004,46274
53005,132562
53005,70076
53005,88624
53005,127132
53005,79339
53005,138185
53005,96078
53005,52289
53005,28398
53005,55467
53005,82735
53005,59632
53005,22771
53005,76075
53005,101480
53005,80611
53005,131454
53005,96751
53005,87416
53005,62251
53005,128858
53005,70519
53005,64130
53005,85599
53005,24525
53005,35204
53005,42822
53005,31286
53005,43528
53005,93150
53005,117788
53005,85044
53005,73139
53006,17493
53006,8983
53006,70834
53006,99726
53006,56911
53006,19438
53006,67810
53006,118353
53006,140724
53006,135274
53006,28494
53006,27357
53006,100206
53006,131744
53006,34807
53006,76699
53010,23592
53010,95452
53010,101215
53010,131828
53010,103982
53010,42329
53010,107090
53010,24513
53010,30487
53010,123096
53010,66957
53010,99297
53010,92090
53010,131894
53010,116852
53010,15073
53010,72999
53010,18420
53010,65910
53010,59056
53010,53304
53010,51465
53010,41392
53010,135071
53010,59685
53010,44421
53012,130134
53012,14347
53012,33150
53012,54603
53012,57897
53012,52964
53012,23976
53012,30453
53012,90419
53012,115350
53012,93118
53012,133085
53012,105814
53012,4298
53012,20199
53012,62306
53012,132828
53012,3636
53012,2445
53012,81128
53012,134405
53012,19947
53012,70508
53012,92263
53012,82624
53012,131906
53012,140634
53012,91142
53012,13554
53012,128769
53012,124046
53012,106731
53012,121416
53012,51371
53013,77109
53013,41585
53013,44197
53013,79534
53013,42875
53013,11414
53013,68689
53013,138971
53013,115763
53013,27711
53013,131345
53013,137592
53013,34348
53013,92698
53013,130968
53013,65496
53013,18859
53013,121287
53013,121586
53013,65983
53013,67688
53013,134786
53013,40463
53013,41368
53013,31945
53013,114777
53013,117347
53013,37788
53013,99894
53013,68783
53013,134743
53013,115207
53013,33163
53016,79357
53016,138768
53016,37043
53016,96754
53016,138109
53016,36493
53016,14171
53016,18249
53016,9863
53016,95655
53016,14836
53016,67703
53016,113549
53016,19119
53016,85203
53016,4710
53016,33014
53016,36523
53016,93576
53016,14252
53016,7090
53016,127495
53016,101207
53016,86829
53016,73757
53016,129066
53016,50377
53016,130828
53016,111802
53016,64329
53016,94200
53016,54851
53016,77886
53020,92479
53020,119312
53020,53540
53020,3356
53020,131831
53020,98086
53020,83638
53020,49577
53020,9350
53020,116181
53020,137452
53020,8362
53020,84244
53020,62086
53020,28254
53020,134873
53020,88810
53020,140620
53020,9186
53020,136238
53020,35463
53020,119760
53020,85064
53020,596
53020,11854
53020,8228
53020,71798
53020,100242
53020,124252
53020,38668
53020,78033
53020,14524
53021,47877
53021,100023
53021,130511
53021,106793
53021,89200
53021,138360
53021,125599
53021,94045
53021,31233
53021,125891
53021,71656
53021,43387
53021,90621
53021,122720
53021,78979
53021,93078
53021,90258
53021,131723
53021,43044
53021,47537
53021,117948
53021,114283
53021,39189
53021,25241
53021,118765
53021,94978
53021,47974
53021,81048
53021,8515
53021,31778
53021,128623
53021,52685
53022,46136
53022,9868
53022,2221
53022,94511
53022,7043
53022,16796
53022,50223
53022,83317
53022,85755
53022,46401
53022,107050
53023,51146
53023,55001
53023,13560
53023,39755
53023,57937
53023,132631
53023,78370
53025,118749
53025,59058
53025,38898
53025,104546
53025,102740
53025,66560
53025,100874
53025,23347
53025,85491
53025,51259
53025,117509
53025,17018
53025,96337
53025,61296
53025,17592
53025,19823
53025,111047
53025,114204
53025,28018
53025,58745
53025,44912
53025,47614
53025,101586
53025,85438
53025,85514
53025,69364
53025,26006
53025,84469
53025,120763
53025,135407
53025,107404
53025,82630
53026,93402
53026,113832
53026,53317
53026,45824
53026,4312
53026,108855
53026,26746
53026,114943
53026,110474
53026,11866
53026,24350
53026,85988
53026,106925
53026,139761
53026,68483
53026,123148
53026,60173
53026,81797
53026,39209
53026,136310
53026,32254
53026,66874
53026,27574
53027,65421
53027,4279
53027,38993
53027,16767
53027,18821
53027,7089
53027,91009
53027,10634
53027,111419
53027,30615
53027,5396
53027,24366
53028,121785
53028,30949
53028,115954
53028,70058
53028,118800
53028,23552
53028,123641
53028,119207
53028,75125
53028,64020
53028,94188
53028,117990
53028,95292
53028,6080
53029,34485
53029,37875
53029,121304
53029,62850
53029,125608
53029,64165
53029,140736
53029,12865
53029,18870
53029,42506
53029,112440
53029,49124
53029,112915
53029,67105
53029,83517
53029,29116
53029,1638
53029,99171
53029,32267
53029,41742
53029,75131
53029,90647
53029,24897
53029,107055
53029,55308
53029,81944
53029,43251
53029,50258
53029,8836
53029,132535
53029,86785
53029,128394
53030,90957
53030,111259
53030,100296
53030,81806
53030,47429
53030,74038
53030,32145
53030,31756
53030,132726
53030,67884
53030,14548
53030,41669
53030,140576
53030,20818
53030,31191
53032,111440
53032,35962
53032,105305
53032,12098
53032,26480
53032,19372
53032,110770
53032,27616
53032,87558
53032,64386
53032,22087
53032,43019
53032,117968
53032,47977
53032,125221
53032,48374
53032,34972
53032,46921
53032,19487
53032,35303
53032,81069
53033,51665
53033,92780
53033,133520
53033,58295
53033,86158
53033,89730
53033,38953
53033,59139
53033,63515
53033,108531
53033,96413
53033,34740
53033,123662
53033,27347
53033,136712
53033,2196
53033,4098
53033,120620
53033,47378
53033,30063
53033,59521
53033,85379
53033,24632
53033,43610
53033,45531
53033,103741
53033,103342
53033,15066
53033,84297
53033,19961
53033,91284
53034,51726
53034,74268
53034,24346
53034,19473
53034,37188
53034,99337
53034,77316
53034,34789
53034,11824
53034,91404
53034,89886
53034,54764
53034,88387
53034,34649
53034,111493
53034,133994
53034,35352
53034,303
53034,90846
53034,42547
53034,5904
53034,50768
53034,100895
53034,11979
53034,60702
53034,80470
53034,110548
53034,72456
53034,78953
53034,79758
53034,30876
53034,3573
53034,133095
53035,56751
53035,53746
53035,22651
53035,12954
53035,88977
53035,27704
53035,62954
53035,62640
53035,70825
53035,53507
53035,103693
53035,137606
53035,62528
53035,50945
53035,26326
53035,76347
53035,133504
53036,114807
53036,48678
53036,135446
53036,100523
53036,62219
53036,7739
53036,51541
53036,94807
53036,9016
53036,122455
53036,15976
53036,86205
53036,21318
53036,36263
53036,6742
53036,17413
53036,102445
53036,31419
53036,75748
53036,17768
53036,95788
53036,130893
53036,69487
53036,22632
53036,115194
53036,3274
53036,128708
53036,13992
53036,73268
53036,22001
53036,140645
53036,12822
53036,24430
53037,72233
53037,4922
53037,106149
53037,17091
53037,64371
53037,51063
53037,86630
53037,5395
53037,13871
53037,19758
53037,108042
53037,4267
53037,90674
53037,118704
53037,42350
53037,8108
53037,11395
53037,30586
53037,82870
53037,93956
53037,134502
53037,72922
53037,37919
53037,56906
53037,75960
53037,119288
53037,101116
53037,42762
53037,129375
53037,121120
53039,133579
53039,71158
53039,88734
53039,111753
53039,9551
53039,136827
53039,118653
53039,112430
53039,130716
53039,130377
53039,116860
53040,13674
53040,11948
53040,22607
53040,4573
53040,94080
53040,34578
53040,61695
53040,86704
53040,70683
53041,119002
53041,115994
53041,44213
53041,89202
53041,80067
53041,7955
53041,54739
53041,7127
53041,123055
53041,15343
53041,23982
53041,68372
53041,42207
53041,58398
53041,24654
53041,53480
53041,121614
53041,47202
53041,47534
53041,100080
53041,3754
53041,85930
53041,63519
53041,72234
53041,38769
53041,139596
53041,126555
53041,135006
53041,138930
53041,24865
53041,128481
53041,104670
53043,112761
53043,130094
53043,12753
53043,73731
53043,29619
53043,51215
53043,29530
53043,61837
53043,127105
53043,109299
53043,28003
53043,115192
53043,125211
53043,32526
53043,61648
53043,5392
53043,55561
53043,135578
53043,21715
53043,60554
53043,120571
53043,79140
53043,26764
53043,60123
53043,124069
53043,37487
53043,85360
53043,12386
53043,5324
53043,96362
53043,85213
53043,135600
53045,40517
53045,1230
53045,37346
53045,3213
53045,8962
53045,92137
53045,90730
53045,126657
53045,15994
53045,14536
53045,110940
53045,31643
53045,98736
53045,135537
53045,17633
53045,74754
53045,32112
53045,25416
53045,135779
53045,57945
53045,38750
53045,53494
53045,80475
53045,38291
53045,5002
53045,30950
53045,103176
53045,61529
53045,120497
53045,30593
53045,69261
53045,106819
53046,33064
53046,134246
53046,91339
53046,4237
53046,53992
53046,67327
53046,134715
53046,23297
53046,136976
53047,135414
53047,22588
53047,109559
53047,100999
53047,130289
53047,117267
53047,117209
53047,11582
53047,36331
53047,40630
53047,49713
53047,28433
53047,59150
53047,18631
53047,50680
53047,135396
53047,138846
53047,52192
53047,98842
53047,129857
53047,48181
53047,98306
53047,45449
53047,100771
53047,64914
53047,43698
53047,127402
53047,106552
53049,108030
53049,63384
53049,116753
53049,133505
53049,137192
53049,114238
53049,118355
53049,74976
53051,47617
53051,19997
53051,48734
53051,97283
53051,88639
53051,98838
53051,94077
53051,13805
53051,32044
53051,71408
53051,11385
53051,97758
53051,84108
53051,81981
53051,80398
53051,130772
53051,49645
53051,108909
53051,37603
53051,32597
53051,14690
53051,75447
53051,23923
53051,48395
53051,51180
53051,33585
53051,113868
53051,16482
53051,48889
53051,7145
53051,105971
53051,100449
53051,71667
53051,60220
53052,90437
53052,138287
53052,18232
53052,23861
53052,103423
53052,33442
53052,49757
53052,47162
53052,27725
53052,46004
53052,19582
53052,91157
53052,125234
53052,80704
53052,703
53052,90979
53052,131055
53052,101548
53053,29677
53053,15491
53053,1696
53053,124937
53053,138371
53053,36289
53053,131958
53053,61639
53053,10242
53053,50432
53053,105534
53053,109598
53053,124255
53053,140696
53053,12197
53053,139847
53055,77713
53055,132488
53055,55843
53055,81921
53055,52062
53055,121375
53055,18050
53055,52576
53055,139887
53055,131026
53055,78126
53055,137875
53055,111276
53055,65554
53055,66691
53055,71724
53055,140355
53055,21563
53055,57789
53055,108834
53055,29596
53055,61680
53055,65372
53055,106577
53055,19222
53055,37696
53055,81937
53055,40687
53055,87262
53055,109327
53055,130159
53055,58231
53055,86583
53057,52536
53057,109763
53057,23352
53057,14026
53057,95707
53057,28814
53057,89210
53057,37687
53057,47923
53057,108294
53057,72088
53059,61190
53059,54519
53059,77671
53059,103210
53059,52734
53059,29489
53059,48348
53059,139804
53059,44054
53059,26904
53059,103944
53059,79992
53059,103459
53059,79886
53059,87700
53060,10639
53060,91972
53060,138183
53060,72984
53060,10030
53060,57686
53060,118471
53060,12775
53060,9634
53060,71331
53060,70279
53060,13776
53061,20430
53061,59324
53061,63229
53061,14480
53061,134811
53061,114721
53061,7898
53061,25159
53061,91975
53061,101252
53061,131352
53061,92161
53061,78572
53061,8508
53061,137782
53061,133689
53061,27686
53061,101271
53061,3367
53061,103982
53061,15073
53061,116852
53061,52515
53061,104493
53061,6906
53061,94718
53061,14411
53061,78549
53061,121116
53061,111838
53061,55127
53061,122859
53063,7156
53063,25298
53063,97339
53063,99723
53063,3713
53063,65758
53063,94045
53063,110339
53063,107794
53063,93078
53063,90258
53063,115796
53063,35048
53063,117420
53063,131723
53063,34820
53063,131773
53063,65313
53063,106793
53063,83511
53063,75071
53063,29426
53063,78979
53063,47537
53063,104475
53063,43044
53063,88485
53063,100023
53063,21474
53063,11768
53063,98525
53063,18602
53064,31744
53064,126149
53064,76709
53064,36869
53064,50039
53064,64003
53064,50439
53064,54733
53064,12983
53064,30716
53064,28736
53064,121681
53064,108377
53064,105395
53064,90655
53064,126992
53064,76392
53064,25160
53064,38270
53064,127120
53064,136701
53064,76305
53064,115125
53064,134461
53064,126322
53064,26343
53064,100421
53064,102768
53064,27153
53064,42644
53064,121853
53064,78242
53065,126339
53065,99414
53065,134596
53065,1750
53065,18144
53065,67546
53065,114977
53065,69230
53065,125349
53065,127645
53065,111421
53065,111115
53065,98699
53065,59517
53065,5871
53065,59848
53065,95678
53065,4717
53065,138518
53065,103696
53065,90249
53065,39739
53065,4915
53065,75828
53065,89931
53065,40421
53065,95576
53065,88713
53065,17907
53065,113166
53065,102850
53065,85218
53066,85508
53066,118401
53066,93640
53066,77283
53066,25424
53066,83208
53066,81025
53066,27738
53066,27369
53066,25614
53066,30820
53066,20611
53066,125959
53066,57662
53066,76994
53066,103313
53066,86209
53066,134528
53066,36791
53066,61060
53066,78815
53066,11684
53066,69179
53066,119340
53066,30518
53066,32943
53070,110836
53070,101446
53070,90803
53070,28877
53070,55380
53070,44083
53070,54187
53070,126942
53070,32383
53070,108023
53070,136210
53070,23777
53070,117771
53070,104770
53070,86717
53070,101198
53070,109346
53070,231
53070,84296
53070,23648
53070,7065
53070,4301
53070,51492
53070,41215
53070,114924
53070,124602
53070,55859
53070,117835
53070,7573
53070,80999
53070,59206
53070,43662
53074,104381
53074,66095
53074,17795
53074,20679
53074,133520
53074,139202
53074,65189
53074,10908
53074,11331
53074,89006
53074,114701
53074,34740
53074,56046
53074,96552
53074,58295
53074,79585
53074,35054
53074,130413
53074,90634
53074,101782
53074,136312
53074,83713
53074,82886
53074,28503
53074,120499
53074,114872
53074,59314
53074,23984
53074,66890
53075,27275
53075,68868
53075,104896
53075,116906
53075,40887
53075,67610
53075,112793
53075,48883
53075,122435
53075,112292
53075,110165
53075,31940
53075,134383
53075,35235
53075,94822
53075,12149
53075,35371
53075,116251
53075,70554
53075,108459
53075,34474
53075,80888
53075,13098
53075,63071
53076,125709
53076,66127
53076,96240
53076,109681
53076,61696
53076,95557
53078,63204
53078,6575
53078,83276
53078,26732
53078,99496
53078,21853
53078,18335
53078,90714
53078,22210
53078,30065
53078,59157
53078,68510
53078,90907
53078,82744
53078,3135
53078,116822
53078,42382
53078,105390
53078,27932
53078,112446
53078,138963
53078,104410
53078,15898
53078,82010
53078,73128
53078,65720
53078,126334
53078,89030
53078,108211
53078,52602
53078,53881
53078,87315
53078,4779
53078,96631
53079,140195
53079,107472
53079,80424
53079,70370
53079,589
53079,6039
53079,128048
53079,44360
53079,116092
53079,41628
53079,123308
53079,39859
53079,89299
53079,63253
53079,74287
53079,123636
53079,140254
53079,57477
53079,35580
53079,124644
53079,85112
53079,119167
53080,24163
53080,9161
53080,75482
53080,43210
53080,115071
53080,63839
53080,23629
53080,128896
53080,68864
53080,126128
53080,56453
53080,45254
53080,15578
53080,84677
53080,24790
53080,64900
53080,91523
53080,112891
53080,109798
53081,7739
53081,19854
53081,42725
53081,21157
53081,94807
53081,25521
53081,19203
53081,62219
53081,17626
53081,117926
53081,58063
53081,137275
53081,55006
53081,102398
53081,134890
53081,30852
53081,26819
53081,41329
53081,45337
53081,135108
53081,101144
53081,55739
53081,55620
53081,81973
53081,13992
53081,133117
53081,136683
53081,96522
53081,139031
53081,10942
53081,28318
53081,123665
53081,79777
53082,89238
53082,116505
53082,20013
53082,33828
53082,103174
53082,101520
53082,46027
53082,34221
53082,106307
53082,80545
53082,99062
53082,73145
53082,59466
53082,138641
53082,19836
53082,119794
53082,61011
53082,124043
53082,5700
53082,62403
53082,123898
53082,73077
53082,53916
53082,56697
53082,128272
53082,36507
53082,118206
53082,137646
53082,37330
53082,28132
53083,36008
53083,92442
53083,74535
53083,92615
53083,43238
53083,48404
53083,40074
53083,37887
53083,54470
53083,91467
53083,80448
53083,64051
53083,10490
53083,90461
53083,9139
53083,68054
53083,124795
53083,89904
53083,89135
53085,124166
53085,24021
53085,90829
53085,419
53085,58136
53085,31359
53085,85065
53085,137514
53085,89951
53085,66506
53085,84526
53085,125053
53085,65100
53085,91084
53085,119127
53085,80869
53085,79953
53085,136025
53085,121975
53085,111508
53085,18085
53085,55073
53085,98359
53085,97668
53085,225
53085,93384
53085,92403
53085,1535
53085,117012
53085,109594
53085,98557
53085,130532
53086,81787
53086,15640
53086,77254
53086,125261
53086,80336
53086,12870
53086,139193
53086,51883
53086,37820
53086,49855
53086,10827
53086,43888
53086,63965
53086,6642
53086,68364
53086,86248
53086,122002
53086,108197
53086,19413
53086,91667
53086,46317
53086,86654
53086,21167
53086,16246
53086,123391
53086,86079
53086,7060
53087,112140
53087,83755
53087,66827
53087,3629
53087,105045
53087,67303
53087,48868
53087,86802
53087,115569
53087,33782
53087,49996
53087,34279
53087,38177
53087,98223
53087,135739
53087,9261
53087,66872
53087,77026
53087,112630
53087,8958
53087,63707
53088,57897
53088,3636
53088,105814
53088,132828
53088,137819
53088,124046
53088,128051
53088,106731
53088,120365
53088,106404
53088,55579
53088,21705
53088,66582
53088,100471
53089,52756
53089,10337
53089,23308
53089,124240
53089,50458
53089,96446
53089,92529
53089,52948
53089,40394
53089,99965
53089,80342
53089,126405
53089,23685
53089,12391
53089,46732
53089,17436
53089,117260
53089,9488
53089,3067
53089,30775
53089,12749
53089,42164
53089,7766
53089,99756
53089,63425
53089,62309
53090,41366
53090,100825
53090,36454
53090,2491
53090,52527
53090,16118
53090,120787
53090,97054
53090,12785
53090,28865
53090,65218
53090,42618
53090,58163
53090,30271
53090,63494
53090,26910
53090,103307
53090,22290
53090,32624
53090,126534
53090,8085
53090,39004
53090,92211
53090,109222
53090,11974
53090,72471
53090,59782
53090,93461
53090,106764
53090,8408
53090,108827
53090,71581
53090,40445
53093,102176
53093,80771
53093,50610
53093,109045
53093,17436
53093,42364
53093,60981
53093,62598
53093,132183
53093,106448
53093,31354
53093,80342
53093,3346
53093,135863
53093,4633
53093,95538
53093,126316
53093,117260
53093,105048
53093,47373
53093,38905
53093,41654
53093,115231
53093,3549
53093,126405
53093,127704
53093,18438
53093,26361
53093,7766
53093,28420
53093,119240
53093,82682
53093,46435
53095,21721
53095,136159
53095,130729
53095,53341
53095,66663
53095,125069
53095,113349
53095,48153
53095,111856
53095,24311
53095,46153
53095,30627
53095,38571
53095,56880
53095,64777
53095,11821
53095,40649
53095,94956
53095,67974
53095,19435
53095,88218
53095,95307
53095,103812
53095,118937
53095,112063
53095,18380
53095,27817
53095,893
53095,9467
53095,76656
53095,95166
53095,129440
53095,18280
53096,97513
53096,21733
53096,104276
53096,128620
53096,37256
53096,91889
53096,89617
53096,75725
53096,1731
53096,47046
53096,13417
53096,13018
53096,84102
53096,81228
53096,39723
53096,107657
53096,140251
53096,41857
53096,26268
53096,119466
53096,27610
53096,38693
53096,119894
53096,86514
53096,88199
53096,104415
53096,100716
53096,29203
53096,77650
53096,42072
53096,64349
53096,126819
53096,120985
53097,114431
53097,1915
53097,24336
53097,62364
53097,83837
53098,108186
53098,128644
53098,19083
53098,77429
53098,2348
53098,101183
53098,126688
53098,10750
53098,56466
53098,8257
53098,22216
53098,78552
53098,4345
53098,34415
53098,68140
53098,43810
53098,45289
53098,140315
53098,105181
53098,56850
53098,140318
53098,115185
53098,77491
53098,106609
53098,95991
53098,93161
53098,38616
53098,20537
53098,139192
53098,481
53098,112465
53098,7673
53101,36710
53101,137592
53101,63945
53101,65983
53101,18859
53101,12500
53101,15884
53101,119322
53101,121665
53101,108513
53101,23023
53101,134786
53101,23665
53101,99894
53101,134743
53101,135195
53102,133555
53102,19392
53102,52921
53102,36990
53102,70747
53102,798
53102,108956
53102,39623
53102,93131
53102,127697
53102,63922
53102,53003
53102,67658
53102,105932
53102,18006
53102,16463
53102,17231
53102,18961
53102,57861
53102,130440
53102,64217
53102,2214
53102,96543
53102,91270
53102,54463
53102,83757
53102,95382
53102,137015
53102,78697
53102,14923
53102,136738
53102,30374
53103,123370
53103,37128
53103,63101
53103,135704
53103,46291
53103,57130
53103,55575
53103,56720
53103,140387
53103,80529
53103,131542
53103,112751
53103,75115
53103,52445
53103,97461
53103,81774
53103,61765
53103,1037
53103,98033
53103,26854
53103,95053
53103,25602
53103,80885
53103,9584
53103,98217
53103,85765
53103,136324
53103,140604
53104,419
53104,31359
53104,124166
53104,125053
53104,137514
53104,79068
53104,53547
53104,69489
53104,67376
53104,95369
53104,46505
53104,126732
53104,56064
53104,1535
53104,66506
53104,136025
53104,84526
53104,59081
53104,99430
53104,67569
53104,98106
53104,128836
53104,19743
53104,18635
53104,98457
53104,39748
53104,115213
53104,103353
53104,81465
53104,4256
53104,62168
53104,77465
53105,39993
53105,130729
53105,83045
53105,110813
53105,11622
53105,139893
53105,85567
53105,109185
53105,97099
53105,118104
53105,83806
53105,127808
53105,89119
53105,81172
53105,11826
53105,65984
53105,56063
53105,49152
53105,46162
53105,83430
53106,35598
53106,46177
53106,136167
53106,6050
53106,27278
53106,9224
53106,38774
53106,129480
53106,81017
53106,89896
53106,30474
53106,102463
53106,33733
53106,50772
53106,64559
53106,116882
53106,17874
53106,86765
53106,5504
53106,11772
53106,131272
53106,125774
53106,122054
53106,119731
53106,53717
53106,69120
53106,20878
53106,92196
53106,107704
53106,134676
53106,130354
53106,86120
53106,106860
53107,58337
53107,85457
53107,90522
53107,36430
53107,19509
53107,110811
53107,107347
53107,82953
53107,30225
53107,1442
53107,56159
53107,66701
53107,59075
53107,137569
53107,115600
53107,757
53107,99957
53107,64001
53107,155
53107,122775
53107,121743
53107,34487
53107,69422
53108,119246
53108,1940
53108,140351
53108,91438
53108,12421
53108,126712
53108,40958
53108,100363
53108,1407
53108,52929
53108,21837
53108,63035
53108,100843
53108,13241
53108,17816
53108,61740
53108,62834
53108,10804
53108,54355
53108,58293
53108,15670
53108,41882
53108,130373
53108,86100
53108,37032
53108,28125
53108,18183
53108,118848
53108,120332
53108,115236
53108,80443
53108,124678
53108,5175
53109,25583
53109,71183
53109,19953
53109,48593
53109,45402
53109,58547
53109,39851
53109,32213
53109,29625
53109,6727
53109,82627
53109,5023
53109,50724
53109,51421
53109,84012
53109,86418
53109,75371
53109,126418
53109,24650
53109,57852
53109,67987
53109,89613
53109,100631
53109,39160
53109,58039
53109,105389
53109,106976
53109,4480
53109,131559
53111,11050
53111,61015
53111,63412
53111,88386
53111,50864
53111,60046
53111,52796
53111,72057
53111,81762
53111,92078
53111,122466
53111,120602
53111,99593
53111,78407
53111,65974
53111,90086
53111,28980
53111,66337
53111,130073
53111,3712
53111,37182
53111,1249
53111,42499
53111,32737
53111,98998
53111,54601
53111,37742
53111,105617
53111,18107
53111,123948
53111,7941
53111,100312
53112,62806
53112,1572
53112,18663
53112,76447
53112,76213
53112,97917
53112,66985
53112,90196
53112,68277
53112,83609
53112,131682
53112,35521
53112,62905
53112,123504
53112,64820
53112,119061
53112,116525
53112,27958
53112,80839
53112,133982
53112,47056
53112,64313
53112,101730
53112,107827
53112,32253
53112,67878
53112,56263
53112,107790
53112,97739
53112,46246
53112,85609
53113,13674
53113,28495
53113,76443
53113,45896
53113,118800
53113,69514
53113,42265
53113,42693
53113,61695
53113,67161
53113,59098
53113,121785
53113,34578
53113,22471
53113,132817
53113,134686
53113,11948
53113,70683
53113,100081
53113,39355
53113,21443
53113,74882
53113,32114
53113,88778
53113,47556
53113,10418
53113,5961
53113,127861
53113,81720
53113,68601
53113,108213
53113,68206
53113,560
53114,3599
53114,37823
53114,33233
53114,63132
53114,93276
53114,66541
53114,101865
53114,119042
53114,57428
53114,64336
53114,50184
53114,130558
53114,112060
53115,499
53115,86511
53115,123354
53115,107249
53115,26419
53115,71652
53115,133523
53115,32975
53115,33663
53115,97603
53115,9832
53115,82662
53115,65587
53115,108508
53115,11306
53115,102943
53115,104198
53115,68293
53115,52936
53115,37700
53115,95958
53115,132136
53115,86224
53115,21838
53115,67601
53115,88596
53115,101656
53115,90741
53115,93401
53115,78998
53115,21702
53115,138291
53116,87015
53116,139880
53116,123667
53116,79782
53116,54876
53116,132525
53116,122586
53116,118393
53116,65991
53116,109085
53116,94389
53116,115123
53116,65797
53116,51322
53116,23135
53116,17412
53116,67755
53116,121224
53116,47170
53116,26916
53116,132115
53116,71069
53116,33525
53116,122762
53116,14600
53116,25183
53116,18575
53116,66347
53116,137950
53116,80607
53116,43913
53118,24526
53118,38443
53118,86294
53118,69993
53118,102705
53118,100969
53118,28364
53118,122888
53118,27675
53118,123340
53118,74499
53118,5440
53118,112139
53118,93949
53118,136184
53118,134563
53118,124104
53118,78267
53118,80764
53118,19470
53118,20499
53118,6492
53118,27014
53118,95615
53118,83769
53118,47116
53118,8946
53118,78768
53118,33980
53118,121782
53118,75743
53118,108838
53121,11664
53121,139309
53121,71174
53121,139524
53121,136021
53121,39160
53121,104679
53121,120255
53121,52324
53121,128044
53121,34113
53121,114285
53121,92334
53121,24650
53121,75371
53121,87383
53121,84012
53121,59165
53121,98428
53121,4468
53121,101604
53121,35044
53121,119158
53121,105746
53121,41081
53121,79979
53121,100631
53121,55092
53121,27192
53121,24546
53121,43964
53121,94239
53124,34635
53124,21731
53124,53695
53124,46056
53124,44306
53124,49368
53124,94956
53124,107316
53124,17213
53124,25874
53124,38444
53124,117667
53124,126571
53124,14389
53124,40974
53124,67974
53124,43241
53124,1277
53124,83026
53124,130018
53124,38795
53124,29286
53124,115770
53124,117463
53124,140130
53124,16866
53124,127482
53124,18380
53124,103937
53124,70568
53124,32565
53124,32243
53125,18969
53125,79642
53125,98224
53125,133278
53125,56584
53125,103267
53125,95548
53125,1178
53125,14671
53125,100766
53125,124356
53125,93038
53125,102595
53125,92533
53125,23967
53125,95236
53125,34988
53125,67075
53125,72468
53125,51523
53125,91160
53125,112484
53125,120486
53125,135390
53125,13056
53125,19102
53125,111081
53125,64297
53125,50694
53125,22851
53125,89804
53125,73211
53125,53836
53134,109322
53134,140106
53134,86031
53134,130957
53134,24810
53134,116677
53134,75052
53134,77824
53134,116083
53134,47404
53134,134651
53134,16008
53134,47633
53134,32359
53134,30541
53134,76131
53134,122336
53134,60869
53134,54711
53134,100346
53134,42776
53134,33602
53134,108846
53134,106703
53134,134645
53134,130162
53134,75353
53134,71014
53136,39639
53136,54048
53136,77286
53136,24287
53136,95098
53136,59837
53136,2859
53136,40666
53136,57843
53136,80898
53136,33839
53136,60000
53136,139007
53136,137928
53136,84407
53136,30414
53136,97016
53136,60600
53136,24757
53136,23464
53136,22031
53136,40226
53136,58775
53136,103854
53136,36763
53136,46409
53136,112695
53137,66312
53137,64697
53137,89678
53137,91031
53137,97315
53137,92322
53137,44592
53137,29336
53137,129818
53137,50605
53137,18166
53137,4175
53137,115482
53137,99134
53137,51159
53137,62451
53137,43983
53137,55875
53137,44900
53137,101473
53137,114707
53137,25270
53137,67469
53137,57972
53137,13732
53137,52535
53137,32644
53137,96331
53137,104653
53137,96626
53137,106339
53137,103852
53137,58842
53138,81188
53138,80693
53138,26142
53138,32494
53138,54956
53138,56445
53138,97860
53138,103002
53138,108229
53138,125509
53138,129101
53138,123296
53138,139005
53139,31513
53139,131973
53139,2074
53139,23907
53139,118590
53139,40514
53139,132658
53139,117216
53139,136511
53139,54362
53139,10357
53139,69884
53139,61597
53139,70394
53139,40925
53139,139769
53139,84796
53139,24066
53139,20834
53139,23169
53139,16589
53139,55596
53140,100633
53140,90472
53140,9264
53140,86335
53140,18177
53140,7114
53140,63909
53140,42306
53140,86149
53140,33657
53140,28207
53140,83442
53140,114024
53140,100024
53140,14551
53140,56079
53140,128357
53140,27589
53140,117026
53140,62307
53140,112805
53140,105005
53140,72838
53140,127694
53140,7088
53140,87816
53141,93631
53141,64184
53141,73669
53141,48741
53141,80253
53141,96912
53141,7513
53141,136567
53141,26097
53141,2473
53141,55892
53141,97502
53141,95323
53142,78747
53142,20395
53142,60498
53142,51903
53142,2313
53142,123068
53142,74749
53142,94029
53142,71509
53142,91192
53142,42820
53142,2388
53142,83355
53146,98528
53146,45203
53146,46833
53146,60366
53146,125758
53146,103649
53146,136674
53146,39017
53146,7012
53146,101475
53146,109119
53146,118807
53146,137482
53146,8753
53148,23911
53148,32325
53148,61559
53148,117609
53148,122904
53148,70707
53148,98999
53149,63604
53149,2906
53149,37063
53149,87490
53149,120248
53149,41400
53149,101982
53149,107028
53149,86989
53149,80579
53149,96112
53149,84341
53149,7895
53149,35010
53149,23358
53149,98719
53149,128155
53149,14024
53149,88616
53149,24984
53149,33067
53149,109877
53149,32431
53149,75795
53149,99270
53149,125822
53149,38064
53149,72826
53149,19150
53149,42171
53149,128834
53149,71987
53149,31962
53154,7990
53154,118984
53154,23790
53154,129581
53154,127027
53154,35701
53154,68944
53154,128820
53154,131138
53154,21272
53154,11693
53154,128197
53154,4803
53154,827
53154,29289
53154,116463
53154,22724
53156,19485
53156,80790
53156,134529
53156,113278
53156,135913
53156,131972
53156,74846
53156,111373
53156,75039
53156,75358
53156,64533
53156,1486
53156,114014
53156,97898
53156,134667
53156,139559
53156,129662
53156,53551
53156,47668
53156,19369
53159,9608
53159,44323
53159,2501
53159,18142
53159,124831
53160,5778
53160,138661
53160,7641
53160,30203
53160,13334
53160,128793
53160,30033
53160,135628
53160,106345
53161,90424
53161,74598
53161,125914
53161,61986
53161,140472
53161,136797
53161,139470
53161,7405
53161,100944
53161,9268
53161,42244
53161,43709
53161,121348
53161,89820
53161,4690
53161,48740
53161,124624
53161,104619
53161,8325
53161,66752
53161,78496
53161,40391
53162,29396
53162,89912
53162,132134
53162,52469
53162,47686
53162,21220
53162,56541
53162,63491
53163,25467
53163,33168
53163,134417
53163,13443
53163,120144
53163,54937
53163,120665
53163,37283
53163,105559
53163,99484
53163,9812
53163,63145
53163,103860
53163,131110
53163,38484
53163,12579
53163,134966
53163,107785
53163,98770
53163,52784
53163,51979
53163,1085
53163,72597
53163,12341
53163,79221
53163,61934
53163,69615
53163,60008
53163,87215
53163,1140
53163,29811
53163,15251
53163,28181
53163,5543
53164,102917
53164,68941
53164,122416
53164,79603
53164,138786
53164,1523
53164,11986
53164,61991
53164,46002
53164,1517
53164,71140
53164,70490
53164,109181
53164,51993
53166,16239
53166,51029
53166,83472
53166,61462
53166,42586
53166,33166
53166,113622
53166,24397
53166,55381
53166,66876
53166,12214
53166,27318
53166,101312
53166,46400
53166,43720
53166,19187
53166,3661
53166,124543
53166,57166
53166,91781
53166,21716
53166,75393
53166,101515
53166,60490
53166,106489
53166,21960
53166,64381
53166,68615
53166,87996
53166,77294
53166,1660
53166,99816
53169,65984
53169,125069
53169,22824
53169,75491
53169,83045
53169,137826
53169,85742
53169,46162
53169,110813
53169,11826
53169,85567
53169,109185
53169,83806
53169,97099
53169,89991
53169,56063
53169,130729
53169,64344
53169,39993
53169,127808
53169,83430
53169,139893
53169,89119
53169,3625
53169,71258
53169,56472
53169,17817
53169,129278
53169,116696
53169,49152
53169,134162
53169,37581
53172,78952
53172,55551
53172,119030
53172,43696
53172,123180
53172,127531
53172,44540
53172,121993
53172,120827
53172,58271
53172,113536
53172,104051
53172,15363
53172,86327
53172,120875
53172,137526
53172,25145
53172,130770
53172,137359
53172,76250
53172,111803
53172,107528
53172,135613
53172,69182
53172,11591
53172,43255
53172,117857
53172,121299
53172,118696
53172,23826
53173,132744
53173,9027
53173,9813
53173,123699
53173,111830
53173,10895
53173,53602
53173,96994
53173,45360
53173,19675
53173,15030
53173,27842
53173,100503
53173,105382
53173,134189
53173,73082
53173,77643
53173,88008
53173,129467
53173,25464
53173,78324
53173,45552
53173,27982
53173,100304
53173,56761
53173,72122
53173,9128
53174,119817
53174,55224
53174,37117
53174,48645
53174,46981
53174,85975
53174,23421
53175,65418
53175,51849
53175,138559
53175,42087
53175,96371
53175,60832
53175,100163
53175,126951
53175,61330
53175,71504
53175,62301
53175,40083
53175,87760
53175,70273
53175,19538
53175,129983
53175,96329
53175,125042
53175,128866
53175,139809
53175,76130
53175,120352
53175,22019
53175,116308
53175,121156
53175,11683
53175,114250
53175,107871
53175,55286
53176,86704
53176,85430
53176,24519
53176,80034
53176,77504
53176,57648
53176,116211
53176,59098
53176,116176
53176,83134
53176,124191
53176,86928
53176,50215
53176,140120
53176,13499
53176,106222
53176,110786
53176,13234
53176,11948
53176,100238
53176,134823
53176,13674
53176,14352
53176,65860
53176,28694
53176,131363
53176,25036
53176,69514
53176,81451
53176,105476
53176,62167
53176,106070
53178,36087
53178,113573
53178,28410
53178,82676
53178,8146
53178,20667
53178,42369
53178,59318
53178,56395
53178,77995
53178,94306
53178,89441
53178,114705
53178,99897
53178,110292
53178,116984
53178,83429
53178,134971
53178,51556
53178,29007
53178,123077
53178,111045
53178,102029
53178,94189
53178,56538
53178,854
53178,129882
53178,27948
53178,116177
53178,89313
53178,79375
53179,6559
53179,136645
53179,27853
53179,113005
53179,106225
53179,115599
53179,40395
53179,119577
53179,139718
53179,24560
53179,131346
53179,122935
53179,70282
53183,62463
53183,36546
53183,102608
53183,452
53183,71370
53183,108363
53183,119663
53183,66503
53183,124158
53183,58934
53183,123825
53183,15746
53183,43094
53183,62899
53183,79069
53183,60186
53183,129885
53183,94075
53183,98608
53183,79933
53183,111178
53183,2198
53183,70419
53183,85207
53183,117853
53183,27391
53183,44256
53183,8308
53183,42703
53183,56084
53183,37720
53188,41278
53188,126657
53188,126719
53188,37346
53188,10746
53188,71376
53188,23212
53188,106262
53188,45080
53188,139197
53188,43010
53188,35264
53188,33590
53188,86639
53188,125311
53188,114304
53188,64762
53188,77935
53188,139366
53188,138600
53188,6439
53188,69261
53188,78838
53188,7527
53188,38725
53188,7880
53188,74754
53188,129968
53190,74036
53190,95588
53190,46994
53190,100864
53190,15660
53190,48318
53190,121295
53190,107429
53190,137185
53190,134221
53190,111033
53190,35083
53190,120345
53190,113367
53190,129374
53190,113365
53190,135871
53190,94734
53190,4500
53190,51603
53190,14349
53190,111014
53190,27481
53190,41220
53190,109817
53191,68488
53191,112281
53191,12865
53191,89626
53191,66505
53191,25536
53191,95082
53191,82144
53191,112915
53191,22051
53191,129711
53191,133518
53191,73661
53191,16190
53191,49319
53191,50692
53191,9057
53191,105164
53191,46079
53191,52262
53191,90647
53191,113460
53191,70030
53191,81755
53191,27044
53191,28726
53191,67551
53191,44747
53191,64432
53191,78954
53191,19674
53191,14322
53191,13220
53192,91475
53192,63691
53192,35853
53192,64629
53192,66163
53192,89857
53192,87591
53192,113665
53192,2768
53192,82829
53192,83978
53192,16839
53192,15980
53192,78050
53192,58878
53192,46289
53192,52996
53192,90645
53192,117308
53192,67840
53192,93626
53192,97908
53192,131036
53192,95336
53192,138230
53192,43123
53192,51103
53192,76035
53192,82152
53192,119333
53192,103568
53192,119019
53195,57997
53195,115779
53195,43241
53195,79775
53195,40974
53195,31750
53195,59779
53195,127482
53195,35245
53195,119952
53195,70568
53195,19731
53195,48090
53195,114230
53195,52838
53195,23697
53195,11066
53195,32243
53195,117976
53195,121071
53195,88345
53195,55688
53195,56417
53195,12875
53195,52681
53195,32565
53195,117667
53195,16020
53195,4610
53195,103937
53195,12248
53195,72684
53195,9253
53196,101287
53196,4204
53196,12247
53196,105227
53196,4548
53196,96000
53196,18977
53196,58155
53196,5307
53196,60164
53196,105907
53196,131860
53196,89917
53196,4851
53197,40243
53197,33692
53197,130633
53197,75733
53197,5922
53197,6334
53199,45166
53199,60503
53199,50123
53199,97445
53199,74647
53199,76295
53199,14834
53199,1151
53199,33214
53199,117046
53199,36352
53199,133514
53199,97630
53199,134458
53199,32009
53199,32379
53199,133849
53199,109041
53199,18216
53199,41541
53199,76385
53199,2657
53199,41873
53199,1719
53199,112527
53199,15938
53199,66224
53199,93659
53199,63047
53202,108356
53202,511
53202,39317
53202,59299
53202,74761
53202,93724
53202,30346
53202,2825
53202,52850
53202,63881
53203,45298
53203,48634
53203,59450
53203,45121
53203,123950
53203,106950
53203,46916
53203,134827
53203,39202
53203,58757
53203,98186
53204,15692
53204,80543
53204,72325
53204,40268
53204,82715
53204,107766
53204,6830
53204,99110
53204,30245
53204,47222
53204,103019
53204,62387
53204,124420
53204,82749
53204,60064
53204,11589
53204,129277
53204,54959
53208,51876
53208,61488
53208,116398
53208,134609
53208,134685
53208,6838
53208,3518
53208,28238
53208,38363
53208,80393
53208,94534
53208,110263
53208,68420
53208,49656
53208,134154
53208,125083
53208,126968
53208,68777
53208,133661
53208,71026
53208,66253
53208,57952
53208,138106
53208,16131
53208,35225
53208,22066
53209,57395
53209,80239
53209,5916
53209,18726
53209,105148
53209,107657
53209,140695
53209,38693
53209,95120
53209,108959
53209,17537
53209,70567
53209,13417
53209,86672
53209,130148
53209,71305
53209,100716
53209,62215
53209,40326
53209,63371
53209,76655
53210,54310
53210,119027
53210,6767
53210,28612
53210,58401
53210,14532
53210,7674
53210,67125
53210,1996
53210,79714
53210,99536
53210,48248
53210,113593
53210,129010
53210,29495
53210,24890
53210,103701
53210,61402
53210,103250
53210,84594
53210,34088
53210,126263
53211,6962
53211,113481
53211,13347
53211,133212
53211,11496
53211,17319
53211,137868
53211,44372
53211,84766
53211,137332
53211,133878
53211,69822
53211,74924
53211,3273
53211,122427
53211,82514
53211,133841
53211,78976
53211,110504
53211,123473
53211,52375
53211,97345
53211,45462
53211,104112
53211,84306
53211,33682
53211,87474
53211,88614
53211,137251
53211,42406
53211,880
53212,78561
53212,23872
53212,125892
53212,137919
53212,105999
53212,2427
53212,26538
53212,84517
53212,20837
53212,30121
53212,127066
53212,59113
53212,53901
53212,45328
53212,115498
53212,123220
53212,95730
53212,110578
53212,102583
53212,92835
53212,104092
53212,34762
53212,86955
53214,39841
53214,104795
53214,48779
53214,126062
53214,76068
53214,71107
53214,20917
53214,112648
53214,120048
53214,111065
53214,74702
53214,117062
53214,5214
53214,100611
53214,87436
53214,27794
53214,124348
53214,28065
53214,28014
53214,74746
53214,23573
53214,137687
53214,115648
53214,9691
53214,19468
53214,19455
53214,30576
53217,88685
53217,67622
53217,34229
53217,71228
53217,108022
53217,37215
53217,58401
53217,29495
53217,93867
53217,96674
53217,6225
53217,89375
53217,35574
53217,125300
53217,48248
53217,71951
53217,20383
53217,16984
53217,38976
53217,32232
53217,43195
53217,102266
53217,130919
53217,48069
53217,125232
53219,75200
53219,111387
53219,82974
53219,68141
53219,94048
53219,99429
53219,96130
53219,84417
53219,3987
53219,38516
53219,102146
53219,56074
53219,82798
53219,129250
53219,112151
53219,104608
53219,30857
53219,44264
53219,82376
53219,12383
53219,51918
53219,63959
53219,73011
53219,129565
53219,83631
53219,51579
53219,61199
53219,25990
53219,18738
53219,67882
53219,136909
53219,72119
53219,107801
53220,138741
53220,98367
53220,30113
53220,59777
53220,127784
53220,49242
53220,81004
53220,135919
53220,72982
53220,63458
53220,130923
53220,8865
53220,73597
53220,80830
53220,85177
53220,82041
53220,47221
53220,11908
53220,80963
53220,17057
53220,93525
53220,108865
53220,114956
53220,19536
53222,59663
53222,41392
53222,60599
53222,63495
53222,116621
53222,103749
53222,48548
53222,26511
53222,39027
53222,16359
53222,67013
53222,89600
53222,132811
53222,108840
53222,67122
53222,16418
53222,11603
53222,138937
53223,39859
53223,121481
53223,140195
53223,116092
53223,139645
53223,79392
53223,16696
53223,11612
53223,31852
53223,70370
53223,63253
53223,89299
53223,15454
53223,82411
53223,56188
53223,85112
53223,128579
53223,99085
53223,35580
53223,24143
53223,126957
53223,53912
53224,66381
53224,113155
53224,134268
53224,30580
53224,128473
53224,120031
53224,135707
53224,137640
53224,129260
53224,95170
53224,10233
53225,47056
53225,123504
53225,70718
53225,90196
53225,56263
53225,53725
53225,67878
53225,75078
53225,83609
53225,52206
53225,26095
53226,76103
53226,8120
53226,112173
53226,90643
53226,58634
53226,52545
53226,38295
53226,64335
53226,74256
53226,97410
53226,39039
53226,136410
53226,108843
53226,29595
53226,112740
53226,110234
53226,39736
53226,20843
53226,106751
53226,103127
53226,113098
53226,55479
53226,56017
53226,74548
53226,71651
53226,136331
53226,53664
53226,139845
53226,65391
53226,59426
53226,110171
53226,87480
53226,12221
53228,93970
53228,94534
53228,43535
53228,121089
53228,125217
53228,128101
53228,127201
53228,29115
53228,16121
53228,32521
53228,18110
53228,140559
53228,10860
53228,54141
53228,11800
53228,10687
53228,38021
53228,11032
53228,6973
53228,86042
53228,97697
53228,89203
53228,35720
53228,22066
53228,108046
53228,110212
53228,49995
53228,9972
53228,51545
53228,47288
53228,115022
53230,31091
53230,18680
53230,77827
53230,139034
53230,23462
53230,7170
53230,99449
53230,40160
53230,25353
53230,110154
53230,132463
53230,32511
53230,78635
53230,27865
53230,111888
53230,40557
53230,128407
53230,131241
53230,111504
53230,104830
53230,95358
53230,5489
53230,119665
53230,96963
53230,70941
53230,55640
53230,4341
53231,35556
53231,123055
53231,23982
53231,50303
53231,100267
53231,109770
53231,116668
53231,138447
53231,43978
53231,2336
53231,104927
53231,136658
53233,39982
53233,64854
53233,95792
53233,83704
53233,119966
53233,18742
53233,37323
53233,114181
53233,67345
53233,112569
53233,138077
53233,118753
53233,56803
53233,94207
53233,119785
53233,73815
53233,67552
53233,29754
53233,44562
53233,100893
53233,68749
53233,4398
53233,56190
53233,15988
53233,33765
53233,67740
53233,114104
53233,102352
53233,77604
53233,72174
53233,54468
53233,34758
53235,92780
53235,51665
53235,58295
53235,133520
53235,89730
53235,59139
53235,38953
53235,63515
53235,108531
53235,119902
53235,86158
53235,96413
53235,56884
53235,136712
53235,2196
53235,27347
53235,120620
53235,4098
53235,105908
53235,90365
53235,47378
53235,19303
53235,12862
53235,30063
53235,43610
53235,103741
53235,123662
53235,19961
53235,24632
53235,15066
53235,134791
53236,135622
53236,111558
53236,136836
53236,138969
53236,74007
53236,86402
53236,16285
53236,46374
53236,46897
53236,15926
53236,78447
53236,133374
53236,134202
53236,97676
53236,107115
53236,14856
53236,110196
53236,113342
53236,115934
53236,21032
53236,74143
53236,3256
53236,83752
53236,81927
53236,111396
53236,23019
53236,12190
53236,67309
53236,62033
53238,21001
53238,129654
53238,73208
53238,82656
53238,33721
53239,106230
53239,48004
53239,62031
53239,79106
53239,3775
53239,124778
53239,14024
53239,63604
53239,99314
53239,54359
53239,33509
53239,22988
53239,61586
53239,67025
53239,75795
53239,7895
53239,109
53239,126789
53239,69171
53239,1211
53239,74085
53239,78642
53239,123584
53239,128155
53239,88616
53239,33067
53239,24984
53239,122248
53239,123201
53239,11631
53239,19875
53239,20317
53239,128834
53239,31962
53240,58664
53240,17560
53240,48253
53240,106972
53240,12745
53240,126593
53240,131475
53240,67871
53240,57835
53240,46815
53243,70201
53243,66918
53243,80733
53243,18649
53243,116681
53243,57302
53243,60716
53243,16594
53243,40966
53243,72846
53243,120003
53243,120059
53243,116203
53243,102400
53243,6042
53243,12384
53243,121393
53243,85489
53243,28977
53243,8192
53243,116232
53243,66942
53243,93399
53243,16446
53243,9616
53243,75952
53243,42958
53243,103645
53243,60610
53243,10168
53243,30660
53243,69194
53246,74669
53246,78231
53246,126965
53246,112745
53246,23981
53246,84413
53246,132212
53246,31995
53246,54184
53246,104541
53246,44919
53246,44067
53246,12758
53246,16522
53246,73410
53246,30704
53246,39296
53246,128913
53246,133179
53246,98839
53246,57501
53246,92564
53247,125654
53247,47337
53247,76941
53247,133932
53247,60646
53247,112674
53247,34416
53247,124732
53247,127198
53247,77901
53249,120144
53249,52784
53249,1085
53249,51979
53249,33168
53249,87215
53249,13443
53249,9812
53249,63145
53249,12579
53249,40294
53249,103860
53249,106845
53249,38484
53249,51885
53249,117439
53249,74221
53250,131410
53250,105570
53250,74827
53250,5866
53250,107175
53250,76087
53250,47130
53250,97491
53250,20618
53250,88502
53250,21653
53250,125623
53250,127741
53250,43948
53250,113586
53250,46883
53250,55871
53250,108658
53250,133165
53250,92749
53250,17967
53250,117232
53250,57385
53250,133134
53250,754
53250,30078
53250,3674
53250,25831
53250,125431
53250,103037
53250,118226
53250,126157
53251,40649
53251,17170
53251,19018
53251,62328
53251,5780
53251,76777
53251,106204
53251,14147
53251,21134
53251,97305
53254,117256
53254,96273
53254,87120
53254,72700
53254,130930
53255,125744
53255,67140
53255,130468
53255,139165
53255,8134
53255,100664
53255,103908
53255,15609
53255,67619
53255,81804
53255,19807
53255,13760
53255,134845
53255,5293
53255,98347
53255,129643
53255,18410
53255,97432
53255,53266
53255,90254
53255,72508
53255,62587
53255,109612
53256,30304
53256,60050
53256,67607
53256,32516
53256,101143
53256,41151
53256,120466
53256,8150
53256,53917
53256,37731
53256,122819
53256,17054
53256,78215
53256,106919
53256,69678
53256,24960
53256,56638
53256,70938
53256,18831
53256,63285
53256,77060
53257,125654
53257,107152
53257,105016
53257,51014
53257,118440
53257,3249
53257,40554
53257,84047
53257,140147
53257,115450
53257,137425
53257,126556
53257,55622
53257,378
53257,135928
53257,118867
53257,119201
53257,105370
53257,62470
53257,3305
53257,2372
53257,133670
53257,46950
53257,53518
53257,21744
53257,134019
53257,21645
53258,24545
53258,124342
53258,21018
53258,137997
53258,37818
53258,131892
53258,104517
53258,70177
53258,90845
53258,77089
53258,116942
53258,77914
53258,114932
53258,78500
53258,134323
53258,40279
53258,59781
53258,14082
53258,134154
53258,26248
53258,49656
53258,94455
53258,46274
53258,68420
53258,60846
53258,35223
53258,29633
53258,38904
53258,38419
53258,59657
53258,54850
53259,40894
53259,38490
53259,117893
53259,72766
53259,16486
53259,57026
53259,25466
53259,126990
53259,33502
53259,99122
53259,110617
53259,22529
53259,113547
53259,127541
53259,105928
53259,128462
53259,134555
53259,21243
53259,112417
53259,88864
53259,138309
53259,109405
53259,107583
53259,52148
53259,75484
53259,108002
53259,73694
53259,122648
53259,43351
53259,35533
53259,25253
53259,102220
53259,9508
53259,73126
53260,90081
53260,107543
53260,102251
53260,74094
53260,13073
53260,118978
53260,95078
53260,47054
53260,130414
53260,58288
53260,42853
53260,11957
53260,83279
53260,16404
53260,26016
53260,33877
53260,42761
53260,11196
53260,125189
53260,113702
53260,77348
53260,120657
53260,100437
53260,135262
53260,50754
53260,55518
53260,98465
53260,88953
53260,47344
53260,45673
53260,110957
53260,81990
53260,17367
53261,106801
53261,106606
53261,2546
53261,103397
53261,114174
53261,95996
53261,9798
53261,109353
53261,130210
53261,94677
53261,73289
53261,55917
53261,40983
53261,42329
53261,73770
53261,30757
53261,80682
53261,93179
53261,139666
53261,30017
53261,139727
53261,132811
53261,74488
53261,16359
53261,108840
53261,67122
53261,104685
53261,99741
53261,16418
53261,11603
53261,138937
53261,37446
53261,138354
53262,38902
53262,108906
53262,43681
53262,56249
53262,125006
53262,1404
53262,20688
53262,31953
53262,123431
53262,93006
53262,63832
53262,35345
53262,86574
53262,92338
53262,123275
53262,37634
53262,102528
53262,116883
53262,78510
53262,54984
53262,8762
53262,37811
53262,110866
53262,119162
53262,76382
53262,25686
53262,91788
53262,21075
53262,33087
53262,76459
53262,71766
53262,97293
53262,121546
53265,58086
53265,111162
53265,98630
53265,87375
53265,62635
53265,29956
53265,9151
53265,64466
53265,88206
53265,36270
53265,25414
53265,41279
53265,139853
53265,81358
53265,38320
53265,129053
53265,99757
53265,95787
53265,53623
53265,40065
53265,75223
53265,45861
53265,88057
53265,43489
53265,32066
53265,27420
53265,37642
53265,134886
53265,67950
53265,58300
53265,123823
53265,128593
53265,138297
53266,103345
53266,48167
53266,50608
53266,87756
53266,66204
53266,84269
53266,94330
53266,99656
53266,38828
53266,14496
53266,99788
53266,112510
53266,117915
53266,87588
53266,78794
53266,125136
53266,7182
53266,70493
53266,35821
53266,71234
53266,46206
53266,101170
53266,67098
53266,77326
53266,6099
53266,36675
53266,74640
53267,102540
53267,25242
53267,83902
53267,43047
53267,17318
53267,28436
53267,47009
53267,9414
53267,50392
53267,132480
53267,15823
53267,106463
53267,120378
53267,112098
53267,71830
53267,73237
53267,83180
53267,11397
53267,72504
53267,39146
53267,125751
53267,8802
53267,106228
53267,37972
53267,51584
53269,91060
53269,81530
53269,109162
53269,25346
53269,38378
53269,18371
53269,103661
53269,69129
53269,99094
53269,97363
53269,96255
53269,140144
53269,66591
53269,64938
53269,72336
53269,5832
53269,21984
53269,127494
53269,64753
53269,4747
53269,59525
53270,93102
53270,59002
53270,118231
53270,89855
53270,58670
53270,78718
53270,51303
53270,130232
53270,49533
53270,105543
53270,37612
53270,75526
53270,29829
53270,67165
53270,114490
53270,115281
53270,136045
53270,49467
53270,105986
53270,117845
53270,110438
53270,134158
53270,85242
53270,109705
53270,106720
53270,99625
53270,133007
53270,79888
53270,88075
53270,45134
53271,30880
53271,23661
53271,12899
53271,13483
53271,46393
53271,5267
53271,51616
53271,125261
53271,154
53271,43028
53271,113169
53271,59024
53271,13010
53271,106384
53271,91330
53271,19413
53271,101135
53271,102345
53271,125641
53271,134459
53271,121208
53271,85147
53271,90083
53271,29049
53271,18306
53271,119669
53271,140396
53271,10642
53271,86079
53271,122002
53273,20332
53273,116374
53273,88275
53273,94420
53273,39631
53273,52301
53273,127873
53273,7400
53273,137583
53273,113988
53273,45751
53273,8597
53273,6354
53273,122022
53273,118466
53273,4879
53273,63779
53273,131268
53273,12289
53273,34658
53273,137422
53273,138071
53273,76461
53273,53630
53273,65420
53273,88540
53273,101810
53273,39044
53273,17505
53273,1148
53273,130797
53275,107320
53275,85489
53275,112489
53275,93399
53275,16594
53275,115969
53275,12384
53275,16446
53275,120059
53275,19814
53275,77007
53275,123888
53275,116203
53275,115039
53275,103645
53275,124629
53275,6042
53275,75952
53275,18649
53275,116527
53275,40966
53275,28977
53275,60610
53275,51211
53275,5589
53275,116232
53275,8192
53275,89495
53275,66942
53276,136469
53276,91601
53276,248
53276,93978
53276,140202
53276,108191
53276,9801
53276,69670
53276,58819
53276,98465
53276,97704
53276,11297
53276,60274
53276,11957
53276,57690
53276,116063
53276,27617
53276,37450
53276,102251
53276,135249
53276,17642
53276,89878
53276,88671
53276,13139
53276,41484
53276,28414
53276,125343
53276,132045
53276,12346
53276,108094
53276,40412
53276,78841
53277,47341
53277,97273
53277,15844
53277,72959
53277,91068
53277,10355
53277,58328
53277,65693
53277,71121
53277,25939
53277,81850
53277,103090
53277,126993
53277,122981
53277,75830
53277,2203
53277,76663
53277,11016
53277,23994
53277,109589
53277,58408
53277,106673
53277,37
53277,110618
53277,49975
53277,29573
53277,73935
53281,32528
53281,67113
53281,18678
53281,20091
53281,29252
53281,132156
53281,43574
53281,82823
53281,44697
53281,137224
53281,121489
53281,16409
53281,131300
53281,69400
53281,102750
53281,108281
53281,88838
53281,111003
53281,16151
53281,89706
53281,98313
53281,127045
53281,25678
53281,38388
53281,117816
53281,134511
53281,42065
53282,61529
53282,8962
53282,130807
53282,138450
53282,118641
53282,126665
53282,25416
53282,138600
53282,7880
53282,128615
53282,46809
53282,80475
53282,38291
53282,65804
53282,76379
53282,48671
53282,25070
53282,135499
53282,69261
53282,44923
53282,74754
53282,84122
53282,31169
53282,30950
53282,13603
53282,107322
53282,60084
53282,77935
53282,62400
53282,108824
53282,43010
53282,78838
53285,9677
53285,126234
53285,71045
53285,44376
53285,47017
53285,128472
53285,68667
53285,73117
53285,91753
53285,12173
53285,60230
53285,138199
53285,22583
53285,103182
53285,129713
53285,50237
53285,111938
53285,95400
53285,74941
53285,84227
53286,91702
53286,29906
53286,17948
53286,116740
53286,48142
53286,107465
53286,91071
53286,56786
53286,43852
53286,89253
53286,77814
53286,126845
53286,116673
53286,40422
53286,30479
53286,117651
53286,7568
53286,138749
53286,6934
53286,67711
53286,10207
53286,97479
53286,62541
53286,11574
53286,122770
53286,8095
53286,53069
53287,135176
53287,46981
53287,16651
53287,7516
53287,26418
53287,8536
53287,85975
53287,98259
53287,119817
53287,136494
53287,23421
53287,69291
53287,7354
53287,37117
53287,2040
53287,75969
53287,133815
53287,40901
53287,27992
53287,104781
53289,94241
53289,138973
53289,100080
53289,64017
53289,54739
53289,135946
53289,7127
53289,110915
53289,25027
53289,37339
53289,115994
53289,68372
53289,119002
53289,68038
53289,94850
53289,89202
53289,62868
53289,133846
53289,44213
53289,42207
53289,15064
53289,53443
53289,59204
53289,38769
53289,54795
53289,69149
53289,105745
53289,50366
53289,10494
53289,7149
53289,30313
53289,69638
53290,19235
53290,27928
53290,127443
53290,54876
53290,17793
53290,30803
53290,101134
53290,128978
53290,118393
53290,88921
53290,66347
53290,121224
53290,14600
53290,67755
53290,23135
53290,65797
53290,115123
53290,100889
53290,125894
53290,94389
53290,43913
53290,42663
53290,77526
53291,31570
53291,38782
53291,63135
53291,30759
53291,118893
53291,34057
53291,1003
53291,124731
53291,3223
53291,68098
53291,68736
53291,12169
53291,5896
53291,98207
53291,27088
53291,28215
53291,129825
53291,46963
53291,94082
53291,9997
53291,2144
53291,88919
53291,48323
53291,26916
53291,75937
53295,23090
53295,115950
53295,87853
53295,83122
53295,122542
53295,110630
53295,1453
53295,88337
53295,88792
53295,83886
53295,111216
53295,126757
53295,69247
53295,1193
53295,100772
53295,48279
53295,31784
53295,50953
53295,45272
53295,41747
53295,93003
53295,112728
53295,66612
53295,130228
53295,34828
53295,112523
53295,118553
53295,12810
53295,134319
53295,109951
53295,95359
53297,48186
53297,19138
53297,108968
53297,79424
53297,2576
53297,73852
53297,98130
53297,119470
53297,121229
53297,125608
53297,69543
53297,41378
53297,100749
53297,101103
53297,72324
53297,130915
53297,95792
53297,34485
53297,91708
53297,48929
53297,56362
53297,63084
53297,1910
53297,18870
53297,4547
53297,76014
53297,41741
53297,107639
53297,81040
53297,39365
53297,122924
53297,101066
53298,55551
53298,136739
53298,10454
53298,78952
53298,51436
53298,74205
53298,68622
53298,123180
53298,121993
53298,75675
53298,54628
53298,113536
53298,73899
53298,45963
53298,137526
53298,137657
53298,4560
53298,44490
53298,62435
53298,107829
53298,74454
53298,121104
53298,54357
53298,21572
53298,110886
53298,137359
53298,9778
53298,44678
53298,45179
53298,44409
53298,99381
53298,130943
53298,119629
53300,27788
53300,118188
53300,97937
53300,96426
53300,119653
53300,4106
53300,4435
53300,49601
53300,105336
53300,123706
53301,103060
53301,66965
53301,67965
53301,88559
53301,4030
53301,34733
53301,6369
53301,101377
53301,43646
53303,79762
53303,126139
53303,102257
53303,53429
53303,18389
53303,46475
53303,74015
53303,70278
53303,19700
53303,71254
53303,49875
53303,105809
53303,119896
53303,53829
53303,60662
53303,102211
53303,52092
53304,108592
53304,10448
53304,91358
53304,58254
53304,66188
53304,16869
53304,12094
53304,17118
53304,37347
53304,67969
53304,18477
53304,82336
53304,51395
53304,67223
53304,12249
53304,116323
53304,70415
53304,85193
53304,136622
53304,9497
53304,54755
53304,114916
53304,118460
53304,38224
53304,12487
53304,123788
53304,2176
53304,52149
53304,73558
53304,114263
53304,52040
53305,88546
53305,16242
53305,41140
53305,34646
53305,88812
53305,88634
53305,87444
53305,60595
53305,112153
53305,128504
53305,67686
53305,117995
53305,100562
53305,108353
53305,115542
53305,75163
53305,84954
53305,86994
53305,137680
53305,98072
53305,117916
53308,20096
53308,71158
53308,11218
53308,114048
53308,107185
53308,126153
53308,27626
53308,61645
53308,95662
53308,37140
53308,98955
53308,27935
53308,76587
53308,124092
53308,48356
53308,135559
53308,122483
53308,107202
53308,106950
53308,71764
53308,79070
53308,89488
53308,130716
53308,33040
53308,11112
53308,27199
53308,117285
53308,24226
53308,112430
53308,70573
53308,140264
53308,118653
53308,31709
53308,54505
53308,28531
53309,59175
53309,70960
53309,126301
53309,121991
53309,975
53309,118348
53309,85542
53309,137721
53309,127403
53309,86567
53309,97131
53309,26847
53309,43881
53309,103607
53310,69392
53310,7256
53310,25827
53310,127898
53310,44493
53310,31820
53310,124845
53310,6559
53310,9138
53310,1958
53310,115731
53310,99161
53310,76226
53310,46045
53310,96753
53310,66464
53310,125096
53310,89603
53310,124751
53310,106982
53310,41225
53310,5420
53310,39485
53310,2037
53310,52669
53310,131346
53310,139718
53310,69730
53310,109810
53310,11976
53310,8903
53310,120586
53311,70657
53311,74529
53311,94524
53311,71786
53311,134764
53311,22339
53311,75847
53311,96873
53311,20392
53311,10898
53311,10383
53311,102242
53311,108877
53311,50884
53311,101421
53311,136900
53311,2707
53311,113670
53311,59814
53311,33430
53311,108271
53311,37966
53311,70150
53311,56251
53311,13479
53311,113111
53311,87554
53311,35750
53311,75943
53311,98043
53311,49358
53312,109300
53312,138461
53312,124988
53312,129420
53312,63818
53312,39587
53312,122912
53312,91062
53312,27333
53312,65326
53312,26665
53312,77301
53312,25794
53312,136387
53312,31249
53312,90725
53312,76353
53312,5353
53312,83815
53312,61095
53312,49015
53312,43664
53312,27554
53312,48510
53312,30494
53312,11319
53312,137346
53312,122998
53312,66281
53312,122254
53312,12563
53312,118464
53313,93640
53313,54838
53313,25614
53313,25424
53313,17673
53313,36791
53313,86209
53313,61060
53313,125959
53313,76994
53313,52738
53313,103313
53313,81025
53313,27369
53313,98567
53313,11684
53313,78029
53313,24903
53313,83194
53313,7152
53313,78240
53313,56314
53313,94537
53313,119340
53313,30518
53313,78815
53313,66148
53313,32943
53313,103553
53313,53116
53313,84549
53313,43683
53313,130392
53314,25827
53314,76226
53314,44493
53314,66464
53314,31820
53314,124845
53314,86107
53314,41225
53314,99161
53314,9138
53314,21219
53314,65987
53314,33138
53314,16876
53314,8903
53314,2037
53314,124751
53314,109810
53314,78032
53314,58568
53314,52669
53314,39486
53314,120586
53314,127898
53314,131346
53314,58845
53314,121689
53314,122935
53314,73141
53314,118240
53314,128621
53314,11976
53314,11341
53319,130154
53319,83077
53319,50284
53319,109099
53319,133342
53319,24637
53319,27974
53319,122038
53319,21043
53319,17453
53319,114149
53319,69023
53319,92181
53319,58215
53319,77147
53319,7972
53319,107406
53319,42844
53319,53140
53319,12795
53319,91552
53319,95132
53319,17997
53319,38482
53319,60800
53319,114184
53319,32118
53319,43246
53319,50047
53319,99435
53319,107164
53322,33986
53322,138903
53322,5292
53322,131261
53322,123804
53322,49140
53322,5436
53322,99648
53322,18048
53322,14255
53322,103362
53322,27922
53322,8231
53322,76057
53322,57448
53322,22950
53322,129602
53322,40148
53322,137634
53322,8441
53324,83279
53324,7276
53324,33815
53324,109309
53324,38161
53324,86004
53324,43285
53324,52851
53324,75268
53324,12005
53324,100585
53324,38658
53324,90081
53324,11957
53324,131151
53324,67545
53324,32031
53324,13519
53324,42853
53324,5156
53324,74578
53324,51559
53324,56658
53324,41484
53324,39503
53324,38382
53324,38058
53324,36441
53324,32834
53324,135763
53324,83831
53324,60463
53324,77974
53324,93872
53325,32752
53325,12283
53325,60785
53325,43830
53325,114559
53325,96926
53325,83473
53325,116080
53325,47961
53325,48665
53325,14859
53325,79550
53325,18873
53325,97724
53325,59017
53325,87698
53325,134836
53325,10717
53325,80385
53325,19005
53325,111300
53325,124566
53325,130559
53325,53618
53325,100924
53325,440
53325,51731
53325,140068
53325,105410
53325,40067
53326,16675
53326,128819
53326,83674
53326,53933
53326,56612
53326,132636
53326,35468
53326,62001
53326,22145
53326,16298
53326,131745
53326,118198
53326,75720
53326,31561
53326,117634
53326,90831
53326,68954
53326,107695
53326,47356
53326,38466
53326,86742
53331,86032
53331,30304
53331,67607
53331,69678
53331,53917
53331,120466
53331,8150
53331,122819
53331,106919
53331,24960
53331,56638
53332,130799
53332,126902
53332,116580
53332,48933
53332,2371
53332,129796
53332,804
53332,77867
53332,140297
53332,77827
53332,8877
53332,65805
53332,47153
53332,73093
53332,111888
53332,117229
53332,10223
53332,129908
53332,103740
53332,82027
53332,119713
53332,104830
53332,123768
53332,112572
53332,38969
53332,94310
53332,63502
53332,32511
53332,126170
53332,29511
53333,57068
53333,47260
53333,33
53333,77168
53333,61555
53333,24713
53333,91872
53333,27756
53333,121401
53337,56775
53337,60230
53337,22583
53337,71045
53337,12173
53337,74941
53337,44376
53337,47017
53337,73117
53337,91753
53337,50237
53337,138199
53337,48396
53337,111938
53340,7522
53340,107152
53340,40554
53340,23537
53340,40861
53340,133670
53340,62470
53340,84047
53340,66995
53340,29904
53340,21744
53340,137425
53340,45930
53340,126556
53340,83389
53340,75255
53340,46950
53340,134019
53340,105370
53340,140147
53340,378
53340,72708
53340,53518
53340,118440
53340,12192
53340,86221
53340,3600
53340,41655
53340,118773
53340,13521
53340,133972
53341,135647
53341,42008
53341,80880
53341,13845
53341,78823
53341,84763
53341,33811
53341,90071
53341,71955
53341,73994
53341,114361
53341,33972
53341,1163
53341,45467
53341,30999
53341,9323
53341,123095
53341,39263
53341,85553
53341,139014
53341,43661
53341,134033
53341,71903
53341,10276
53341,62430
53341,76997
53341,84541
53341,49871
53341,86974
53341,33566
53341,58922
53341,81067
53342,11911
53342,71982
53342,4772
53342,15873
53342,37935
53342,42553
53343,22578
53343,69738
53343,132925
53343,10582
53343,34020
53343,106236
53343,21808
53343,126899
53343,63812
53343,32842
53343,60824
53343,20772
53343,139418
53343,94194
53343,139917
53343,23073
53343,112101
53343,98323
53346,14154
53346,66602
53346,41854
53346,123941
53346,95711
53346,131712
53346,121774
53346,5163
53346,109396
53346,102908
53346,128050
53346,16552
53346,116554
53346,62689
53346,81759
53346,108742
53346,38803
53346,36196
53346,65025
53346,12447
53346,50204
53346,39435
53346,37881
53346,28128
53346,128655
53346,136088
53346,55259
53346,99178
53346,28460
53346,110789
53346,19321
53346,12906
53346,96890
53347,134188
53347,65019
53347,93033
53347,103658
53347,75365
53347,91611
53347,48277
53347,138069
53347,50417
53347,118084
53347,23413
53347,109393
53347,140545
53347,68795
53347,86602
53347,116710
53347,40998
53347,59454
53347,30810
53347,12898
53347,138466
53347,27078
53347,102003
53347,65538
53347,8005
53347,84167
53347,986
53348,130753
53348,19110
53348,78598
53348,95077
53348,22326
53348,15397
53351,15859
53351,11212
53351,74027
53351,69421
53351,118522
53351,49183
53351,40698
53351,26873
53351,32926
53351,89214
53351,83718
53351,24494
53351,111974
53351,80644
53351,93744
53351,7940
53351,109948
53351,72096
53351,18703
53351,37118
53351,101498
53351,70786
53351,22267
53351,24580
53351,34042
53351,24230
53351,16645
53351,120873
53351,112013
53351,137633
53351,139943
53352,6865
53352,100608
53352,65725
53352,3365
53352,33693
53352,129823
53352,135101
53352,53018
53352,4215
53352,20236
53352,58260
53353,63881
53353,108356
53353,511
53353,39317
53353,74761
53353,93724
53353,2825
53353,52850
53354,126382
53354,6451
53354,41347
53354,42609
53354,32700
53354,6623
53354,98563
53354,59105
53354,78624
53354,47786
53354,61290
53354,103176
53354,60562
53357,59142
53357,92686
53357,38719
53357,75665
53357,126041
53357,25363
53357,133135
53357,63033
53357,120905
53357,107970
53357,114342
53357,45319
53357,45678
53357,122563
53357,54165
53357,48043
53357,99854
53357,114132
53357,47951
53357,71474
53357,49371
53357,74579
53357,94961
53357,12287
53357,106914
53357,89589
53357,140507
53357,20992
53357,34652
53358,33164
53358,90635
53358,106641
53358,84176
53358,95326
53361,48428
53361,68176
53361,59261
53361,122235
53361,22773
53361,17136
53361,110424
53361,83576
53361,57200
53361,107306
53361,124573
53361,88952
53361,45286
53361,63100
53361,89037
53361,139443
53361,131016
53361,90253
53361,118062
53361,62771
53361,13631
53361,39799
53361,82899
53361,118602
53361,115876
53361,49495
53361,78003
53361,129624
53361,96116
53361,16517
53361,93535
53361,88809
53361,42944
53363,114690
53363,94389
53363,88921
53363,25183
53363,14600
53364,131920
53364,98485
53364,136604
53364,137159
53364,89371
53366,134077
53366,118824
53366,129916
53366,89097
53366,34169
53366,77772
53366,46068
53366,86021
53366,46411
53366,91288
53366,36650
53366,113164
53366,24092
53366,82897
53366,101406
53366,125744
53366,14912
53366,5293
53366,99844
53366,100748
53366,80832
53366,106647
53366,109612
53366,114209
53366,54116
53366,90254
53366,39526
53366,30435
53367,138185
53367,96751
53367,64130
53367,85044
53367,80611
53367,68230
53367,88624
53367,24525
53367,72928
53367,136743
53367,31286
53367,15930
53367,132562
53367,31059
53367,2543
53367,10900
53367,55467
53367,14198
53367,6100
53367,125168
53367,59632
53369,103619
53369,12118
53369,127804
53369,6574
53369,100005
53369,571
53369,121633
53369,102374
53369,103077
53372,116176
53372,135551
53372,110302
53372,75125
53372,83134
53372,4780
53372,16826
53372,126465
53372,110990
53372,117990
53372,69514
53372,100081
53372,93405
53372,62167
53372,75897
53372,22414
53372,13317
53372,116211
53372,70903
53372,136202
53372,68760
53372,64482
53372,112685
53372,106166
53372,119766
53372,11868
53372,92927
53372,39355
53372,85894
53372,9496
53372,67161
53372,46276
53373,137997
53373,70177
53373,90845
53373,24545
53373,21018
53373,124342
53373,116942
53373,37818
53373,77089
53373,131892
53373,104517
53373,60846
53373,78500
53373,134323
53373,77914
53373,114932
53373,40279
53373,59781
53373,35223
53373,14082
53373,49656
53373,134154
53373,46274
53373,90809
53373,94455
53373,68420
53373,125083
53373,38419
53373,122112
53373,29633
53373,57952
53373,38904
53373,59657
53374,125744
53374,8134
53374,103908
53374,139165
53374,101406
53374,15609
53374,10906
53374,97432
53374,67619
53374,22163
53374,34169
53374,79083
53374,134077
53374,14912
53374,67140
53374,30435
53374,100748
53374,81804
53374,91150
53374,99219
53374,96356
53374,100664
53374,62587
53374,63582
53374,114209
53374,67150
53374,62946
53374,36466
53374,44196
53374,56525
53374,7432
53374,129643
53375,19997
53375,32597
53375,109908
53375,123256
53375,47617
53375,32044
53375,81981
53375,37603
53375,50850
53375,130772
53375,128728
53375,140468
53375,34904
53375,81509
53375,23923
53375,16482
53375,113868
53375,33585
53375,93390
53375,103990
53375,713
53375,97283
53375,127577
53375,123456
53375,106608
53375,117914
53375,11385
53375,98449
53375,105971
53375,48734
53375,100449
53375,60220
53375,47826
53375,71667
53376,137997
53376,14082
53376,114932
53376,124342
53376,21018
53376,116942
53376,37818
53376,131892
53376,104517
53376,90845
53376,70177
53376,77089
53376,35223
53376,134323
53376,60846
53376,78500
53376,40279
53376,59781
53376,49656
53376,134154
53376,26248
53376,38419
53376,24545
53376,94455
53376,68420
53376,125083
53376,77914
53376,59657
53376,60468
53376,77795
53376,122112
53376,117294
53376,46274
53378,22578
53378,139917
53378,113229
53378,21808
53378,30618
53378,62326
53378,89476
53378,5286
53378,60223
53378,10763
53378,121350
53378,115310
53378,101162
53378,89341
53378,58217
53378,9589
53378,33097
53378,43440
53378,121675
53378,66606
53378,106236
53378,112479
53378,63812
53378,137751
53378,124234
53378,52209
53378,78993
53378,55791
53378,34020
53378,23073
53378,121101
53379,136709
53379,17673
53379,54838
53379,5760
53379,20308
53379,66030
53379,78029
53379,54180
53379,98567
53379,88332
53379,62654
53379,133459
53379,95844
53379,83194
53379,78240
53379,7152
53379,58587
53379,9565
53379,58025
53379,119503
53379,84549
53379,85663
53379,94654
53379,130392
53379,53116
53379,66148
53379,43683
53382,62593
53382,121076
53382,133227
53382,132974
53382,126103
53382,50787
53382,77275
53382,12082
53382,13297
53382,110402
53382,46769
53382,119388
53382,67367
53382,136686
53382,105300
53382,50912
53382,117787
53382,63794
53382,17345
53382,119889
53382,109544
53382,68723
53382,27040
53382,26548
53382,70699
53382,79423
53382,94727
53382,41001
53382,43624
53382,84322
53382,43157
53382,123377
53383,39726
53383,129805
53383,76531
53383,59062
53383,97580
53383,19406
53383,120957
53383,75127
53383,99348
53383,64436
53383,74899
53383,88661
53383,69015
53383,90082
53383,124900
53383,47117
53383,22238
53383,63593
53383,37497
53383,128031
53383,119436
53383,105483
53383,38927
53383,3360
53383,98038
53383,67313
53383,81168
53383,64545
53383,35423
53383,64696
53385,69184
53385,25159
53385,93974
53385,5322
53385,8864
53385,34151
53385,6713
53385,133689
53385,105779
53385,4503
53385,4080
53385,35679
53385,67233
53385,49084
53385,119527
53385,55127
53385,27540
53385,79398
53385,113983
53385,138325
53385,75408
53385,63188
53385,41337
53386,18110
53386,127201
53386,128101
53386,140559
53386,11032
53386,125217
53386,71026
53386,9972
53386,11800
53386,16121
53386,61791
53386,43535
53386,10860
53386,10687
53386,89203
53386,32521
53386,121089
53386,108046
53386,51545
53386,49995
53386,45627
53386,80548
53386,86042
53386,29942
53386,35720
53386,138106
53386,69066
53386,47288
53386,15999
53391,87293
53391,86522
53391,96809
53391,105104
53391,58167
53391,79338
53391,36335
53391,93123
53391,29182
53391,38710
53391,96707
53391,134633
53391,33201
53391,43369
53391,38329
53391,10188
53391,61804
53391,36863
53391,66737
53392,118034
53392,104504
53392,50435
53392,28229
53392,43718
53392,64368
53392,82921
53392,26251
53392,50408
53392,39374
53392,32516
53392,70054
53392,10719
53392,118182
53392,62003
53392,22160
53392,119536
53392,52119
53392,57426
53392,54548
53392,59952
53392,133682
53392,74567
53392,137054
53392,57469
53392,16149
53392,32048
53392,109021
53392,45609
53392,76534
53392,2179
53392,104746
53393,45270
53393,103742
53393,132939
53393,29575
53393,60256
53393,94640
53394,136450
53394,132931
53394,131633
53394,99385
53394,110035
53394,85387
53394,39116
53394,96227
53394,125561
53394,127859
53394,40784
53394,3841
53394,25402
53394,38996
53394,19522
53394,77372
53394,88706
53394,1847
53394,113399
53394,99048
53394,134871
53394,138026
53394,11418
53394,26162
53394,73048
53394,15967
53394,11840
53394,125938
53394,44837
53394,83499
53394,46864
53394,14324
53395,120201
53395,6730
53395,123897
53395,59051
53395,43130
53395,79174
53395,51580
53395,6967
53395,130015
53395,61360
53395,40423
53395,10273
53395,124012
53395,115940
53395,104767
53395,97962
53395,26259
53395,91775
53395,50862
53395,109911
53395,46589
53395,52241
53395,91926
53395,90617
53397,112574
53397,50643
53397,18727
53397,38910
53397,97907
53397,109576
53397,4571
53397,29643
53397,16687
53397,92038
53397,72799
53397,65799
53397,38800
53397,50199
53397,16824
53397,743
53397,91172
53397,17986
53397,78685
53397,45966
53397,46279
53397,58475
53397,113108
53397,124224
53397,87618
53397,91714
53397,90819
53397,15267
53397,74165
53397,123810
53398,134596
53398,59517
53398,88713
53398,58558
53398,120607
53398,59932
53398,23229
53398,108296
53398,18750
53398,15348
53398,62730
53398,39739
53398,99309
53398,126339
53398,135646
53398,6023
53398,69230
53398,113510
53398,73324
53398,81471
53398,113166
53398,102850
53398,17666
53398,105134
53398,24746
53398,42027
53401,37598
53401,88771
53401,96327
53401,120962
53401,16551
53401,77441
53401,117869
53401,101445
53401,127661
53401,139343
53401,33217
53401,108230
53401,74025
53401,131772
53401,14747
53401,6680
53401,53004
53401,16882
53401,130160
53401,8566
53401,12401
53401,97932
53401,138739
53401,53367
53401,65132
53401,23682
53401,14394
53401,136257
53401,128188
53401,23541
53401,122548
53401,59073
53401,131421
53402,68001
53402,51176
53402,139999
53402,80565
53402,37781
53402,131883
53402,136995
53402,53860
53402,64271
53402,59107
53402,86040
53402,88992
53402,102519
53402,122328
53402,11321
53402,34662
53402,61961
53402,109558
53402,65731
53402,91246
53402,65913
53402,115510
53405,38419
53405,24545
53405,21018
53405,137997
53405,124342
53405,116942
53405,104517
53405,59781
53405,60846
53405,14082
53405,59657
53405,35223
53405,26248
53405,46274
53405,94455
53405,40279
53405,77795
53405,60468
53405,122112
53405,117294
53406,28286
53406,86162
53406,16759
53406,16992
53406,83003
53406,98712
53406,78378
53406,27674
53406,139267
53406,19001
53406,89071
53406,11443
53406,42336
53406,132160
53406,67219
53406,104872
53406,102567
53408,85291
53408,81229
53408,83994
53408,33298
53408,125106
53408,75955
53408,102596
53408,109682
53408,126741
53408,80751
53408,27977
53408,52861
53408,27971
53408,131485
53408,65551
53408,43817
53408,73308
53408,117066
53408,8666
53408,15326
53408,100061
53408,44855
53408,71741
53408,108720
53408,28477
53408,114111
53408,115246
53408,25808
53408,62650
53408,84040
53408,11636
53414,50987
53414,11833
53414,29842
53414,118701
53414,140114
53414,128798
53414,76248
53414,22156
53414,22964
53414,75641
53414,5591
53414,96739
53414,131096
53414,21275
53414,34238
53414,22683
53414,123527
53414,7759
53414,10890
53414,22858
53414,32447
53414,111030
53414,40415
53415,16988
53415,101298
53415,90228
53415,5708
53415,75550
53415,94726
53415,79189
53415,49359
53415,17474
53415,99445
53415,36284
53415,50875
53415,121804
53415,26735
53415,70195
53415,37419
53415,83802
53415,121847
53416,34973
53416,122124
53416,108008
53416,67420
53416,51577
53416,70741
53416,136955
53416,125385
53416,39878
53416,96777
53416,127033
53416,107692
53416,95010
53416,134853
53416,52672
53416,97549
53416,4597
53416,93428
53416,47203
53416,11904
53416,62670
53416,28925
53416,34368
53416,57052
53416,98097
53416,112862
53416,111967
53416,28695
53416,93883
53416,106658
53416,133647
53418,78231
53418,44919
53418,132212
53418,84413
53418,44067
53418,12758
53418,31995
53418,54184
53418,73410
53418,104541
53418,30704
53418,39296
53418,128913
53418,57501
53420,100410
53420,43142
53420,132232
53420,71676
53420,28602
53420,40752
53420,111068
53420,114319
53420,104283
53420,135772
53420,13689
53420,75166
53420,45309
53420,105272
53420,52106
53420,6261
53420,43807
53422,120657
53422,35936
53422,9187
53422,13073
53422,132777
53422,80453
53422,107543
53422,36161
53422,45673
53422,38161
53422,119884
53422,16404
53422,31068
53422,15630
53422,112428
53422,111768
53422,109309
53422,73337
53422,24011
53422,46655
53422,38631
53422,58288
53422,86410
53422,55574
53422,74857
53422,112404
53422,60528
53422,56120
53423,3354
53423,124226
53423,121682
53423,109941
53423,43930
53423,2390
53423,129298
53423,72356
53423,82704
53423,72981
53423,95178
53423,54160
53423,21162
53423,31610
53423,112595
53423,22391
53423,124013
53423,116922
53423,18950
53423,21548
53423,11176
53423,1659
53423,66672
53423,135001
53423,13704
53423,125748
53423,136979
53423,133851
53423,88688
53423,15982
53423,1440
53425,118894
53425,62806
53425,1572
53425,90196
53425,97917
53425,66985
53425,47056
53425,68277
53425,75078
53425,123504
53425,121547
53425,107827
53425,101730
53425,78023
53425,131682
53425,16620
53425,64820
53425,56263
53425,53725
53425,35521
53425,32253
53425,52206
53425,109837
53425,67685
53425,46246
53426,131254
53426,13041
53426,23933
53426,39561
53426,95497
53426,41016
53426,33904
53426,11754
53426,49452
53426,135568
53426,96939
53426,128338
53426,19760
53426,50277
53426,51378
53426,90313
53426,58132
53426,81868
53426,58588
53426,42049
53426,61726
53426,138313
53426,118313
53426,40195
53426,105299
53426,821
53426,65885
53426,13102
53426,47934
53426,31458
53426,33667
53427,19465
53427,17739
53427,136833
53427,110990
53427,24519
53427,42693
53427,44502
53427,139557
53427,30949
53427,115954
53427,23095
53427,116895
53427,28495
53427,106222
53427,90626
53427,124652
53427,122589
53427,104133
53427,85106
53427,72726
53427,111453
53427,105476
53427,19565
53427,110786
53427,125051
53427,76689
53427,62167
53427,28038
53427,119847
53427,116211
53427,13377
53427,86622
53427,62432
53428,131099
53428,44576
53428,45056
53428,32769
53428,110550
53428,10624
53428,117503
53428,48764
53428,8241
53428,47165
53428,125382
53428,72914
53428,63449
53428,136382
53428,47242
53428,28851
53428,19104
53428,24827
53428,3752
53428,37462
53428,39319
53429,48
53429,111737
53429,63134
53429,20671
53429,78397
53429,77560
53429,101505
53429,22380
53429,105863
53429,41110
53429,119427
53429,124008
53429,114330
53429,76172
53429,40827
53429,131661
53429,70141
53432,122738
53432,101367
53432,60580
53432,39581
53432,9179
53432,110178
53432,15562
53432,139044
53432,88486
53432,106920
53432,5902
53432,64907
53432,79431
53432,65429
53432,13490
53432,116484
53432,33167
53432,51107
53432,69115
53432,19199
53432,122359
53432,7214
53432,69274
53432,94561
53432,25520
53432,78034
53434,70808
53434,96666
53434,68188
53434,25608
53434,103530
53436,106304
53436,131608
53436,56330
53436,84802
53436,37733
53436,118366
53436,18107
53436,90439
53436,81762
53436,102144
53436,123948
53438,85123
53438,13357
53438,47765
53438,32706
53438,13037
53438,106365
53438,87699
53438,43227
53438,136601
53438,96867
53438,90715
53438,49336
53438,125406
53441,127978
53441,11729
53441,135030
53441,130803
53441,31304
53441,63355
53441,61110
53441,33553
53441,6585
53441,98242
53441,54635
53441,41273
53441,62284
53441,107639
53441,118179
53441,18468
53441,21156
53441,95383
53441,62570
53441,39471
53441,32982
53441,75314
53441,56022
53441,81944
53441,43251
53441,90299
53441,51304
53441,81694
53443,120251
53443,119955
53443,87080
53443,103704
53443,12703
53443,106376
53444,8560
53444,93725
53444,31002
53444,71928
53444,40929
53444,126937
53444,74799
53444,52479
53444,136400
53444,15415
53444,120134
53444,53235
53444,111108
53444,58759
53444,128688
53444,94133
53444,117333
53444,65482
53444,56013
53444,49122
53444,29900
53444,27665
53444,1251
53444,138174
53444,30139
53444,19167
53444,81681
53444,132981
53444,74410
53444,5827
53444,128569
53444,28157
53444,99036
53447,9824
53447,62814
53447,132515
53447,120489
53447,120230
53447,95992
53447,131207
53447,118900
53447,58138
53447,22841
53447,85336
53447,117728
53447,11859
53447,107859
53447,50307
53447,1283
53447,134057
53447,44395
53447,110332
53447,119511
53447,127088
53447,120954
53447,36833
53447,74732
53447,57893
53447,109016
53447,93801
53447,102532
53447,46144
53447,63292
53447,39667
53448,92698
53448,9522
53448,41585
53448,70352
53448,114777
53448,111356
53448,115763
53448,31442
53448,42875
53448,11414
53448,27711
53448,77109
53448,79534
53448,68689
53448,63682
53448,38846
53448,40463
53448,121287
53448,44879
53448,30417
53448,18569
53448,34348
53448,35043
53448,5103
53448,104149
53448,134786
53448,117347
53448,127831
53448,68783
53448,37788
53448,102112
53448,135195
53448,31945
53449,98801
53449,91988
53449,112820
53449,105564
53449,86839
53449,114064
53449,36787
53449,18511
53449,55390
53449,25663
53449,101694
53449,114378
53449,81343
53451,106335
53451,133943
53451,15390
53451,93974
53451,8864
53451,57170
53451,59721
53451,6713
53451,25159
53451,14480
53451,109804
53451,131046
53451,5322
53451,114721
53451,101252
53451,101215
53451,134811
53451,44969
53451,101812
53451,119527
53451,133689
53451,34151
53451,76070
53451,105779
53451,27540
53451,127671
53451,35679
53451,113983
53451,79398
53451,70463
53451,41337
53451,75408
53451,63188
53452,87307
53452,85601
53452,59780
53452,66666
53452,137426
53452,74514
53452,55012
53452,115683
53452,78190
53452,62561
53452,14726
53452,81936
53452,71368
53452,121701
53452,101317
53452,24131
53452,86682
53452,91981
53452,67467
53452,80823
53452,87789
53452,83133
53452,115258
53452,53498
53452,20857
53452,93870
53452,4386
53452,45938
53452,139716
53452,103112
53452,23684
53452,575
53454,29418
53454,21388
53454,6723
53454,85307
53454,7583
53454,41661
53454,98283
53454,105503
53454,10531
53454,78535
53455,39809
53455,124884
53455,134379
53455,1025
53455,59430
53455,137119
53455,89191
53455,93819
53455,81408
53455,82485
53455,54268
53455,25864
53455,123857
53455,83331
53455,109462
53455,99280
53455,34518
53455,79200
53455,60134
53455,17553
53455,132464
53455,76429
53455,21501
53455,56448
53455,95681
53455,69117
53455,102932
53455,66256
53455,111731
53455,112548
53455,24781
53455,104303
53455,52252
53455,30289
53457,31781
53457,126382
53457,118641
53457,22131
53457,101588
53457,137893
53457,140337
53457,38497
53457,124734
53457,58124
53457,124224
53457,113108
53457,72799
53457,38800
53457,130428
53457,94751
53457,128556
53457,138538
53457,140239
53457,91264
53457,79168
53457,53691
53457,34036
53457,139388
53457,113291
53457,42964
53457,46279
53457,49487
53457,92038
53457,46917
53458,21422
53458,60886
53458,95230
53458,41096
53458,30146
53458,117310
53458,7171
53458,82068
53458,139400
53458,129427
53458,47191
53458,96848
53458,63265
53458,55990
53458,1130
53458,124562
53458,37750
53458,134171
53458,126104
53458,84665
53458,94972
53459,105367
53459,77608
53459,99734
53459,75416
53459,77050
53459,108024
53460,82317
53460,52451
53460,112502
53460,44796
53460,73932
53460,67274
53460,68495
53460,138575
53460,16845
53460,131242
53460,99545
53460,94718
53460,106226
53462,29792
53462,88189
53462,38505
53462,44690
53462,18237
53462,117952
53462,73811
53462,135671
53462,114158
53462,82803
53462,138781
53462,69376
53462,7380
53462,68187
53462,81631
53462,111619
53462,102133
53462,43055
53462,3640
53462,53812
53462,12585
53462,100132
53462,11778
53464,117523
53464,101641
53464,36599
53464,104803
53464,35820
53464,601
53464,105245
53464,40271
53464,99574
53464,41636
53464,138259
53464,103223
53464,105569
53464,22576
53464,140709
53464,5376
53464,99101
53464,48574
53464,52429
53464,65702
53464,135154
53464,23807
53464,118967
53464,327
53464,61137
53464,135066
53464,13396
53464,34677
53464,132805
53464,49807
53464,87142
53466,139170
53466,72749
53466,16206
53466,62009
53466,113890
53466,105125
53466,94106
53467,74211
53467,37697
53467,139010
53467,11579
53467,66207
53467,48515
53467,39862
53467,82430
53467,46260
53467,60429
53467,12518
53467,95966
53467,129495
53467,70572
53467,58276
53467,119906
53467,73830
53467,59503
53467,87074
53467,6073
53467,61656
53467,67107
53467,92809
53467,6850
53467,2746
53467,30250
53467,99362
53467,45066
53467,116079
53467,56595
53467,35202
53467,36229
53467,26721
53468,88263
53468,132332
53468,83107
53468,121377
53468,132958
53468,120300
53468,114218
53468,88514
53468,837
53468,88268
53468,41994
53468,117141
53468,139132
53468,111026
53468,99687
53468,133422
53468,139105
53468,77437
53468,139442
53468,56053
53468,42041
53469,21129
53469,37029
53469,140503
53469,29726
53469,88496
53469,11942
53469,102992
53469,96662
53469,76214
53469,1248
53469,36619
53469,53377
53469,25908
53469,104649
53469,112607
53469,60310
53469,46134
53469,40185
53471,52227
53471,98304
53471,83888
53471,38569
53471,119506
53471,125614
53471,73546
53471,40805
53471,9063
53471,29260
53471,47456
53471,115460
53472,76077
53472,118457
53472,94063
53472,120560
53472,65160
53472,81158
53472,101241
53472,32629
53472,52840
53472,42936
53472,104547
53472,95321
53472,86803
53472,52256
53472,107111
53472,75868
53472,53188
53472,3131
53472,128856
53472,22668
53472,95229
53472,56784
53472,65214
53472,8197
53472,90267
53472,74446
53472,62736
53472,117133
53476,103247
53476,83378
53476,67166
53476,60912
53476,38624
53476,85223
53476,59064
53476,42388
53476,67667
53476,91785
53476,8054
53476,53677
53476,89831
53476,128082
53476,12659
53476,82496
53476,63090
53476,4592
53476,50125
53476,36481
53476,126266
53476,56385
53476,125981
53476,27146
53476,55100
53477,13361
53477,118153
53477,110095
53477,79283
53477,9652
53477,61438
53477,61062
53477,133625
53477,137905
53477,68448
53477,53955
53477,83697
53477,121059
53477,115198
53477,16028
53477,18907
53477,33467
53477,131394
53477,96592
53477,137103
53482,138174
53482,93725
53482,50988
53482,67431
53482,90015
53482,40929
53482,65482
53482,15415
53482,120134
53482,31002
53482,94133
53482,58759
53482,52479
53482,117333
53482,92483
53482,86050
53482,52354
53482,30139
53482,19167
53482,116094
53482,78878
53482,74410
53482,30382
53482,128569
53482,21923
53482,71706
53482,3055
53482,26477
53482,97292
53482,49376
53482,99036
53482,5717
53483,13674
53483,59098
53483,118766
53483,94080
53483,78866
53483,75637
53483,132817
53483,62131
53483,70683
53483,100081
53483,11948
53483,39355
53483,139719
53483,70903
53483,26269
53483,91254
53483,71216
53483,131580
53483,112685
53483,81720
53483,85894
53483,47359
53483,10418
53483,88778
53483,68206
53483,47556
53483,108213
53483,45410
53483,127861
53483,32114
53483,9496
53486,16293
53486,103053
53486,85087
53486,80636
53486,47908
53486,9779
53486,37570
53486,87602
53486,50775
53486,100531
53486,2493
53486,33181
53486,99143
53486,3882
53486,36487
53486,39778
53486,43927
53486,126760
53486,80939
53486,52029
53486,71042
53486,97525
53486,65061
53486,34409
53486,54002
53486,3847
53486,34183
53486,109588
53486,6286
53486,136105
53486,66931
53487,80422
53487,72731
53487,36045
53487,36412
53487,119316
53487,5505
53487,79240
53487,52683
53487,46393
53487,110663
53487,93741
53487,137498
53487,81787
53487,23661
53487,131131
53487,90380
53487,361
53487,15945
53487,15802
53487,25564
53487,16499
53487,103935
53487,113169
53487,62417
53487,44170
53487,21198
53487,125656
53487,5267
53487,66917
53487,107721
53487,64949
53487,122299
53488,8134
53488,67619
53488,15609
53488,24092
53488,82897
53488,5293
53488,102154
53488,97432
53488,98347
53488,129643
53488,18410
53488,61946
53488,109612
53492,23614
53492,17270
53492,109571
53492,97316
53492,89076
53492,128904
53492,110102
53492,138012
53492,6430
53492,107560
53492,55528
53492,95842
53492,26433
53492,34502
53492,91674
53492,57438
53492,28964
53492,138528
53492,109221
53492,8791
53492,86488
53492,97129
53492,66175
53492,50892
53492,61871
53492,85983
53492,32091
53492,1815
53492,39887
53492,124049
53492,122250
53495,111963
53495,35791
53495,110129
53495,92197
53495,58703
53495,82146
53495,79793
53495,21008
53495,122444
53495,74403
53495,66322
53495,128845
53495,99363
53495,48774
53495,34095
53495,87161
53495,127754
53495,7593
53495,46609
53495,76377
53495,75443
53495,30537
53495,124022
53495,49147
53495,114125
53495,54308
53495,49616
53495,113497
53496,91038
53496,91344
53496,26495
53496,130399
53496,33091
53496,35388
53496,40133
53496,40791
53496,46920
53496,59067
53496,71330
53496,75911
53496,80104
53496,116185
53496,110615
53496,6882
53496,61828
53496,137568
53496,38344
53496,115815
53496,23405
53496,28628
53503,75704
53503,79225
53503,72185
53503,24003
53503,65557
53503,26804
53503,13996
53503,23150
53503,38183
53503,37278
53503,18016
53503,69294
53503,9392
53503,101128
53503,19598
53503,20299
53503,17890
53503,120960
53503,137773
53503,82482
53503,33528
53503,75069
53503,35767
53503,66769
53503,50188
53503,123209
53503,99323
53503,78169
53503,40937
53503,4940
53503,125440
53503,109409
53503,57905
53508,138461
53508,122254
53508,72929
53508,124988
53508,83815
53508,48510
53508,124622
53508,61095
53508,27333
53508,30494
53508,548
53508,139358
53508,109075
53508,76353
53508,12563
53508,57232
53508,37519
53508,24587
53508,80382
53508,94671
53508,53359
53508,128181
53508,139168
53508,123150
53508,29803
53508,118464
53508,40459
53508,25794
53508,66281
53508,78252
53512,2827
53512,64217
53512,19392
53512,70747
53512,80098
53512,45422
53512,118383
53512,87395
53515,95626
53515,79695
53515,119830
53515,9733
53515,36908
53515,107796
53515,88503
53515,129506
53515,18768
53515,85859
53515,92267
53515,69041
53515,22864
53515,105083
53515,6536
53515,103469
53515,7881
53523,60275
53523,86247
53523,87109
53523,14646
53523,18858
53523,96530
53525,139974
53525,53706
53525,25820
53525,91690
53525,16690
53525,138930
53525,67471
53525,3994
53525,123055
53525,87171
53525,53480
53525,48922
53525,66733
53525,47427
53525,78911
53525,81352
53525,126555
53525,35556
53525,128481
53525,114442
53525,27595
53528,103457
53528,101905
53528,54994
53528,31111
53528,46497
53528,16630
53528,92950
53528,57846
53528,636
53531,53146
53531,39130
53531,91731
53531,106210
53531,83228
53531,46985
53531,102407
53531,52154
53532,62600
53532,22596
53532,81752
53532,104766
53532,71469
53532,82620
53532,124730
53532,99027
53532,4962
53532,72905
53532,63066
53532,105392
53532,90995
53532,128612
53532,130461
53532,26087
53532,138922
53532,93981
53532,131697
53532,124016
53532,138482
53532,27458
53532,105179
53532,109482
53532,45544
53532,21742
53532,32741
53532,123216
53532,78752
53532,51782
53532,26011
53532,71991
53532,56950
53533,96133
53533,8112
53533,139428
53533,49804
53533,87863
53533,42275
53533,99476
53533,59620
53533,81721
53533,18850
53533,113993
53533,38636
53533,20934
53533,35719
53533,105842
53533,4716
53533,1833
53533,45414
53533,47332
53533,134840
53533,90115
53533,19673
53533,29075
53533,101669
53533,119839
53533,100402
53533,121451
53533,37777
53533,66814
53533,2673
53533,22072
53533,80985
53533,112164
53533,121749
53535,135028
53535,119794
53535,80545
53535,132210
53535,101520
53535,87652
53535,73145
53535,131917
53535,63417
53535,46027
53535,75972
53535,51178
53535,3724
53535,57169
53535,20022
53535,61011
53535,36507
53535,37330
53535,19157
53535,31038
53535,53916
53535,16325
53535,28132
53535,56697
53535,137646
53535,56908
53536,28473
53536,108974
53536,17458
53536,124302
53536,29906
53536,28184
53536,8353
53536,85620
53536,997
53536,37436
53536,10363
53536,126438
53536,21890
53536,44020
53536,120394
53536,35862
53536,45157
53536,102954
53536,56837
53536,80801
53536,113798
53536,17948
53536,88103
53536,104603
53536,95670
53536,93954
53536,77413
53536,97780
53536,91942
53536,41266
53536,33456
53537,82907
53537,38541
53537,86996
53537,98270
53537,15077
53537,21424
53537,84143
53537,45314
53537,76849
53537,124232
53537,86466
53537,60391
53537,4903
53537,2777
53539,138174
53539,56013
53539,8560
53539,71023
53539,117333
53539,126937
53539,31002
53539,90015
53539,52479
53539,65482
53539,53235
53539,120134
53539,116094
53539,111108
53539,71928
53539,74799
53539,94133
53539,58759
53539,128688
53539,53276
53539,1251
53539,30139
53539,74410
53539,136400
53539,15415
53539,107289
53539,29900
53539,128569
53539,27665
53539,28157
53539,81681
53539,132981
53539,5827
53540,128064
53540,137772
53540,104691
53540,101148
53540,88573
53540,8427
53540,13917
53540,97204
53540,38531
53540,18412
53540,41257
53540,76854
53540,89903
53540,80226
53540,89520
53540,80514
53541,126818
53541,14844
53541,56776
53541,47392
53541,133434
53541,117772
53541,105123
53541,9545
53541,125066
53541,78649
53541,43028
53541,1736
53541,130869
53541,82865
53541,71039
53541,47864
53541,83313
53541,77254
53541,77959
53541,46393
53541,125656
53541,123391
53541,42678
53541,103935
53541,90013
53541,94135
53541,10642
53541,130594
53541,19413
53541,85147
53541,106539
53541,54703
53541,15945
53542,65723
53542,112324
53542,131955
53542,34695
53542,103402
53542,73555
53542,113327
53542,25960
53542,138437
53542,124814
53542,39302
53542,64620
53542,122248
53542,109877
53542,8312
53542,9318
53542,54176
53542,121611
53542,12154
53542,81109
53542,44798
53542,26681
53542,24593
53542,20317
53542,8756
53542,125822
53542,73788
53542,32348
53542,44143
53542,13800
53542,42171
53542,77522
53542,40960
53542,31962
53548,51236
53548,20932
53548,61015
53548,100892
53548,102144
53551,21155
53551,112574
53551,130428
53551,110738
53551,84032
53551,1722
53551,89695
53551,118655
53551,14536
53551,71220
53551,78624
53551,74859
53551,89360
53551,30878
53551,101984
53551,1546
53551,73452
53551,88888
53551,39164
53551,27911
53551,91172
53551,26007
53551,116001
53551,128841
53551,121933
53551,58475
53551,42964
53551,64372
53551,54940
53551,18132
53554,21688
53554,53547
53554,54818
53554,19743
53554,17105
53554,109650
53554,8289
53557,28559
53557,95815
53557,5824
53557,110001
53557,69650
53557,27572
53557,105675
53557,15978
53557,127673
53557,43433
53557,46907
53557,61078
53557,123811
53557,105992
53557,1321
53557,7637
53557,52217
53557,29993
53557,59054
53557,120207
53557,37331
53557,38997
53557,129249
53557,97899
53557,4752
53557,82386
53557,133686
53557,128086
53559,53620
53559,130102
53559,124763
53559,50553
53559,94419
53559,16939
53559,12224
53559,104217
53559,122377
53559,87342
53559,2091
53559,35646
53559,71784
53559,2506
53559,129417
53559,48360
53559,136803
53559,36592
53559,106263
53559,31225
53559,99629
53559,13511
53559,92733
53559,42499
53559,131660
53559,47283
53559,128955
53559,100110
53559,130073
53559,7651
53560,73951
53560,75807
53560,34278
53560,130855
53560,74482
53560,84333
53560,114167
53560,88307
53560,28070
53560,51585
53560,125826
53560,3988
53560,5927
53560,46630
53560,136707
53560,135064
53560,25222
53560,99807
53560,49735
53560,125486
53560,81384
53560,11944
53560,100380
53560,116734
53560,117562
53560,78171
53560,20267
53560,54476
53560,134613
53560,10353
53560,5862
53560,138056
53561,5376
53561,23807
53561,101641
53561,84277
53561,105245
53561,36599
53561,601
53561,135154
53561,57269
53561,98320
53561,103223
53561,105569
53561,140709
53561,11
53561,59941
53561,52429
53561,49807
53561,104803
53561,16970
53561,327
53561,110267
53561,88589
53561,135066
53561,61137
53561,77018
53561,13396
53561,34677
53561,48574
53561,87142
53562,48815
53562,26548
53562,21469
53562,11719
53562,15174
53562,30867
53562,91315
53562,77275
53562,13297
53562,133227
53562,110402
53562,50912
53562,118064
53562,38345
53562,136686
53562,117787
53562,33764
53562,104648
53562,73134
53562,62593
53562,63794
53562,130231
53562,98668
53562,68723
53562,109544
53562,132906
53562,74892
53562,123377
53562,135941
53562,41001
53562,12082
53563,130569
53563,67871
53563,100372
53563,58664
53563,65771
53563,17560
53563,106972
53563,76359
53563,134396
53563,131475
53563,126593
53563,109573
53563,93925
53563,134911
53563,75012
53563,72078
53563,54497
53563,35839
53563,29996
53563,119377
53563,45489
53563,124693
53563,57835
53563,74733
53563,114486
53563,16458
53564,57489
53564,58852
53564,140791
53564,5218
53564,107936
53564,110272
53564,36667
53564,10722
53564,1626
53564,76521
53564,31239
53564,45190
53564,89817
53564,81776
53565,80930
53565,55669
53565,84802
53565,109237
53565,109958
53565,132285
53565,101434
53565,1842
53565,116435
53565,17637
53565,81777
53565,32318
53565,37733
53565,81762
53565,10552
53565,21244
53565,119942
53565,18107
53565,127058
53565,100386
53565,86090
53565,102315
53565,130158
53565,16144
53565,39283
53565,62382
53565,105617
53565,89721
53565,75433
53565,101744
53565,41396
53565,99326
53566,40933
53566,93917
53566,127834
53566,23061
53566,47249
53566,13015
53566,136178
53566,89641
53566,42248
53566,112142
53566,16665
53566,40870
53566,108981
53566,88244
53566,102715
53566,31666
53566,66310
53566,3702
53566,107705
53566,21568
53566,35269
53566,35077
53566,47818
53566,116340
53566,13128
53566,15224
53566,25834
53566,129220
53566,10815
53566,67877
53566,75684
53566,95752
53569,53907
53569,16501
53569,85922
53569,134004
53569,33012
53569,44587
53569,103431
53569,83630
53569,3545
53570,9546
53570,6260
53570,118363
53570,12942
53570,124910
53570,67275
53570,82792
53570,41317
53570,64926
53570,69813
53570,71630
53570,57520
53570,83239
53570,83583
53570,79161
53570,86857
53570,48185
53570,24749
53570,75330
53570,100822
53570,64683
53570,89325
53570,26247
53570,40743
53570,133324
53570,73512
53570,100599
53570,140405
53570,8940
53571,86150
53571,104864
53571,89984
53571,138694
53571,33301
53571,138981
53571,88202
53571,118290
53571,137530
53571,99017
53571,33880
53571,58289
53571,19117
53571,125966
53571,71783
53572,21129
53572,1248
53572,37029
53572,88496
53572,29726
53572,11710
53572,140503
53572,42200
53572,11942
53572,102992
53572,21693
53572,124712
53572,48419
53572,96662
53572,45447
53572,76214
53572,81449
53572,112607
53572,118714
53572,68467
53572,40185
53572,33023
53572,10145
53572,36320
53572,25908
53572,104649
53572,38533
53572,46134
53575,129912
53575,46630
53575,25222
53575,10892
53575,25746
53575,136707
53575,119541
53575,48390
53575,25381
53575,89874
53575,117559
53575,54584
53575,81384
53575,32759
53575,20267
53575,27002
53575,73926
53575,30446
53575,47379
53575,86443
53575,90757
53575,37531
53575,114167
53575,63557
53575,10353
53575,49735
53575,71259
53575,138056
53575,53627
53575,139865
53575,82610
53575,31712
53576,46915
53576,42726
53576,14968
53576,140652
53576,60671
53576,39298
53576,61033
53576,97973
53576,140805
53576,38825
53576,3929
53576,140097
53576,75942
53576,113676
53576,127833
53576,7459
53576,109879
53576,59709
53576,85311
53576,62245
53576,114911
53576,102497
53576,111147
53576,121561
53576,30419
53576,71521
53576,81412
53576,99576
53576,63431
53576,125427
53576,72956
53577,2374
53577,69845
53577,85780
53577,5605
53577,72118
53577,62517
53577,102226
53577,64104
53577,88854
53577,90182
53577,119525
53577,119723
53577,35469
53577,103346
53577,80400
53577,125425
53577,91676
53577,102408
53577,62270
53577,92440
53577,22886
53577,115143
53577,135974
53577,50454
53577,26712
53577,132244
53577,49945
53577,72942
53577,52977
53577,61865
53577,106848
53577,109384
53578,41014
53578,31761
53578,91231
53578,73907
53578,69404
53578,30016
53578,53575
53578,118727
53578,116296
53578,57023
53578,79192
53578,913
53578,134179
53578,120282
53578,122134
53578,34254
53578,119888
53578,29394
53578,98509
53578,117125
53578,36022
53578,84364
53578,126804
53578,108924
53578,89858
53578,7091
53578,68155
53578,87251
53578,87501
53578,123039
53578,58358
53578,110795
53578,56005
53580,51199
53580,56177
53580,41054
53580,75372
53580,71291
53580,106192
53580,67625
53580,45280
53580,33160
53580,119274
53580,33934
53580,51266
53580,120593
53580,33332
53580,49498
53580,62673
53580,66341
53580,106016
53580,136248
53580,44779
53580,88177
53580,23097
53580,116291
53580,117865
53580,60548
53580,51415
53580,90880
53580,48625
53580,16060
53580,44442
53580,26451
53580,130926
53581,17739
53581,95292
53581,117990
53581,75125
53581,126013
53581,94188
53581,104333
53581,88226
53581,119207
53581,122749
53581,139976
53581,29559
53581,106222
53581,125423
53581,33687
53581,136865
53581,93405
53581,76770
53581,136946
53581,26618
53581,8992
53581,139706
53581,120541
53581,4573
53581,96091
53581,52622
53581,13234
53581,63837
53581,135393
53581,63045
53581,8993
53581,79099
53581,8282
53581,99475
53581,94390
53584,82430
53584,57854
53584,103110
53584,61423
53584,97318
53584,81488
53584,100827
53584,95966
53584,53767
53584,67107
53584,61656
53584,46260
53584,60429
53584,81397
53584,40718
53584,6115
53584,132923
53584,6558
53584,4746
53584,29964
53584,72171
53584,129399
53584,58982
53584,56595
53584,65656
53584,89762
53584,71830
53584,20272
53584,8369
53584,71964
53584,112098
53584,116879
53584,132701
53584,72504
53584,4244
53586,10965
53586,56166
53586,25496
53586,64746
53586,46954
53586,136899
53586,100775
53586,64110
53586,57754
53586,56232
53586,131642
53586,65912
53586,84096
53586,68607
53586,106549
53586,140308
53586,8815
53586,74252
53586,140565
53586,10839
53586,99239
53587,23198
53587,113826
53587,49772
53587,120850
53587,22503
53587,90688
53587,39242
53587,127416
53587,4162
53587,26929
53587,120496
53587,127125
53587,83754
53587,132592
53587,43051
53587,27886
53587,60013
53587,84061
53587,17928
53587,119444
53587,59115
53587,84455
53587,46031
53587,44219
53587,71767
53587,63325
53587,6551
53587,61917
53587,10847
53587,121329
53587,118646
53587,24742
53587,67747
53587,8632
53588,113768
53588,38130
53588,44530
53588,122752
53588,41832
53588,120519
53588,19754
53588,6336
53588,54445
53588,95300
53588,111823
53588,21339
53588,47454
53588,126824
53588,76814
53588,34826
53589,95914
53589,53602
53589,138908
53589,17234
53589,50009
53589,51980
53589,94839
53589,75809
53589,60746
53589,107263
53589,23819
53589,111756
53589,36057
53589,15030
53589,1397
53589,16736
53589,108407
53589,115525
53589,105270
53589,85978
53589,46951
53589,50880
53589,9440
53589,138172
53589,25899
53589,97963
53589,97244
53589,65207
53589,59389
53589,111110
53593,96805
53593,93975
53593,10832
53593,129964
53593,29412
53593,116492
53593,85845
53593,48560
53593,107432
53593,102486
53593,96634
53593,40694
53593,41798
53593,88176
53593,16790
53593,34335
53593,15078
53593,25776
53593,127854
53593,87965
53593,79125
53593,134704
53593,125595
53593,111250
53593,15478
53593,60403
53593,53486
53596,51199
53596,106016
53596,44442
53596,8001
53596,598
53596,35251
53596,16060
53596,23097
53596,136248
53596,41034
53596,125647
53596,33934
53596,128564
53596,126977
53596,43213
53596,26451
53596,48625
53596,2640
53596,37849
53596,61820
53596,106019
53596,120593
53596,33332
53596,23921
53596,90880
53596,124575
53596,97878
53596,39573
53596,130926
53596,88177
53596,43747
53596,111635
53599,112786
53599,123902
53599,25521
53599,21157
53599,42725
53599,102398
53599,55739
53599,6982
53599,134890
53599,115455
53599,26819
53599,27654
53599,30852
53599,117926
53599,55620
53599,135108
53599,92214
53599,13634
53599,45337
53599,113918
53599,19854
53599,269
53599,55006
53599,86202
53599,136683
53599,41329
53599,22601
53599,28318
53599,123665
53599,30977
53599,6133
53599,80291
53600,93422
53600,86419
53600,27220
53600,82374
53600,112755
53600,118045
53600,11144
53600,101576
53600,15728
53600,97867
53600,105098
53600,95471
53600,122344
53600,66843
53600,48172
53601,7609
53601,47019
53601,38532
53601,76683
53601,120476
53601,48261
53601,129537
53601,3172
53601,9817
53601,125140
53601,95908
53601,74776
53601,96587
53601,26792
53601,36190
53601,75754
53603,139764
53603,9987
53603,29301
53603,106304
53603,45882
53603,109958
53603,33083
53603,89232
53603,80778
53603,6578
53603,54906
53603,55669
53603,131932
53603,75747
53603,110346
53603,63562
53603,9456
53603,122377
53603,107174
53603,80930
53603,90312
53603,61015
53603,103663
53603,82237
53603,125299
53603,81767
53603,10552
53603,43264
53603,119942
53603,45604
53603,34728
53603,21244
53603,15716
53603,130073
53604,80864
53604,30478
53604,110436
53604,120400
53604,39936
53604,64161
53605,122621
53605,11102
53605,57584
53605,126665
53605,30338
53605,120497
53605,119085
53605,24559
53605,38750
53605,38291
53605,92663
53605,85300
53605,33977
53605,72492
53607,42261
53607,74629
53607,65169
53607,12352
53607,64451
53607,26358
53607,91006
53610,64264
53610,118327
53610,94128
53610,49669
53610,64564
53610,49011
53610,101259
53610,84500
53610,101903
53610,29113
53610,29584
53610,113785
53610,86578
53610,78584
53610,110450
53610,55054
53610,66230
53610,20441
53610,8620
53610,17640
53610,102218
53610,117247
53610,86776
53610,90501
53610,68691
53610,66901
53610,111605
53610,132028
53610,42348
53610,123195
53610,90743
53610,64361
53610,46245
53611,137741
53611,35483
53611,25955
53611,41103
53611,122178
53611,83095
53611,8369
53611,15643
53611,53361
53611,132923
53611,139907
53611,10696
53611,138983
53611,80491
53611,43159
53611,68354
53611,139306
53611,118098
53611,64299
53613,31234
53613,106408
53613,98949
53613,97541
53613,34787
53613,118733
53613,312
53613,136022
53613,91933
53613,10277
53613,69484
53613,68123
53613,22243
53614,124557
53614,87747
53614,135770
53614,13154
53614,126595
53614,81670
53614,55046
53614,40100
53614,18310
53614,48496
53614,101417
53614,94215
53614,130654
53614,82652
53614,18885
53614,31209
53614,61618
53614,42971
53614,56690
53614,55969
53614,32457
53614,69686
53614,128276
53614,48039
53614,132461
53614,3452
53614,125526
53614,65709
53616,90182
53616,64104
53616,41602
53616,4372
53616,137367
53616,24157
53616,18670
53616,85780
53616,80400
53616,22886
53616,102408
53616,92440
53616,48535
53616,26712
53616,69845
53616,51505
53616,29680
53616,83533
53616,35469
53616,62517
53616,125425
53616,103346
53616,54758
53616,38332
53616,2374
53616,64798
53616,50454
53616,124572
53616,119525
53616,125055
53616,69558
53616,138777
53621,96444
53621,62230
53621,113570
53621,7862
53621,116480
53621,26757
53621,20703
53621,14130
53621,57072
53621,101336
53621,74368
53621,52185
53621,121423
53621,115897
53621,11194
53621,114665
53621,275
53621,77719
53621,47030
53621,34447
53621,24918
53622,5641
53622,98356
53622,68339
53622,83792
53622,57829
53622,81805
53622,113419
53622,91090
53622,83873
53622,29555
53622,31625
53622,129672
53622,11906
53622,12310
53622,81872
53622,90309
53622,126752
53622,5943
53622,77431
53622,112030
53622,121332
53622,130708
53622,104077
53622,31242
53622,88182
53622,97134
53622,99933
53622,46474
53622,116222
53623,78080
53623,9194
53623,53515
53623,20698
53623,35780
53623,16097
53623,94692
53623,15943
53623,24215
53623,26626
53623,33599
53623,38729
53623,11021
53623,75901
53623,70477
53623,30521
53623,19047
53624,40271
53624,23807
53624,104803
53624,105245
53624,115093
53624,41636
53624,88589
53624,40808
53624,138259
53624,57269
53624,103223
53624,105569
53624,111620
53624,48574
53624,47810
53624,75160
53624,75304
53624,135154
53624,78234
53624,33813
53624,327
53624,59941
53624,67832
53624,72636
53624,61137
53624,87142
53624,34677
53624,36143
53624,20981
53624,135066
53626,140257
53626,36271
53626,106724
53626,14220
53626,132070
53626,113165
53627,102153
53627,57311
53627,25775
53627,51292
53627,33676
53627,81820
53627,71228
53627,136758
53627,48547
53627,32626
53627,108022
53627,88501
53627,58661
53627,45554
53627,84826
53627,86426
53627,95626
53627,97721
53627,130455
53627,19140
53627,39250
53627,100626
53627,116224
53627,71951
53627,85739
53627,105976
53627,70272
53628,132210
53628,87652
53628,19157
53628,54247
53628,34221
53628,28713
53628,135028
53628,36507
53628,37330
53628,118206
53628,128272
53628,137646
53628,73077
53628,28132
53630,84277
53630,105245
53630,17891
53630,101752
53630,127691
53630,119034
53630,40808
53630,98320
53630,3834
53630,139500
53630,57269
53630,73639
53630,78234
53630,74337
53630,50939
53630,20797
53630,78335
53630,22576
53630,138576
53630,25683
53630,26578
53630,110628
53630,61541
53630,11296
53630,57908
53630,20981
53630,60673
53634,95155
53634,5649
53634,4590
53634,112803
53634,13749
53634,17214
53634,15740
53634,77752
53634,83031
53634,74458
53634,67158
53635,66476
53635,59326
53635,9761
53635,50247
53635,44260
53635,97406
53635,122343
53636,81738
53636,41635
53636,123477
53636,61329
53636,115978
53636,136897
53636,2486
53636,17252
53636,74098
53637,77430
53637,1540
53637,128319
53637,18604
53637,4078
53637,6489
53637,17863
53637,29310
53637,47043
53637,48518
53637,57244
53637,72968
53637,76568
53637,116424
53638,84032
53638,107485
53638,111170
53638,36996
53638,4472
53638,78624
53638,104625
53638,104853
53639,121775
53639,34746
53639,5841
53639,42687
53639,20597
53639,127369
53639,92919
53639,79020
53639,88366
53639,125200
53639,128927
53639,27356
53639,135426
53639,36763
53639,130606
53639,34791
53639,24757
53639,28392
53639,20651
53639,94383
53639,95703
53639,43625
53639,7056
53639,69535
53639,22935
53639,131951
53639,10396
53639,122082
53639,88613
53639,75260
53639,32308
53640,114950
53640,56715
53640,139686
53640,15409
53640,115516
53640,80994
53640,53323
53640,17818
53640,51823
53643,75060
53643,6836
53643,60188
53643,83187
53643,58526
53643,121941
53643,31877
53643,139207
53643,5912
53643,75673
53643,62683
53643,124315
53643,31647
53643,129114
53643,94845
53643,72555
53643,5004
53643,5523
53643,74254
53643,98487
53643,116675
53643,78385
53643,85324
53643,65246
53643,34590
53643,1158
53644,25827
53644,8903
53644,124845
53644,69392
53644,104757
53644,89603
53644,82767
53644,1958
53644,31820
53644,39543
53644,7256
53644,127898
53644,66464
53644,124751
53644,78032
53644,9138
53644,27853
53644,115599
53644,52669
53644,106982
53644,131346
53644,39485
53644,85842
53644,125096
53644,106484
53644,208
53644,122935
53644,5420
53644,43875
53644,11976
53644,59329
53644,128103
53645,94699
53645,12357
53645,101804
53645,67961
53645,95182
53645,27142
53645,83364
53645,42011
53645,59322
53645,3962
53645,55050
53645,97386
53645,63276
53645,52587
53645,7011
53645,47769
53645,38837
53645,15770
53645,10177
53645,8797
53645,132279
53645,130173
53645,37726
53645,64602
53645,67389
53645,19428
53645,14530
53646,35638
53646,58951
53646,78124
53646,52032
53646,67988
53646,126077
53646,108027
53646,25574
53646,47622
53646,56259
53646,108388
53646,38308
53646,51605
53647,139186
53647,85089
53647,92634
53647,935
53647,20433
53647,77723
53648,130359
53648,48530
53648,112402
53648,42682
53648,16301
53648,1075
53648,98276
53648,123489
53648,42071
53648,2796
53648,108013
53648,90858
53648,79691
53648,74375
53648,59548
53648,13453
53648,7695
53648,20081
53648,54551
53648,43586
53648,15793
53648,35957
53648,69270
53648,70809
53648,15762
53648,55658
53648,98472
53648,19734
53648,41983
53648,69959
53648,17688
53648,56695
53648,32609
53651,22013
53651,90836
53651,43657
53651,95182
53651,1495
53651,39957
53651,48522
53651,23721
53651,89367
53651,25236
53651,37304
53651,72189
53651,12357
53651,31486
53651,68833
53651,79537
53651,85321
53651,125957
53651,62237
53651,13110
53651,25985
53651,32262
53651,119140
53651,21470
53651,66643
53651,52587
53651,3962
53651,97386
53651,37726
53651,47769
53651,67389
53651,129926
53655,72058
53655,91747
53655,50762
53655,42902
53655,137629
53655,64505
53656,88120
53656,9477
53656,52213
53656,73488
53656,103701
53657,58990
53657,79008
53657,85739
53657,20156
53657,100569
53657,114255
53657,110910
53657,32626
53657,136758
53657,48547
53657,19140
53657,120160
53657,45554
53657,111176
53657,70272
53657,129506
53657,128224
53657,109806
53657,103469
53657,47869
53657,86426
53657,79114
53657,26823
53657,95626
53657,100626
53657,116224
53657,39250
53657,7881
53657,9733
53657,105860
53657,113386
53660,32933
53660,88562
53660,75875
53660,91825
53660,19143
53660,121207
53660,59810
53660,133887
53660,68121
53660,40621
53660,736
53660,126447
53660,121501
53660,60218
53660,85341
53660,52378
53660,79621
53660,22931
53660,16472
53660,77473
53660,40592
53660,58180
53660,32504
53660,37572
53660,128844
53660,105428
53660,34836
53660,74196
53660,73799
53660,95848
53660,94567
53661,61639
53661,59354
53661,137301
53661,105534
53661,36289
53661,1696
53661,73822
53661,121809
53661,21081
53661,63365
53661,51641
53661,9279
53661,19797
53661,82195
53661,9959
53661,116598
53661,98615
53661,93485
53661,10242
53661,140696
53661,30326
53661,117043
53661,122409
53661,100293
53661,526
53661,117870
53661,66365
53661,81591
53661,109598
53661,139966
53661,113035
53662,80930
53662,107174
53662,63562
53662,45604
53662,80778
53662,34728
53662,117972
53662,2356
53662,139764
53662,109237
53662,122466
53662,81767
53662,19626
53662,54906
53662,110977
53662,8243
53662,63412
53662,32788
53662,77788
53662,41396
53662,4297
53662,123948
53662,18107
53662,87188
53662,15716
53662,118366
53662,43997
53662,37733
53662,81762
53664,78737
53664,90361
53664,79283
53664,117192
53664,16123
53664,110900
53664,110095
53664,9652
53664,61438
53664,77017
53664,61062
53664,133625
53664,28463
53664,115198
53664,131548
53664,83697
53664,118153
53664,107574
53664,62108
53664,124274
53664,96821
53664,7738
53664,136705
53664,93582
53664,96592
53664,16172
53665,53652
53665,137340
53665,73528
53665,49729
53665,111964
53665,84303
53665,30582
53665,64660
53667,117915
53667,131395
53667,48167
53667,131657
53667,108435
53667,111594
53667,79900
53667,66289
53667,40709
53667,116682
53667,73263
53667,132869
53667,20859
53667,52656
53667,49309
53667,105492
53667,72383
53667,92815
53667,58262
53671,135519
53671,105623
53671,105266
53671,29739
53671,87986
53671,71940
53671,81521
53671,75456
53671,130479
53671,64098
53671,101058
53671,66297
53671,74267
53671,117414
53671,135569
53671,123688
53671,90799
53671,52253
53671,50650
53671,33563
53671,123753
53671,83396
53671,90028
53671,34985
53671,52791
53671,133201
53671,111681
53671,97902
53671,56399
53671,39490
53672,29713
53672,129518
53672,45924
53672,27989
53672,63361
53672,93057
53673,4548
53673,57978
53673,105227
53673,96000
53673,54111
53673,4204
53673,58155
53673,18300
53673,13994
53673,131860
53673,113298
53673,132626
53673,120680
53676,16397
53676,23697
53676,88345
53676,55688
53676,44497
53676,135286
53676,24996
53676,36029
53676,72684
53676,97264
53676,5541
53676,9253
53676,117177
53677,108894
53677,96436
53677,63672
53677,80908
53677,78848
53677,138890
53677,135280
53677,88699
53677,39021
53677,59036
53677,103691
53677,9878
53677,127279
53677,13745
53677,79277
53677,61542
53677,28119
53677,11929
53677,9994
53677,39790
53677,120569
53677,5583
53677,123733
53677,38317
53677,56980
53677,78337
53677,15050
53677,113
53677,38431
53677,57214
53678,119794
53678,83096
53678,138641
53678,120420
53678,117771
53678,5700
53678,93203
53679,69480
53679,36354
53679,104292
53679,59340
53679,46135
53679,74680
53679,128576
53679,113525
53679,113597
53679,104714
53679,8678
53679,87898
53679,51921
53679,74526
53679,122063
53679,62139
53679,11167
53679,77205
53679,3763
53679,74255
53679,52243
53679,287
53679,58921
53679,57931
53679,42418
53679,128646
53679,126255
53679,133814
53679,697
53679,13260
53679,7386
53679,67677
53679,19694
53679,56209
53682,119002
53682,44213
53682,110915
53682,54795
53682,50366
53682,79141
53684,115954
53684,64020
53684,126013
53684,131314
53684,92436
53684,125747
53684,121785
53684,119159
53684,16631
53684,8992
53684,96136
53684,120541
53684,115168
53684,14119
53684,67308
53684,100674
53684,9215
53684,113032
53684,21222
53684,120514
53684,115431
53684,6532
53684,43815
53684,137330
53684,106070
53684,22414
53684,45901
53684,112806
53684,116460
53684,117744
53684,99475
53684,99236
53684,91381
53684,97147
53686,53547
53686,111508
53686,124166
53686,98106
53686,225
53686,69489
53686,19743
53686,89951
53686,31359
53686,18085
53686,65100
53686,137514
53686,85065
53686,91084
53686,81465
53686,117012
53686,115213
53686,67376
53686,95369
53686,74298
53686,98457
53686,39748
53686,131344
53686,56064
53686,91687
53686,136880
53686,79068
53686,80251
53686,126732
53686,46505
53686,4256
53686,62168
53691,54048
53691,30443
53691,54630
53691,122931
53691,66630
53691,57843
53691,48130
53691,81997
53691,36472
53691,111979
53691,17508
53691,92632
53691,89564
53691,13741
53691,34936
53691,85199
53691,97016
53691,39235
53691,111805
53691,118210
53691,112695
53691,33839
53691,87526
53691,89566
53691,40226
53691,63544
53691,94023
53691,88870
53693,77275
53693,59111
53693,137056
53693,133227
53693,110866
53693,59559
53693,110336
53693,6140
53693,38345
53693,86428
53693,11668
53693,117391
53693,105959
53693,120379
53693,5325
53693,38375
53693,132031
53693,117713
53693,97213
53693,72602
53693,114046
53693,23247
53693,428
53693,104004
53693,34524
53693,91021
53693,544
53693,106560
53693,119252
53693,109087
53693,2281
53693,134790
53693,2410
53693,1454
53694,131399
53694,89665
53694,46483
53694,26263
53694,65529
53694,47370
53694,63666
53694,65972
53694,134908
53694,77869
53694,222
53694,124374
53694,139945
53695,2706
53695,76077
53695,94063
53695,42936
53695,23366
53695,135221
53695,41737
53695,35035
53695,75868
53695,8197
53695,109308
53695,17355
53695,95229
53695,53188
53695,74979
53695,107111
53695,24893
53695,49258
53695,117070
53695,129133
53695,52256
53695,52599
53695,62736
53695,65214
53695,90267
53695,121309
53695,101241
53695,56784
53695,111154
53695,115520
53695,3131
53695,61514
53698,66104
53698,125045
53698,23577
53698,34609
53698,599
53698,66042
53698,68588
53698,38911
53698,65175
53698,39817
53698,121213
53698,89023
53698,99429
53698,121004
53698,56074
53698,66497
53698,71000
53698,82798
53698,107780
53698,129565
53698,16490
53698,74584
53698,84425
53699,95764
53699,11458
53699,106206
53699,118317
53699,108735
53699,62391
53699,58491
53699,42784
53699,47603
53699,30824
53700,13674
53700,16826
53700,118766
53700,94080
53700,91254
53700,78866
53700,11948
53700,100081
53700,70683
53700,75637
53700,86858
53700,131580
53700,70903
53700,26269
53700,71216
53700,5961
53700,88778
53700,32114
53700,127861
53700,47556
53700,85894
53700,68206
53700,108213
53700,67161
53702,111595
53702,139270
53702,120718
53702,1983
53702,110172
53702,62047
53702,116240
53702,102692
53703,48411
53703,59866
53703,104031
53703,18158
53703,3791
53703,9582
53703,9698
53703,105246
53704,26564
53704,26103
53704,9144
53704,19461
53704,6005
53704,63027
53704,48693
53704,124327
53704,140459
53704,94817
53704,48874
53704,113067
53704,75732
53704,45957
53704,139377
53704,109441
53704,80380
53704,89669
53705,124166
53705,24021
53705,137514
53705,136025
53705,98359
53705,84526
53705,119127
53705,91687
53705,18085
53705,117012
53705,89951
53706,87805
53706,62036
53706,32224
53706,22308
53706,134438
53706,107226
53706,109168
53706,6638
53706,137248
53706,47065
53706,127788
53706,19367
53706,63068
53706,97069
53706,107452
53706,53621
53706,25989
53706,110917
53706,139151
53706,72051
53706,37457
53706,65131
53706,114867
53706,85569
53706,20072
53706,112330
53706,52397
53706,137063
53706,87189
53706,72300
53706,6976
53706,34666
53707,51980
53707,50009
53707,95914
53707,53602
53707,138908
53707,75809
53707,107263
53707,105270
53707,115525
53707,17234
53707,104526
53707,50880
53707,87046
53707,1397
53707,85978
53707,97244
53707,46951
53707,15030
53707,97963
53707,139656
53707,16736
53707,9440
53707,94839
53707,138172
53707,111110
53709,122254
53709,12563
53709,48510
53709,63818
53709,138461
53709,36357
53709,27333
53709,124988
53709,83815
53709,61095
53709,37519
53709,548
53709,139358
53709,30494
53709,90725
53709,124622
53709,76353
53709,109075
53709,29803
53709,109300
53709,80382
53709,123150
53709,39587
53709,128181
53709,24587
53709,25794
53709,94671
53709,122912
53709,66281
53709,100655
53709,118464
53709,78252
53710,96974
53710,114174
53710,91975
53710,79437
53710,94897
53710,116549
53710,82267
53711,124198
53711,107116
53711,55399
53711,43863
53711,80618
53711,83953
53711,1162
53711,59797
53712,137997
53712,124342
53712,24545
53712,21018
53712,116942
53712,37818
53712,131892
53712,14082
53712,35223
53712,104517
53712,90845
53712,70177
53712,77089
53712,59781
53712,77914
53712,114932
53712,134323
53712,78500
53712,38419
53712,94455
53712,90809
53712,46274
53712,68420
53712,26248
53712,60846
53712,125083
53712,60468
53712,40279
53712,77795
53712,59657
53712,122112
53712,38904
53712,117294
53713,135414
53713,18631
53713,36331
53713,109559
53713,45449
53713,117267
53713,130289
53713,22588
53713,33022
53713,129857
53713,117209
53713,103457
53713,40630
53713,9902
53713,54994
53715,36066
53715,95906
53715,129563
53715,12236
53715,15636
53715,76543
53715,103094
53715,130
53715,41342
53715,61376
53715,88301
53715,115489
53715,22302
53715,9248
53715,27474
53715,122256
53715,131253
53715,49274
53715,68576
53715,124859
53715,23687
53715,22427
53715,126512
53717,59817
53717,30304
53717,86907
53717,106919
53717,67607
53717,8150
53717,53917
53717,122819
53717,44484
53717,41151
53717,37731
53717,24960
53717,69678
53717,120466
53717,17054
53717,70938
53717,77060
53717,63285
53720,84171
53720,85424
53720,34641
53720,97718
53720,66736
53720,10848
53720,116424
53720,140519
53720,31236
53720,129522
53720,107132
53720,27432
53720,93912
53720,49166
53720,20905
53720,63915
53720,13466
53720,36064
53720,66520
53720,28064
53720,47043
53720,69096
53720,92753
53720,102884
53720,58117
53720,10115
53720,112537
53720,101304
53720,113857
53720,47231
53720,86784
53720,29733
53721,137209
53721,96356
53721,44485
53721,46068
53721,46411
53721,77772
53721,118824
53721,86021
53721,89097
53721,34169
53721,129643
53721,54116
53721,36650
53721,109612
53721,113164
53723,118034
53723,50435
53723,134152
53723,22160
53723,119536
53723,43718
53723,54548
53723,64368
53723,26251
53723,50408
53723,32048
53723,32516
53723,104746
53723,118182
53723,70054
53723,10719
53723,118465
53723,104504
53723,82921
53723,62003
53723,80502
53723,16149
53723,59952
53723,39374
53723,23350
53723,57426
53723,137054
53723,133682
53723,2053
53723,57469
53723,109021
53723,45609
53723,76534
53723,74567
53724,101880
53724,103888
53724,8617
53724,18791
53724,81313
53724,91499
53724,123637
53724,89054
53725,43052
53725,102191
53725,92075
53725,45651
53725,67652
53725,12273
53725,22695
53725,101579
53725,105905
53725,42030
53725,56226
53725,42559
53725,65229
53725,51419
53725,116983
53725,7536
53725,2078
53725,78253
53725,133084
53725,110244
53725,138344
53725,57914
53725,128358
53725,27692
53725,3995
53725,134918
53725,119695
53725,78091
53725,17595
53725,28252
53725,67725
53725,10306
53725,117039
53726,62467
53726,72648
53726,17531
53726,138075
53726,23138
53726,89503
53726,23321
53726,5033
53726,50808
53726,118915
53726,66255
53726,31204
53726,36437
53726,73490
53726,128131
53726,87014
53726,76893
53726,45787
53726,42287
53726,112140
53726,25606
53726,3629
53726,4531
53726,66827
53726,44754
53726,48868
53726,53761
53726,55185
53726,39073
53726,118661
53726,33782
53726,38177
53726,135739
53727,100149
53727,2704
53727,46466
53727,56333
53727,68795
53727,885
53727,93033
53727,134178
53727,138466
53727,12898
53727,16934
53727,69863
53727,84167
53727,5687
53727,100686
53727,48925
53727,36855
53727,114006
53727,20531
53727,4287
53727,109393
53727,121880
53727,50417
53727,91848
53727,68766
53727,113505
53727,31919
53727,24847
53727,138069
53727,57075
53728,122099
53728,27178
53728,86979
53728,121530
53728,82270
53728,73890
53728,13564
53728,46959
53728,8095
53728,4384
53728,29481
53728,37007
53728,138386
53728,6252
53732,125599
53732,2809
53732,1591
53732,136489
53732,74169
53732,88485
53732,69575
53732,81048
53732,102355
53732,65758
53732,88593
53732,123800
53732,129233
53732,121692
53732,114474
53732,107727
53732,21474
53732,3713
53732,16111
53732,43387
53732,63663
53732,8515
53734,68487
53734,9665
53734,1497
53734,47846
53734,28731
53734,77360
53734,82927
53734,53494
53734,128615
53734,96144
53734,48671
53734,58051
53734,16649
53734,7880
53734,57790
53734,139530
53736,97799
53736,99340
53736,123699
53736,27069
53736,93035
53736,138900
53736,111830
53736,82816
53736,83001
53736,65332
53736,9128
53736,132744
53736,34026
53736,122153
53736,14005
53736,19675
53736,75809
53736,5947
53736,76111
53736,58883
53736,124658
53736,86686
53736,63262
53736,73082
53736,138172
53736,30528
53736,105270
53736,100304
53736,25464
53736,86442
53736,72122
53737,87720
53737,37614
53737,5648
53737,30165
53737,128546
53737,64001
53737,56818
53737,21118
53737,121743
53737,98552
53737,77110
53737,50931
53737,71666
53737,112358
53737,15736
53737,5874
53737,50518
53737,33474
53737,83650
53737,113688
53737,119378
53737,128766
53737,35918
53737,46297
53737,97262
53737,11756
53737,31301
53737,82805
53737,25319
53737,61458
53737,474
53739,31951
53739,81598
53739,22859
53739,49822
53739,57363
53741,132091
53741,15602
53741,73319
53741,98534
53741,70165
53741,57174
53741,93017
53745,134518
53745,22173
53745,4502
53745,63
53745,39608
53745,87435
53745,138300
53745,138871
53745,49159
53745,12025
53745,78458
53745,20492
53745,104733
53745,238
53745,108339
53745,56048
53745,133847
53745,14466
53745,71032
53745,38588
53745,48893
53745,68763
53745,13902
53745,52061
53745,94662
53745,51442
53745,87940
53745,112499
53745,140288
53745,122442
53745,18475
53745,56189
53745,75740
53746,98242
53746,12116
53746,16071
53746,140024
53746,138458
53746,38473
53746,137282
53746,34485
53746,93220
53746,49124
53746,34705
53746,18919
53746,49158
53746,18667
53746,24977
53746,68010
53746,101729
53746,23637
53746,11382
53746,105982
53746,84186
53746,133876
53747,133764
53747,6975
53747,58483
53747,68718
53747,74281
53747,92541
53747,60297
53747,11676
53747,29734
53747,71530
53747,119088
53747,64868
53747,26501
53747,61555
53747,109133
53747,47260
53747,8669
53747,39323
53747,86278
53747,2243
53747,71095
53747,39609
53747,19561
53747,109298
53747,13749
53747,24713
53747,76569
53747,113345
53747,27846
53747,62947
53747,95155
53747,130825
53748,81787
53748,15640
53748,125261
53748,18294
53748,37820
53748,80336
53748,6642
53748,43888
53748,16246
53748,12870
53748,77254
53748,49855
53748,139193
53748,45731
53748,86248
53748,21167
53748,51883
53748,123391
53748,122002
53748,68364
53748,42678
53748,86079
53748,91667
53748,19413
53748,46317
53748,108197
53748,86654
53748,63965
53748,7060
53750,32050
53750,62733
53750,6240
53750,62169
53750,81191
53750,67990
53750,89516
53750,127181
53750,138312
53751,24545
53751,35223
53751,70177
53751,90845
53751,137997
53751,124342
53751,77089
53751,37818
53751,104517
53751,116942
53751,131892
53751,60846
53751,78500
53751,114932
53751,59781
53751,40279
53751,14082
53751,21018
53751,49656
53751,134154
53751,38419
53751,68420
53751,134323
53751,125083
53751,77914
53751,77795
53751,38904
53751,90809
53751,59657
53751,117294
53751,94455
53751,122112
53752,107212
53752,77845
53752,11473
53752,139723
53752,89016
53752,85141
53752,41467
53752,29002
53752,91279
53752,50789
53752,104749
53752,70798
53752,41311
53752,32867
53752,137581
53752,5733
53752,58077
53752,20129
53752,38514
53752,14331
53752,114462
53752,115317
53752,121167
53752,94196
53752,113933
53752,134907
53752,56827
53752,61898
53752,31456
53752,67388
53752,7245
53752,129331
53753,121275
53753,140304
53753,51555
53753,48512
53753,21150
53753,58015
53753,75807
53753,47543
53753,88988
53753,90665
53753,52095
53753,21805
53753,114177
53753,129861
53753,12455
53753,55158
53753,2899
53753,31381
53753,5988
53753,55109
53753,90509
53753,131402
53753,45412
53753,88307
53753,82051
53753,125859
53753,131324
53753,25746
53753,100473
53753,34966
53753,18566
53753,109535
53755,96761
53755,38750
53755,18053
53755,135537
53755,51066
53755,84122
53755,83834
53755,135779
53755,100685
53755,138470
53755,31169
53755,62400
53755,120497
53755,85300
53755,64569
53755,129228
53755,106819
53755,108824
53755,556
53755,72492
53755,33977
53755,24559
53762,137997
53762,124342
53762,116942
53762,104517
53762,59781
53762,21018
53762,40279
53762,14082
53762,26248
53762,24545
53762,46274
53762,94455
53762,38419
53762,60846
53762,35223
53762,59657
53762,122112
53762,117294
53762,77795
53762,60468
53764,72424
53764,59324
53764,112502
53764,68495
53764,95258
53764,97574
53764,66957
53764,88347
53764,128090
53764,38091
53764,5124
53764,52451
53764,125849
53764,118936
53764,55070
53764,78572
53764,112345
53764,55019
53764,111838
53764,66475
53764,29927
53764,138575
53764,131828
53764,1753
53764,3367
53764,23190
53764,44796
53764,77990
53764,103339
53768,30565
53768,78053
53768,51245
53768,84609
53768,37424
53768,18308
53768,107480
53768,86296
53768,70447
53768,44808
53768,71643
53768,109233
53768,5568
53768,115075
53768,61221
53768,59732
53768,21652
53768,31936
53768,85308
53768,79571
53768,122098
53768,11224
53768,19377
53768,7069
53768,43259
53768,75087
53768,21267
53768,61953
53768,46292
53768,10995
53768,128387
53768,137068
53768,45711
53769,81542
53769,22780
53769,82317
53769,5380
53769,131352
53769,94261
53769,16845
53769,131880
53769,20937
53769,42329
53769,8508
53769,9169
53769,33130
53769,13934
53769,2353
53769,79868
53769,66475
53769,123096
53769,139000
53769,51026
53769,134671
53769,51465
53769,59056
53769,78549
53769,130725
53769,44027
53769,99741
53769,120274
53769,138354
53769,41004
53769,88347
53769,29044
53770,23777
53770,97785
53770,117771
53770,123801
53770,51492
53770,110836
53770,80396
53770,84296
53770,54187
53770,90803
53770,70405
53770,59206
53770,126942
53770,136210
53770,39517
53770,104770
53770,59466
53770,10987
53770,83789
53770,41215
53770,114924
53770,755
53770,101198
53770,28877
53770,1147
53770,43662
53770,80999
53770,108023
53770,55859
53770,25884
53770,7573
53770,62134
53771,18878
53771,92720
53771,102851
53771,41718
53771,104956
53771,4285
53771,103987
53771,55337
53771,97717
53771,25083
53771,129770
53774,44269
53774,2951
53774,131220
53774,68470
53774,140203
53774,73702
53774,57096
53774,32343
53774,74632
53774,113606
53774,33210
53774,139901
53774,60225
53774,78594
53774,61154
53774,30713
53774,139748
53774,9319
53774,89032
53774,38133
53774,123576
53774,125280
53774,55420
53774,109000
53774,129814
53774,123681
53774,14649
53775,39286
53775,111284
53775,123157
53775,21317
53775,78414
53775,138229
53775,120068
53775,36416
53775,115387
53775,118442
53775,83315
53775,27567
53775,14718
53775,5029
53775,21891
53775,39484
53775,52558
53775,108883
53775,130879
53775,88004
53775,28240
53775,71333
53775,8626
53775,48739
53775,111901
53775,7969
53776,62910
53776,27476
53776,19775
53776,30857
53776,65175
53776,111387
53776,125045
53776,99429
53776,66104
53776,599
53776,46562
53776,25439
53776,102146
53776,39817
53776,47408
53776,34609
53776,93005
53776,64067
53776,66042
53776,68588
53776,121004
53776,136276
53776,112980
53776,71000
53776,38911
53776,16600
53776,56074
53776,7189
53776,107780
53776,121213
53776,85540
53776,132761
53776,72119
53777,64519
53777,114895
53777,9403
53777,98146
53777,129096
53777,27063
53777,57694
53777,23077
53777,131909
53777,104192
53777,35459
53777,114815
53777,55273
53777,67849
53777,34185
53777,136699
53777,78896
53777,84018
53777,86407
53777,53217
53777,35154
53777,730
53777,74164
53777,96769
53777,138705
53777,117370
53777,83988
53777,67597
53777,112512
53777,30721
53777,64296
53777,71704
53778,61085
53778,22630
53778,98967
53778,51086
53778,50072
53778,67648
53778,131468
53778,95320
53778,48382
53778,127348
53778,99451
53778,49257
53778,58615
53778,59961
53779,61060
53779,93640
53779,77283
53779,25614
53779,27369
53779,11684
53779,36791
53779,134528
53779,27738
53779,52738
53779,103313
53779,113971
53779,78815
53779,30820
53779,32943
53780,60994
53780,13235
53780,113355
53780,49163
53780,112190
53780,131219
53780,21576
53780,87592
53780,12684
53780,116433
53780,24279
53780,70725
53780,99546
53780,119368
53780,107937
53780,75389
53780,109306
53780,127659
53780,102618
53780,45860
53780,30454
53780,18312
53780,84852
53780,2971
53781,79251
53781,23067
53781,21028
53781,21948
53781,126271
53781,66455
53781,18062
53781,7838
53781,13802
53781,101380
53781,34413
53781,115563
53781,22315
53781,139646
53781,107696
53781,118009
53781,53238
53781,107722
53781,72
53781,111040
53781,68311
53781,63885
53781,11985
53781,63847
53781,117029
53781,66833
53781,17990
53781,45681
53781,63937
53781,77636
53783,65063
53783,91780
53783,120404
53783,38970
53783,59648
53783,10562
53783,22284
53783,87670
53783,73079
53783,4321
53783,90862
53783,24727
53783,120392
53783,51473
53783,59835
53783,77038
53783,120746
53783,32880
53783,57257
53783,81604
53783,110872
53783,71034
53783,80678
53783,2291
53783,125444
53783,17371
53783,15835
53783,73497
53783,121038
53783,95798
53783,46979
53785,137374
53785,139013
53785,72802
53785,50371
53785,125719
53785,131603
53785,117326
53785,37653
53785,17617
53785,62169
53785,25449
53785,126260
53785,106364
53785,45674
53785,10764
53785,40081
53785,84250
53785,125955
53785,6814
53785,69697
53785,51618
53785,24380
53785,14545
53785,67883
53785,86632
53785,94794
53785,38869
53786,89808
53786,13288
53786,124834
53786,48995
53786,84084
53786,62599
53786,109387
53786,13809
53786,20088
53786,48387
53786,36933
53786,58710
53786,109520
53786,95547
53786,53585
53786,89777
53786,13148
53786,132482
53787,124763
53787,50864
53787,129843
53787,91169
53787,59729
53787,101276
53787,120535
53787,98216
53787,109404
53787,86152
53787,71784
53787,64733
53787,73750
53787,106653
53787,40661
53787,39277
53787,35646
53787,2384
53787,135040
53787,53496
53787,135168
53787,103549
53787,37053
53787,53930
53787,98568
53787,82625
53787,45331
53787,37182
53787,1249
53787,55213
53787,113682
53787,7941
53787,102315
53789,133634
53789,24572
53789,35818
53789,45878
53789,44913
53789,68188
53789,29827
53789,105599
53789,31968
53789,41263
53789,80086
53789,86126
53789,86528
53789,104370
53789,90958
53789,70808
53789,128540
53791,65855
53791,113582
53791,81217
53791,73184
53791,83438
53791,100594
53791,39047
53791,30562
53791,61111
53791,54873
53791,96513
53791,65520
53791,69022
53791,62510
53791,12228
53791,55399
53791,83953
53791,30422
53791,118395
53791,57378
53791,101697
53791,137189
53791,98803
53791,68744
53791,87788
53791,109731
53791,25268
53792,112113
53792,10216
53792,74827
53792,121285
53792,97491
53792,42013
53792,117203
53792,92790
53792,124142
53792,2902
53792,108658
53792,92256
53792,122596
53792,128263
53792,123424
53792,117232
53792,82151
53792,56662
53792,65146
53792,69688
53792,139032
53792,37282
53792,136287
53792,115699
53792,39522
53792,3674
53792,88899
53792,126157
53792,133790
53792,80347
53793,86409
53793,51021
53793,68164
53793,983
53793,3634
53793,102302
53793,93311
53793,16162
53793,126861
53793,100530
53793,30001
53793,44068
53793,79830
53793,50368
53793,36903
53793,13008
53793,62090
53793,78949
53793,68233
53793,126531
53793,41793
53793,53472
53793,140236
53793,87032
53793,27016
53793,25164
53793,23188
53793,25421
53793,58238
53795,6052
53795,32831
53795,27313
53795,4867
53795,104470
53795,49742
53795,60372
53795,18551
53795,93829
53796,110813
53796,65984
53796,83110
53796,122659
53796,89073
53796,40649
53796,89991
53796,67974
53796,44306
53796,67853
53796,83045
53796,131712
53796,351
53796,86916
53796,137118
53796,71671
53796,93944
53796,74474
53796,117976
53796,57724
53796,59526
53796,2979
53796,22082
53796,104480
53796,88901
53796,8563
53796,33912
53796,78283
53796,55690
53796,21812
53796,89119
53796,109431
53796,9467
53799,67813
53799,77192
53799,29006
53799,42013
53799,94837
53799,95519
53799,123424
53799,131410
53799,136917
53799,119306
53799,21062
53799,12573
53799,108658
53799,40380
53799,63454
53799,128263
53799,120987
53799,63848
53799,92749
53799,56111
53799,43987
53799,82151
53799,117232
53799,57385
53799,78541
53799,136287
53799,66829
53799,105570
53799,99360
53799,3674
53799,128115
53799,126157
53799,133790
53800,12283
53800,107732
53800,162
53800,129900
53800,95085
53800,39160
53800,99130
53800,43830
53800,66102
53800,18873
53800,60785
53800,59058
53800,84552
53800,135423
53800,21708
53800,52199
53800,117509
53800,31573
53800,81199
53800,38898
53800,12609
53800,116080
53800,83473
53800,87006
53800,42981
53800,41066
53800,14669
53800,83043
53800,49959
53800,18255
53800,26006
53800,17880
53802,48512
53802,51555
53802,2899
53802,58015
53802,68658
53802,121275
53802,55158
53802,114177
53802,90665
53802,46094
53802,112301
53802,100473
53802,12507
53802,90509
53802,45412
53802,52463
53802,3988
53802,28070
53802,114731
53802,117559
53802,85323
53804,4445
53804,100869
53804,106245
53804,54720
53804,48131
53804,140637
53804,49047
53804,5766
53804,22806
53804,42724
53804,19337
53807,15642
53807,121419
53807,32462
53807,4564
53807,95732
53807,134094
53807,52870
53807,19971
53807,120594
53807,41838
53807,134777
53807,44596
53807,114899
53807,129583
53807,122797
53807,129701
53807,85320
53807,18094
53807,4387
53808,90730
53808,126657
53808,77360
53808,56042
53808,68923
53808,41278
53808,23268
53808,36427
53808,105408
53808,83736
53808,1230
53808,70934
53808,130807
53808,25416
53808,10996
53808,34251
53808,23212
53808,76379
53808,61529
53808,126719
53808,98736
53808,35817
53808,48671
53808,139366
53808,6439
53808,60277
53808,10746
53808,90693
53808,30950
53808,5002
53808,38725
53810,41808
53810,70857
53810,66798
53810,55047
53810,135128
53810,114451
53810,87248
53810,102205
53810,97860
53810,22744
53810,35543
53810,80693
53810,49305
53810,44126
53810,81188
53810,92828
53810,127377
53810,111789
53810,130704
53811,95490
53811,11396
53811,121047
53811,116793
53811,139138
53811,138204
53811,137984
53811,127213
53811,122757
53811,109496
53811,105139
53811,81792
53811,14133
53811,23121
53811,37255
53811,47644
53811,112335
53811,58027
53811,79137
53811,9992
53811,103885
53811,68118
53811,18329
53811,61167
53811,46859
53811,66800
53811,95012
53811,128461
53811,75913
53812,39286
53812,20241
53812,123157
53812,115311
53812,8498
53812,138229
53812,11850
53812,38840
53812,120068
53812,118355
53812,94634
53812,38196
53812,52558
53812,112383
53812,118442
53812,80826
53812,39484
53812,21891
53812,125832
53812,95193
53812,44960
53812,66339
53812,28325
53812,7969
53815,59533
53815,4684
53815,66251
53815,111945
53815,124260
53818,129990
53818,9109
53818,59494
53818,79677
53818,5902
53818,108588
53818,6375
53818,10346
53818,77385
53818,30219
53818,118210
53818,106998
53818,30414
53818,112408
53818,91838
53818,75260
53818,28168
53818,94072
53818,13581
53818,84641
53818,94383
53818,138378
53818,112868
53818,76541
53818,88870
53818,50581
53818,65429
53820,9788
53820,8343
53820,101743
53820,29559
53820,23095
53820,49738
53820,119159
53820,6087
53820,30057
53820,61069
53820,58023
53820,2267
53820,129404
53820,65704
53820,117931
53820,137946
53820,63545
53820,56579
53820,48583
53820,67897
53820,69514
53820,139557
53820,72402
53820,74882
53820,61463
53820,62167
53820,59565
53820,97147
53820,85894
53820,13019
53820,560
53820,83019
53820,43278
53822,107398
53822,36454
53822,22290
53822,3471
53822,42618
53822,126534
53822,69322
53822,93239
53822,104563
53824,91975
53824,30738
53824,133943
53824,96206
53824,27632
53824,136813
53824,106495
53824,109610
53824,138452
53824,80709
53824,75205
53824,4503
53824,35679
53824,67233
53824,77074
53824,5322
53824,69184
53824,95095
53824,67477
53824,31825
53824,133235
53824,105759
53824,59721
53824,70463
53824,79398
53824,75408
53824,63188
53824,55127
53824,41337
53824,113983
53824,129914
53824,119527
53825,69649
53825,135146
53825,57098
53825,87756
53825,102276
53825,74640
53825,15571
53825,134393
53825,126910
53825,56214
53825,132203
53826,1015
53826,91186
53826,63769
53826,29809
53826,67991
53827,135695
53827,57983
53827,40647
53827,71039
53827,21167
53827,117970
53827,58641
53827,30880
53827,125261
53827,125656
53827,6913
53827,71152
53827,107698
53827,68544
53827,81849
53827,113152
53827,48556
53827,45667
53827,97500
53827,103665
53827,63202
53827,74022
53827,83158
53827,26418
53827,42723
53827,129376
53827,140391
53827,108197
53827,91330
53827,40663
53827,134459
53827,68364
53827,65930
53828,2806
53828,64543
53828,40300
53828,135652
53828,22624
53828,128857
53828,26390
53828,84669
53828,76127
53828,70479
53828,36624
53828,119475
53828,71478
53828,115844
53829,81787
53829,77254
53829,125261
53829,18294
53829,80336
53829,37820
53829,15640
53829,12870
53829,49855
53829,10827
53829,43888
53829,46317
53829,86248
53829,68364
53829,122002
53829,119991
53829,91667
53829,19413
53829,108197
53829,6642
53829,86079
53829,86654
53829,45731
53830,128605
53830,138376
53830,67867
53830,138380
53830,38227
53830,129083
53830,89258
53830,52899
53830,15251
53830,115314
53830,62473
53830,126131
53830,34012
53830,130585
53830,135153
53830,105910
53830,138061
53830,76439
53830,74707
53830,49506
53830,30522
53830,12388
53830,63810
53830,22633
53830,17329
53830,6997
53830,127481
53830,86375
53830,109270
53830,30409
53830,117998
53830,109686
53830,32374
53832,65235
53832,118424
53832,57001
53832,51418
53832,126306
53832,137852
53832,49210
53832,61950
53832,112575
53832,16263
53832,126549
53832,86180
53832,80666
53832,16738
53832,62955
53832,65779
53832,4579
53832,135010
53832,75716
53832,47102
53832,66223
53832,139310
53832,139626
53832,7196
53832,64598
53832,53845
53832,105449
53832,86277
53832,115077
53832,61179
53832,110546
53832,123092
53832,73027
53833,137997
53833,124342
53833,116942
53833,131892
53833,14082
53833,35223
53833,37818
53833,38419
53833,104517
53833,70177
53833,77089
53833,90845
53833,21018
53833,77914
53833,114932
53833,78500
53833,24545
53833,49656
53833,134154
53833,90809
53833,68420
53833,59781
53833,26248
53833,125083
53833,77795
53833,40279
53833,59657
53833,60468
53833,60846
53833,46274
53833,94455
53833,117294
53833,122112
53834,48678
53834,20445
53834,73356
53834,6742
53834,100523
53834,113892
53834,7739
53834,94807
53834,45658
53834,9016
53834,25570
53834,36263
53834,86205
53834,135446
53834,73268
53834,122455
53834,102445
53834,95788
53834,128946
53834,31419
53834,39789
53834,75748
53834,62219
53834,54947
53834,128708
53834,21318
53834,109478
53834,136428
53834,140645
53834,13992
53834,69487
53834,24430
53835,89476
53835,89341
53835,54438
53835,64488
53835,59471
53835,92772
53835,3820
53835,50016
53835,72521
53835,121675
53835,102466
53835,75659
53835,86340
53835,58579
53835,99355
53835,89579
53835,129203
53835,101874
53835,4292
53835,19266
53835,21824
53835,111707
53835,5286
53835,93071
53835,92611
53835,10582
53835,122734
53835,98323
53835,99349
53835,133093
53835,80635
53835,4646
53836,136469
53836,248
53836,91601
53836,93978
53836,140202
53836,108191
53836,69670
53836,9801
53836,98465
53836,11297
53836,11957
53836,60274
53836,57690
53836,89878
53836,27617
53836,116063
53836,26016
53836,17642
53836,37450
53836,97704
53836,125343
53836,88671
53836,13139
53836,132490
53836,41484
53836,55264
53836,102251
53836,135249
53836,28414
53836,108094
53836,12346
53836,40412
53836,78841
53839,119367
53839,60043
53839,56870
53839,101287
53839,4548
53839,97605
53839,19127
53839,38534
53839,45122
53839,89868
53839,88471
53839,19777
53839,48157
53839,18977
53839,18300
53839,10292
53839,136402
53839,61344
53839,40726
53839,39085
53839,55401
53839,90475
53839,27007
53839,44941
53839,71613
53839,42799
53839,7970
53839,86041
53839,102049
53840,48377
53840,57087
53840,47842
53840,97162
53840,79033
53840,11408
53840,16627
53840,135398
53840,137576
53840,123781
53840,33231
53840,15822
53840,63629
53840,120822
53840,23300
53840,126470
53840,95821
53840,11970
53840,74633
53840,10159
53840,54873
53840,139639
53840,39047
53840,39677
53841,4589
53841,63849
53841,120820
53841,132587
53841,139536
53841,104877
53841,102432
53841,15627
53841,65305
53841,107466
53841,129955
53841,106487
53841,9636
53841,12311
53841,2779
53841,61800
53841,135645
53841,36138
53841,120539
53841,119692
53841,34107
53841,134668
53841,58151
53841,98600
53841,109140
53841,127581
53841,80264
53841,48013
53841,99682
53841,63975
53843,79089
53843,118586
53843,1525
53843,59346
53843,16410
53843,106897
53843,99980
53843,44462
53843,106028
53843,121713
53843,67207
53843,108820
53843,6944
53843,7359
53843,134988
53843,120387
53843,49520
53843,119822
53843,91958
53843,16331
53843,109092
53843,95724
53843,39289
53843,58354
53843,33643
53844,61587
53844,10539
53844,117526
53844,11045
53844,23521
53844,111944
53844,38288
53844,1415
53845,24311
53845,118937
53845,46153
53845,111856
53845,140132
53845,55303
53845,719
53845,40649
53845,21721
53845,20362
53845,17170
53845,5780
53845,57470
53845,30627
53845,111480
53845,5710
53845,19018
53845,62328
53845,130415
53845,101652
53845,76777
53845,106204
53845,14147
53845,97305
53845,129440
53845,97264
53849,4625
53849,35380
53849,24618
53849,40050
53849,132319
53849,42882
53850,55705
53850,131764
53850,123708
53850,32176
53850,47943
53850,71077
53850,117848
53850,47069
53850,119016
53850,17734
53850,140305
53850,46313
53850,137632
53850,8050
53850,55704
53852,73831
53852,116199
53852,61664
53852,20520
53852,107912
53852,3631
53852,26307
53852,114897
53852,45521
53852,139682
53852,116303
53852,23613
53852,4399
53852,124331
53852,117695
53852,116615
53852,57633
53852,60456
53852,12342
53852,127850
53852,80867
53852,56110
53852,16670
53852,136607
53852,97901
53852,97976
53852,57870
53852,14190
53852,76140
53852,107763
53852,48105
53852,105404
53853,30268
53853,124021
53853,111128
53853,83450
53853,112303
53853,25328
53853,26476
53853,29473
53853,139662
53853,105888
53853,16977
53853,74195
53853,18303
53853,65566
53853,26023
53853,134067
53853,76246
53853,133711
53853,52230
53853,28843
53853,22293
53853,129830
53853,97260
53853,99487
53853,72659
53853,72278
53853,108902
53853,66257
53853,3037
53853,44982
53853,87140
53855,7654
53855,132515
53855,95992
53855,42058
53855,120230
53855,68799
53855,118900
53855,11926
53855,22841
53855,134057
53855,110332
53855,120954
53855,25869
53857,90063
53857,76818
53857,68826
53857,86916
53857,90923
53857,38571
53857,54731
53857,129278
53857,71671
53857,64344
53857,22824
53857,92297
53857,65984
53857,116696
53857,85567
53857,75491
53857,46162
53857,97099
53857,39993
53857,105035
53857,127808
53857,656
53857,21345
53857,72262
53857,71258
53857,26815
53857,42282
53857,89119
53857,122660
53857,134162
53858,129139
53858,97670
53858,52770
53858,106138
53858,114376
53858,35664
53858,66472
53858,132101
53858,12893
53858,58649
53858,81994
53858,130115
53858,118497
53858,117153
53858,109567
53858,64387
53858,6803
53858,85694
53858,63430
53858,56308
53858,35928
53858,31942
53858,122355
53858,65479
53858,118680
53858,6977
53858,97356
53858,61643
53858,56252
53858,37222
53858,67612
53858,90184
53858,95528
53859,112574
53859,22131
53859,92038
53859,16824
53859,140337
53859,38800
53859,38497
53859,140239
53859,33982
53859,137893
53859,711
53859,58833
53859,124224
53859,101146
53859,50199
53859,72799
53859,58124
53859,130428
53859,39825
53859,4076
53859,90583
53859,14675
53859,139388
53859,85865
53859,123810
53859,109772
53859,42964
53859,90457
53859,49487
53859,50438
53860,39160
53860,25583
53860,29625
53860,71183
53860,46846
53860,19953
53860,126418
53860,46806
53860,75371
53860,105389
53860,86418
53860,57852
53860,45402
53860,82487
53860,39851
53860,5600
53860,50724
53860,82627
53860,5023
53860,38003
53860,67987
53860,51563
53860,22764
53860,104730
53860,38212
53860,89613
53860,118856
53860,55092
53860,71338
53862,136300
53862,3003
53862,59694
53862,76911
53862,92408
53862,112491
53862,58920
53862,131807
53862,985
53862,138080
53862,1974
53862,41271
53862,128440
53862,93938
53862,99397
53862,140032
53862,69921
53862,108504
53862,68006
53862,87193
53862,84366
53862,123238
53862,48503
53862,52868
53862,104643
53862,58198
53862,96334
53864,126503
53864,137894
53864,77881
53864,135596
53864,15992
53864,13312
53864,60399
53864,14291
53864,39634
53864,106413
53864,76548
53864,51390
53864,91000
53864,588
53864,75029
53864,11657
53864,94199
53864,40677
53864,106227
53864,8347
53864,120972
53864,86733
53864,118910
53864,66154
53864,99498
53864,106060
53864,2349
53864,18565
53864,45555
53866,48064
53866,60780
53866,128433
53866,5790
53866,16423
53866,51027
53866,69793
53866,38148
53866,48975
53866,20801
53866,25978
53866,128201
53866,67258
53866,44727
53866,75082
53866,48147
53866,49612
53866,12811
53866,59647
53866,72714
53866,44894
53866,94864
53866,55270
53866,114536
53866,38284
53866,55904
53866,13205
53866,108790
53866,26537
53866,108360
53868,140517
53868,32802
53868,63295
53868,136182
53868,27494
53868,102416
53868,21225
53868,98854
53868,72625
53868,43848
53868,93857
53868,73768
53868,93530
53869,5033
53869,23138
53869,85946
53869,45787
53869,66255
53869,130961
53869,76893
53869,26492
53869,25606
53869,139084
53869,72648
53869,57589
53869,4531
53869,98429
53869,118661
53869,24763
53869,118915
53869,87014
53869,121765
53869,128131
53869,53814
53869,73490
53869,46797
53870,36045
53870,126818
53870,5505
53870,53141
53870,47392
53870,36412
53870,105123
53870,110663
53870,25564
53870,64949
53870,12899
53870,78649
53870,125656
53870,43028
53870,93741
53870,137498
53870,90380
53870,119316
53870,77959
53870,23661
53870,121008
53870,103935
53870,53454
53870,92868
53870,113169
53870,51616
53870,62417
53870,72731
53870,21198
53870,122299
53870,66917
53870,15802
53871,41988
53871,135590
53871,133509
53871,82507
53871,101252
53871,57017
53871,5121
53871,101215
53871,101812
53871,27632
53871,114721
53871,133820
53871,13934
53871,23592
53871,66957
53871,66475
53871,95452
53871,89193
53871,35932
53871,1753
53871,103982
53871,42329
53871,51465
53871,48898
53871,107172
53871,59685
53871,2353
53871,59056
53871,64208
53871,6906
53871,41438
53871,14411
53871,26856
53871,73379
53874,42087
53874,60832
53874,80230
53874,96371
53874,40083
53874,116032
53874,138559
53874,62301
53874,112261
53874,116308
53874,29517
53874,120352
53874,22019
53874,537
53874,139809
53874,129983
53874,96329
53874,76130
53874,71504
53874,125042
53874,119412
53874,86912
53874,21398
53874,19538
53874,126951
53874,65642
53874,61330
53874,5651
53874,77004
53874,15768
53874,39673
53874,11683
53874,114250
53875,53846
53875,10608
53875,9021
53875,104184
53875,88823
53875,112216
53875,3774
53875,104556
53875,58141
53875,81430
53875,61203
53875,70329
53875,52504
53875,130422
53875,119226
53875,15759
53875,44882
53875,43353
53875,42556
53875,23786
53875,127666
53875,127727
53875,107438
53875,128841
53875,81165
53875,19443
53875,63999
53875,120090
53875,124586
53879,12611
53879,30478
53879,19448
53879,39271
53879,57823
53879,26761
53879,107222
53879,31723
53879,113559
53879,128355
53879,137569
53879,115600
53879,28793
53879,42412
53879,36779
53879,55957
53879,133803
53879,33647
53879,57454
53879,89883
53879,119555
53879,61246
53879,19873
53879,102096
53879,73413
53879,58716
53879,28451
53879,131021
53880,61462
53880,16239
53880,124543
53880,24397
53880,27318
53880,101312
53880,66876
53880,12274
53880,43720
53880,64363
53880,113622
53880,3661
53880,80915
53880,67617
53880,55381
53880,56438
53880,32406
53880,133593
53880,75393
53880,115383
53880,77294
53880,45785
53880,39215
53880,6540
53880,88931
53880,114353
53880,1660
53880,108642
53880,94070
53880,105642
53880,90034
53880,133675
53881,16830
53881,139250
53881,21222
53881,120152
53881,136163
53883,89359
53883,98239
53883,138450
53883,135779
53883,90693
53883,7523
53883,48136
53883,31336
53883,46809
53883,7880
53883,36871
53883,130547
53883,53494
53883,111368
53883,79026
53883,3858
53883,32060
53883,13603
53883,64569
53883,106819
53883,114304
53884,121076
53884,117787
53884,62593
53884,21469
53884,105300
53884,133227
53884,119388
53884,33341
53884,50912
53884,13297
53884,11719
53884,77275
53884,12082
53884,126103
53884,26548
53884,118064
53884,39764
53884,4219
53884,136686
53884,132974
53884,41001
53884,77219
53884,130231
53884,120081
53884,40814
53884,117391
53884,84322
53884,27040
53884,74892
53884,79423
53884,57548
53884,94727
53884,8762
53885,70804
53885,125419
53885,23838
53885,65814
53885,138171
53885,109858
53885,22024
53885,138657
53885,61092
53885,47645
53885,72609
53885,134328
53885,68443
53885,96217
53885,39062
53885,87130
53885,122130
53885,21846
53885,28676
53885,53642
53885,76346
53885,94669
53885,91653
53885,14163
53885,10129
53885,44200
53885,88070
53885,103882
53887,107021
53887,93348
53887,78829
53887,55712
53887,29794
53887,97051
53887,19408
53887,86962
53887,135599
53887,7600
53887,64699
53887,94652
53887,29601
53887,69699
53889,21065
53889,87642
53889,43423
53889,79150
53889,27662
53889,67626
53889,27162
53889,114550
53889,116928
53889,99805
53889,59117
53889,81731
53889,117463
53889,124747
53889,86947
53889,103291
53889,80874
53889,63612
53889,75834
53889,3283
53889,38801
53889,22940
53889,123546
53889,38795
53889,138547
53889,17327
53889,15672
53889,9467
53889,32107
53889,86429
53889,1501
53889,9342
53890,133509
53890,7898
53890,8917
53890,121696
53890,31135
53890,37790
53890,96974
53890,99025
53890,13934
53890,55865
53890,120238
53890,109868
53890,85555
53890,48233
53890,14960
53890,110258
53890,86188
53890,45693
53890,15608
53890,103982
53890,116549
53890,117430
53890,72873
53890,14411
53890,41438
53890,55059
53890,74251
53890,15073
53890,59962
53890,120274
53890,59508
53890,73379
53890,30353
53891,56776
53891,38346
53891,14840
53891,115166
53891,47864
53891,53141
53891,76396
53891,6913
53891,3628
53891,139453
53891,92411
53891,82865
53891,105517
53891,88389
53891,125079
53891,33591
53891,3854
53891,72915
53891,97121
53891,130578
53891,2094
53891,110225
53891,92724
53891,90013
53891,45832
53891,48913
53891,104310
53891,16466
53891,86892
53891,54703
53891,78330
53891,13872
53891,53412
53892,85065
53892,111435
53892,116032
53892,130338
53892,88639
53892,76109
53896,109373
53896,84905
53896,43503
53896,112168
53896,15220
53896,106496
53896,10173
53896,107198
53896,129951
53896,94543
53896,107672
53896,37239
53896,62475
53896,67102
53896,65460
53896,53390
53896,81300
53896,128421
53896,103886
53896,121790
53896,73707
53896,58324
53896,9943
53896,692
53896,118609
53896,48557
53896,64855
53896,68084
53896,47083
53896,124907
53896,6254
53897,39561
53897,131254
53897,33904
53897,23933
53897,95497
53897,61726
53897,11754
53897,41016
53897,13041
53897,90313
53897,51378
53897,138313
53897,135568
53897,19760
53897,128338
53897,821
53897,47934
53897,96939
53897,58132
53897,105299
53897,49452
53897,58588
53897,42049
53897,50277
53897,118313
53897,65885
53897,79849
53897,13102
53897,33667
53897,31458
53897,51091
53899,30880
53899,52283
53899,107698
53899,108152
53899,111997
53899,21231
53899,138555
53899,2312
53899,52204
53899,42127
53899,125641
53899,119669
53899,74022
53899,80863
53899,113504
53899,13398
53899,73138
53899,41632
53899,48556
53899,27952
53899,13010
53899,89105
53899,124538
53899,27221
53899,15439
53899,10681
53899,101135
53899,134459
53899,17249
53899,36329
53899,140396
53901,128233
53901,4139
53901,62597
53901,135865
53901,25955
53901,71758
53901,57854
53901,62546
53901,112116
53901,6115
53901,71179
53901,53767
53901,100827
53901,7812
53901,111384
53901,59194
53901,118098
53901,53072
53901,86621
53901,139306
53901,126560
53901,115642
53901,135139
53901,94418
53901,20272
53901,13026
53901,124603
53901,80491
53901,90448
53901,4244
53901,65044
53901,85183
53901,124880
53901,135149
53902,34942
53902,42488
53902,79600
53902,31737
53902,79864
53902,80671
53902,90987
53902,74998
53902,135727
53902,119824
53902,7775
53902,48489
53902,119772
53902,53720
53902,55263
53902,92802
53902,117317
53902,132765
53902,23196
53902,30614
53902,35958
53902,5718
53902,78977
53902,27721
53902,104308
53902,57035
53902,81992
53902,83212
53902,78772
53902,6436
53902,58416
53902,30903
53904,32629
53904,35836
53904,31807
53904,22668
53904,136928
53904,93580
53904,32537
53904,98872
53904,140049
53904,47636
53904,5626
53904,5035
53904,124980
53904,37653
53904,132412
53904,112041
53904,5194
53904,109551
53904,62410
53904,132012
53904,9755
53904,94680
53904,73819
53904,40081
53904,35178
53904,89516
53904,67066
53904,114945
53904,53795
53904,11140
53905,52125
53905,57169
53905,19157
53905,43463
53905,56913
53905,54507
53905,28877
53905,58948
53905,78989
53905,15107
53905,26452
53905,41013
53905,50492
53905,43662
53905,80999
53905,87623
53905,59206
53905,24573
53905,108023
53905,27375
53905,62134
53906,31698
53906,129733
53906,81869
53906,119030
53906,128069
53906,94531
53906,127851
53906,99746
53906,111803
53906,137359
53906,16513
53906,127531
53906,38118
53906,136739
53906,73899
53906,117980
53906,81496
53906,286
53906,109765
53906,117255
53906,121104
53906,124447
53906,24052
53906,22894
53906,131743
53906,24876
53906,82619
53906,125070
53906,82292
53906,1742
53906,91760
53910,90959
53910,98024
53910,114986
53910,4067
53910,22228
53910,116316
53910,43593
53910,1380
53910,92769
53910,58388
53910,51428
53910,9985
53910,47893
53910,138030
53910,22885
53910,94010
53910,81630
53910,97680
53910,87456
53910,42361
53910,13625
53910,75385
53910,39261
53910,41321
53910,125266
53910,19895
53910,13990
53910,13095
53910,68769
53911,30283
53911,101577
53911,105809
53911,119896
53911,125401
53911,126139
53911,100060
53911,60389
53911,78767
53911,19700
53911,26687
53911,71254
53911,99147
53911,49875
53911,44967
53911,18145
53913,78756
53913,82221
53913,122603
53913,41508
53913,102001
53913,61261
53913,85911
53913,26149
53913,65934
53913,127923
53913,6105
53913,7430
53913,91316
53913,75257
53913,127454
53913,76405
53913,114106
53913,104533
53913,2481
53913,139130
53913,112172
53914,125089
53914,46630
53914,25222
53914,25746
53914,10892
53914,25381
53914,89874
53914,54584
53914,20267
53914,32759
53914,129912
53914,27002
53914,73926
53914,90757
53914,10353
53914,73951
53914,85392
53914,49735
53914,71259
53914,138056
53914,53627
53914,139865
53914,82610
53914,31712
53915,21599
53915,52390
53915,136265
53915,52992
53915,10771
53915,11304
53915,14301
53915,5786
53915,79915
53915,92886
53915,99046
53915,42541
53915,34744
53915,134058
53915,79896
53915,70308
53915,59939
53915,29709
53915,44118
53915,96166
53915,112570
53915,15934
53915,126908
53915,133576
53915,45577
53915,122761
53915,37646
53915,103748
53915,76505
53915,130519
53915,46803
53915,32765
53916,70918
53916,12485
53916,55078
53916,11989
53916,118031
53916,105050
53916,70139
53916,87641
53916,73891
53916,74062
53916,80306
53916,13978
53916,27465
53916,40496
53916,86767
53916,36662
53916,74810
53916,67862
53916,122008
53916,20185
53916,15541
53916,93628
53916,116629
53916,40088
53916,5830
53916,73430
53916,13448
53916,16208
53916,115904
53916,8280
53916,75495
53916,103370
53916,14974
53917,118488
53917,39068
53917,8521
53917,103709
53917,2379
53917,79429
53917,51640
53917,16759
53917,49958
53917,80352
53917,121249
53917,113673
53917,86162
53917,78378
53917,27674
53917,98712
53917,131077
53917,4946
53917,42896
53917,127864
53917,41260
53917,49585
53917,89071
53917,107616
53917,129811
53917,75676
53917,67259
53917,77276
53917,6210
53917,48255
53917,73441
53917,15049
53917,73572
53920,108178
53920,79860
53920,23201
53920,32099
53920,78062
53920,55794
53920,62925
53920,130736
53920,102469
53920,113312
53920,3243
53920,108311
53920,13816
53920,54941
53920,45529
53920,101098
53920,54122
53920,64396
53920,105938
53920,2822
53920,79477
53920,72658
53920,43085
53920,7137
53920,19580
53920,94142
53920,2360
53920,24189
53923,64418
53923,139378
53923,52709
53923,57434
53923,100779
53923,38625
53923,116479
53923,30259
53925,106186
53925,126782
53925,123482
53925,131776
53925,96913
53925,97600
53925,73613
53925,39643
53925,2977
53925,136874
53925,97575
53925,80043
53925,55613
53925,91119
53925,83658
53925,59303
53925,39434
53925,131533
53925,26946
53925,115539
53928,72292
53928,4047
53928,77845
53928,11473
53928,107212
53928,117469
53928,85141
53928,45313
53928,71438
53928,89016
53928,112085
53928,73982
53928,5733
53928,58077
53928,134989
53928,132196
53928,140145
53928,14331
53928,47737
53928,28183
53928,134907
53928,139723
53928,114847
53928,76209
53928,33570
53928,53579
53928,137994
53928,7245
53928,72679
53928,48572
53928,3386
53928,67388
53928,61898
53930,136805
53930,136803
53930,35810
53930,47748
53930,108436
53930,73791
53930,28522
53930,78311
53930,89757
53930,120535
53930,17596
53930,121459
53930,129843
53930,122733
53930,82651
53930,127613
53930,86092
53930,101428
53930,73297
53930,42786
53930,138210
53930,122322
53930,123694
53930,92668
53930,97805
53930,74102
53930,486
53930,78818
53930,117779
53930,130724
53930,56965
53930,45331
53931,51021
53931,54256
53931,28344
53931,87410
53931,13544
53931,71873
53931,136179
53931,28879
53931,102302
53931,93311
53931,125099
53931,22714
53931,68164
53931,22919
53931,34793
53931,24836
53931,68782
53931,47635
53931,133547
53931,73473
53931,51887
53931,85519
53931,87684
53931,43115
53931,80599
53931,79464
53931,74324
53931,19510
53931,96922
53933,43092
53933,84905
53933,43503
53933,10173
53933,81300
53933,48557
53933,692
53933,94627
53933,109373
53933,118609
53933,129273
53933,103886
53933,107672
53933,67102
53933,26232
53933,128421
53933,123505
53933,53390
53933,107198
53933,65460
53933,35870
53933,63805
53933,118640
53933,97832
53933,64855
53933,58324
53933,121790
53933,68084
53933,137573
53933,6254
53933,37239
53933,130220
53934,10731
53934,90708
53934,91464
53934,29598
53934,13644
53934,72471
53934,96424
53934,107398
53934,69322
53934,93239
53934,35809
53934,36454
53934,24278
53934,57196
53934,100825
53934,88626
53934,42618
53934,82565
53934,112094
53934,61268
53934,72269
53934,104563
53934,70210
53934,30271
53934,76607
53934,66349
53934,103307
53934,3471
53934,39004
53934,108827
53934,125209
53934,124392
53935,98996
53935,84839
53935,104632
53935,134748
53935,118455
53935,40184
53935,106220
53935,57384
53935,82810
53935,65299
53935,21366
53935,43064
53935,125175
53935,138791
53935,58601
53935,114194
53935,110519
53935,103909
53935,30663
53935,69512
53935,113866
53935,46266
53935,119309
53935,19228
53935,112597
53935,86263
53935,125482
53935,9079
53935,45848
53935,35157
53935,7385
53935,35868
53936,48004
53936,106421
53936,70887
53936,57125
53936,2906
53936,61586
53936,3775
53936,40048
53936,34852
53936,41400
53936,87256
53936,45961
53936,88616
53936,67853
53936,86989
53936,80579
53936,78725
53936,134288
53936,14024
53936,75795
53936,84341
53936,44507
53936,78642
53936,23358
53936,7895
53936,75147
53936,25534
53936,27600
53936,105449
53936,36784
53936,128834
53936,56200
53936,19150
53939,9410
53939,68054
53939,48404
53939,124795
53939,90461
53939,77631
53939,36008
53939,43238
53939,91467
53939,54470
53939,4131
53939,133925
53939,37887
53939,74535
53939,10490
53939,65321
53939,83734
53939,86696
53939,69581
53939,99285
53939,80448
53939,42699
53939,11399
53939,6473
53939,92442
53939,92615
53939,80848
53939,5628
53939,81112
53941,115429
53941,115387
53941,66493
53941,21317
53941,27517
53941,28467
53941,115985
53941,88004
53941,5029
53941,133055
53941,14718
53941,103916
53941,103746
53941,140040
53941,89593
53941,79410
53941,17045
53941,127681
53941,38459
53941,83663
53941,109768
53941,17874
53941,34582
53941,108320
53941,53717
53941,99216
53941,68280
53941,69120
53941,36416
53941,105615
53941,57961
53941,106860
53941,20878
53941,92196
53941,121937
53941,71127
53944,126657
53944,4875
53944,139197
53944,126719
53944,37346
53944,15994
53944,139366
53944,41278
53944,74754
53944,71376
53944,41712
53944,53494
53944,43010
53944,45080
53944,64762
53944,6439
53944,125311
53944,10746
53944,77935
53944,23212
53944,35264
53944,7527
53944,78838
53944,138600
53944,69261
53944,7880
53944,114304
53944,129968
53946,13449
53946,125035
53946,44957
53946,138162
53946,23072
53946,122772
53946,133977
53946,100842
53946,81292
53946,31165
53946,7632
53946,117143
53946,31026
53946,23304
53946,91242
53949,88310
53949,18850
53949,35293
53949,36561
53949,139513
53949,84065
53949,50596
53949,79159
53949,59812
53949,6161
53949,11182
53949,129636
53949,55656
53949,7697
53949,118029
53949,2673
53949,55810
53949,90115
53949,38636
53949,37494
53949,40289
53949,64891
53949,84675
53949,123696
53949,7363
53949,15907
53949,43552
53949,75638
53949,60879
53949,13874
53949,115019
53949,136575
53952,10171
53952,43407
53952,45469
53952,88599
53952,89541
53952,79742
53952,110368
53952,115758
53952,66648
53955,138185
53955,28398
53955,96751
53955,84496
53955,120653
53955,93227
53955,72928
53955,82735
53955,64130
53955,5922
53955,42822
53955,2543
53955,87416
53955,70076
53955,55467
53955,29194
53955,136743
53955,23698
53955,59769
53955,41101
53955,135270
53955,63896
53955,83700
53955,111786
53955,14198
53955,15447
53955,33692
53955,8297
53955,86982
53955,85044
53955,123346
53955,3469
53955,35204
53956,97018
53956,91508
53956,132621
53956,131873
53956,60151
53956,36737
53956,7967
53956,77215
53956,57516
53956,122551
53956,80642
53956,99392
53956,26446
53956,140043
53956,78914
53956,70422
53956,98680
53956,43007
53956,37363
53956,135963
53956,138348
53956,4675
53956,21159
53956,133496
53956,138020
53956,124467
53956,74054
53956,124336
53956,68987
53956,94007
53958,86107
53958,25827
53958,44493
53958,69392
53958,31820
53958,6559
53958,82767
53958,1958
53958,96753
53958,127898
53958,66464
53958,99161
53958,46045
53958,69730
53958,24560
53958,35446
53958,136645
53958,27853
53958,92368
53958,52669
53958,89603
53958,88055
53958,2037
53958,113005
53958,106484
53958,122935
53958,208
53958,40395
53958,109810
53958,11976
53958,128103
53958,120586
53958,20484
53960,56142
53960,88508
53960,92633
53960,30406
53960,35941
53960,78388
53960,77398
53960,82448
53960,15319
53960,21502
53960,71753
53960,30098
53960,947
53960,37771
53960,10523
53960,140703
53960,59417
53960,93787
53960,20854
53962,82820
53962,78456
53962,140390
53962,729
53962,133056
53962,86573
53962,131480
53962,103975
53962,82879
53962,1908
53962,130329
53962,65867
53962,12669
53962,95395
53962,61746
53962,119492
53962,69612
53962,108562
53962,88607
53962,38941
53962,16442
53962,61373
53962,110316
53962,1276
53962,64709
53962,67224
53962,4678
53962,116407
53962,25403
53965,39993
53965,125069
53965,22824
53965,75491
53965,83045
53965,130729
53965,65984
53965,85742
53965,83806
53965,139893
53965,46162
53965,11622
53965,109185
53965,97099
53965,89991
53965,89119
53965,129278
53965,127808
53965,81172
53965,116696
53965,110813
53965,3625
53965,58696
53965,71258
53965,17817
53965,85567
53965,56063
53965,49152
53965,11826
53965,83430
53965,134162
53965,37581
53966,122030
53966,119449
53966,123156
53966,60054
53966,113931
53966,55007
53966,52063
53966,4525
53966,71658
53966,130885
53966,113617
53966,133405
53969,135420
53969,31951
53969,57428
53969,140601
53969,16477
53969,3599
53969,37823
53969,64336
53969,106030
53969,93276
53969,22859
53969,33233
53969,81598
53969,66541
53969,103417
53969,101865
53969,31724
53969,63132
53969,122129
53969,50184
53969,109217
53969,130558
53969,75787
53969,123395
53969,86930
53969,19785
53969,112876
53969,112060
53969,34564
53969,131935
53969,19311
53969,20187
53970,115733
53970,99026
53970,29912
53970,110993
53970,18502
53970,72620
53970,42526
53970,7675
53970,70818
53970,123116
53970,104886
53970,31180
53970,138292
53970,13070
53970,101820
53970,33122
53970,53296
53970,109076
53970,45798
53970,124233
53970,92465
53970,25294
53970,85275
53970,137081
53970,68301
53970,110478
53970,32594
53970,77386
53970,136911
53970,90250
53972,53934
53972,105496
53972,97547
53972,128578
53972,51162
53972,99057
53972,2867
53972,17069
53972,50654
53972,24004
53972,40767
53972,17616
53972,97166
53972,137797
53972,24409
53972,40903
53973,87768
53973,64256
53973,63083
53973,123087
53973,21621
53973,88413
53973,81438
53973,63482
53973,92013
53973,108725
53973,41039
53973,92451
53973,76178
53973,36672
53973,76813
53973,75979
53973,48146
53973,84774
53973,19759
53973,57767
53973,110111
53973,79540
53973,119188
53973,91016
53973,57004
53973,42973
53973,124812
53973,80229
53973,7989
53974,114103
53974,109533
53974,116661
53974,28868
53974,97361
53974,70032
53974,80493
53974,135868
53974,135415
53974,107282
53974,18377
53974,15363
53974,55551
53974,17809
53974,10454
53974,12189
53974,27028
53974,100226
53974,119030
53974,68622
53974,132250
53974,120827
53974,64170
53974,11591
53974,38118
53974,93297
53974,109198
53974,29700
53974,89300
53974,54628
53974,85130
53974,85927
53976,104640
53976,4340
53976,109891
53976,9111
53976,29682
53976,117121
53976,58508
53976,114866
53976,27730
53976,80664
53976,134702
53976,13565
53976,31353
53976,1697
53976,110880
53976,89106
53976,70188
53976,9117
53976,4170
53976,84705
53976,65924
53976,106834
53976,8349
53976,5634
53976,14739
53976,67657
53976,1221
53976,104378
53976,74792
53976,72640
53976,130430
53976,99356
53976,109913
53977,87154
53977,34852
53977,48004
53977,3775
53977,106230
53977,79106
53977,90920
53977,64872
53977,7377
53977,124778
53977,106421
53977,135238
53977,87490
53977,75147
53977,41400
53977,120248
53977,63604
53977,57125
53977,38758
53977,2906
53977,21638
53977,38262
53977,38913
53977,93594
53977,56917
53977,96112
53977,40048
53977,14024
53977,25979
53977,35010
53977,7895
53977,80579
53977,134288
53977,8374
53981,106801
53981,114174
53981,103749
53981,89600
53981,11603
53981,86576
53981,16359
53981,2546
53981,132811
53981,124699
53981,30017
53981,30757
53981,108840
53981,138937
53981,72227
53981,125012
53981,67122
53981,16418
53981,86816
53981,56497
53981,63495
53981,26511
53981,41392
53981,74488
53981,48548
53981,60599
53981,9798
53981,104685
53981,82267
53981,80682
53981,93179
53981,99741
53982,50164
53982,117997
53982,132407
53982,29311
53982,54817
53982,39979
53982,67441
53982,66826
53982,87649
53982,53219
53982,11654
53986,2434
53986,43575
53986,132697
53986,116755
53986,140687
53986,52270
53986,32334
53986,9768
53986,134480
53986,69256
53986,122963
53986,14588
53986,17478
53986,46527
53986,57948
53986,69420
53986,16994
53986,93869
53987,92927
53987,9788
53987,13674
53987,61695
53987,86928
53987,80034
53987,136865
53987,105796
53987,77504
53987,57648
53987,68282
53987,136833
53987,94080
53987,12425
53987,44273
53987,62167
53987,125051
53987,79388
53987,118755
53987,131580
53987,72726
53987,86622
53987,100081
53987,70683
53987,11948
53987,105720
53987,70035
53987,131203
53987,130878
53987,119847
53987,27964
53988,38571
53988,81437
53988,95307
53988,53341
53988,29604
53988,48153
53988,56880
53988,113349
53988,65606
53988,88096
53988,59526
53988,10404
53988,89073
53988,88218
53988,16706
53988,111106
53988,41488
53988,74474
53988,107872
53988,92297
53988,95166
53988,1934
53988,59267
53988,68914
53988,97247
53988,30184
53988,111000
53988,49555
53988,21315
53988,85728
53988,114766
53988,91206
53988,42282
53988,63762
53989,20528
53989,18631
53989,128251
53989,117267
53989,68332
53989,113183
53989,109694
53989,45449
53989,80817
53989,45950
53989,103735
53989,50680
53989,54994
53989,57846
53989,59286
53989,127402
53993,90470
53993,43074
53993,104664
53993,26115
53993,67523
53993,25170
53993,42368
53993,46774
53994,133555
53994,52921
53994,798
53994,53003
53994,39623
53994,127697
53994,108956
53994,36990
53994,18006
53994,63922
53994,93131
53994,105932
53994,95382
53994,17231
53994,16463
53994,130440
53994,137210
53994,108547
53994,18935
53994,2214
53994,108389
53994,136738
53994,91270
53994,23505
53994,125315
53994,115180
53994,11197
53994,30863
53994,7925
53994,14923
53995,106679
53995,131047
53995,49354
53995,81122
53995,35471
53995,36170
53995,8639
53995,123229
53995,27283
53995,28558
53995,101206
53995,22283
53995,85924
53995,19927
53995,60380
53995,97140
53995,85737
53995,86517
53995,99109
53995,124329
53995,9966
53995,85165
53995,6605
53995,102625
53995,15446
53995,101213
53995,23118
53995,48018
53995,51774
53995,20334
53995,64851
53995,133713
53995,25598
53997,115957
53997,97624
53997,109468
53997,7165
53997,122314
53997,115226
53997,8416
53997,87191
53997,107861
53997,14290
53997,29714
53997,26403
53997,19501
53997,137913
53997,75044
53997,28668
53997,37727
53997,55268
53997,139328
53998,57363
53998,58783
53998,64168
53998,80275
53998,97436
53998,131397
53998,21393
53998,49215
53998,47377
53998,44451
53998,21623
53998,51241
53998,1311
53998,73441
53998,83769
53998,36669
53998,25763
53998,34065
53998,25546
53998,104510
53998,131622
53998,23574
53998,130953
53998,130587
53998,128364
53998,45754
53998,98541
53998,72163
53998,65794
53998,26813
53998,29026
53998,137578
53998,113828
53998,64967
53999,86209
53999,119340
53999,57662
53999,76994
53999,125959
53999,24903
53999,61252
53999,118401
54002,51847
54002,29869
54002,127722
54002,116753
54002,15549
54002,108030
54002,75773
54002,137192
54002,63384
54002,68089
54002,132526
54002,53940
54002,70098
54002,114711
54002,72770
54002,74976
54002,68562
54002,123600
54002,27968
54003,98257
54003,44040
54003,47589
54003,94340
54003,9382
54003,31702
54003,27548
54003,23133
54003,24995
54003,89430
54003,102934
54003,82013
54003,98362
54003,21434
54003,90143
54003,78846
54003,72933
54003,3487
54003,118090
54003,90718
54003,93420
54003,87105
54003,125545
54003,137446
54003,64030
54003,40582
54006,59839
54006,77260
54006,63709
54006,140633
54006,14351
54006,129508
54008,137997
54008,124342
54008,37818
54008,104517
54008,114932
54008,21018
54008,49656
54008,77089
54008,24545
54008,131892
54008,90845
54008,14082
54008,35223
54008,70177
54008,77914
54008,102130
54008,134154
54008,116942
54008,38904
54008,90809
54008,78500
54008,38419
54008,57952
54008,26248
54008,60846
54008,59781
54008,68420
54008,125083
54008,29633
54008,40279
54012,112547
54012,138871
54012,133270
54012,4502
54012,62657
54012,52059
54012,87435
54012,134518
54012,22008
54012,78458
54012,12025
54012,104103
54012,876
54012,112499
54012,118928
54012,140288
54012,122442
54012,13902
54012,108339
54012,78765
54012,34227
54012,87782
54012,135344
54012,140797
54012,3438
54012,106111
54012,48909
54015,43405
54015,138178
54015,109103
54015,77775
54015,51760
54015,40211
54015,88321
54015,114930
54015,12977
54015,85189
54015,35872
54015,47059
54015,66652
54015,13716
54015,49280
54015,135186
54015,112398
54015,29263
54015,116173
54015,98440
54015,53438
54015,126612
54015,77083
54015,137407
54015,73041
54015,108112
54015,133774
54015,89157
54015,92057
54015,111092
54015,95221
54015,58804
54016,39639
54016,100552
54016,88366
54016,2859
54016,124896
54016,13705
54016,140021
54016,27356
54016,121379
54016,1171
54016,6452
54016,9619
54016,2636
54016,69535
54016,70867
54016,47749
54016,17460
54016,102758
54016,48130
54016,9109
54016,23330
54016,60924
54016,91838
54016,136843
54016,113928
54016,65817
54016,115283
54016,122047
54016,1791
54016,99136
54016,107535
54018,115595
54018,112948
54018,135755
54018,28329
54018,136058
54018,29913
54018,7751
54018,59251
54018,20958
54018,107878
54018,107665
54018,15543
54018,18039
54018,23846
54018,101649
54018,36803
54018,97332
54018,89796
54018,123400
54018,139937
54018,94786
54018,93032
54018,133071
54018,34340
54018,78971
54018,65451
54018,136726
54018,4123
54018,59307
54018,99201
54018,69950
54018,69757
54019,20863
54019,113768
54019,137209
54019,34169
54019,10906
54019,125655
54019,67140
54019,10250
54019,61545
54019,136220
54019,65995
54019,30630
54019,129643
54019,24092
54019,44485
54019,17023
54019,44530
54019,96356
54019,111520
54019,67150
54019,13580
54019,54403
54019,116361
54019,11486
54019,39137
54019,62946
54019,99801
54019,13252
54019,36466
54019,30435
54019,76814
54019,131238
54019,105140
54020,134609
54020,51876
54020,116398
54020,3518
54020,38363
54020,80393
54020,6838
54020,94534
54020,110263
54020,49656
54020,68420
54020,134154
54020,71026
54020,133661
54020,126968
54020,68777
54020,35225
54020,64169
54020,138106
54020,57952
54020,16131
54020,22066
54020,125083
54021,73745
54021,15351
54021,104455
54021,6128
54021,112658
54021,123227
54021,139747
54021,1426
54021,54438
54021,31881
54021,57845
54021,32969
54021,116724
54021,84510
54021,36171
54021,92772
54021,126950
54021,82688
54021,84914
54021,62969
54021,75659
54021,99355
54021,41944
54021,20871
54021,133732
54022,80370
54022,101975
54022,61466
54022,42501
54022,32995
54022,39743
54022,46097
54022,136277
54022,140505
54022,106835
54022,88101
54022,28452
54022,106450
54022,11818
54022,67056
54022,18071
54022,69879
54022,8816
54022,136212
54022,21233
54022,61649
54022,23680
54022,92854
54022,73491
54022,63269
54022,102797
54022,71620
54022,55727
54022,9759
54022,98468
54022,32707
54023,38658
54023,58288
54023,111719
54023,133679
54023,100585
54023,42853
54023,90081
54023,130414
54023,11297
54023,91601
54023,17642
54023,89878
54023,140202
54023,1941
54023,47054
54023,95078
54023,88671
54023,11957
54023,97127
54023,125343
54023,97704
54023,108094
54023,78841
54023,100437
54023,42755
54023,132045
54023,56120
54023,60274
54023,119805
54023,98465
54023,116063
54023,57690
54023,55518
54025,20653
54025,47357
54025,137310
54025,66626
54025,136368
54025,41331
54025,43936
54025,134175
54025,26805
54025,26275
54025,10143
54025,62923
54025,28382
54025,37254
54025,75933
54025,121945
54025,81280
54025,44659
54025,6504
54025,64082
54025,120544
54025,119964
54025,86764
54025,58896
54025,73590
54025,94868
54025,113204
54025,71345
54025,5601
54025,125435
54025,104955
54025,65417
54026,121785
54026,15634
54026,35696
54026,117744
54026,63928
54026,6080
54026,34683
54026,82439
54026,13435
54026,67282
54026,116460
54026,138962
54028,107257
54028,132505
54028,98853
54028,21834
54028,36243
54028,50109
54029,117914
54029,136025
54029,137625
54029,21688
54029,51849
54029,77356
54029,92403
54029,97410
54029,71408
54029,112740
54029,93390
54029,5651
54029,70817
54029,118791
54029,80398
54029,56621
54029,95631
54029,135494
54029,66939
54029,126202
54029,129446
54029,103990
54029,84462
54029,23923
54029,110744
54029,89334
54029,20843
54029,24875
54029,105971
54029,77994
54029,48889
54029,22900
54029,107454
54031,34169
54031,20863
54031,22163
54031,112435
54031,38130
54031,15609
54031,113768
54031,129916
54031,67140
54031,89097
54031,61545
54031,136220
54031,111520
54031,65995
54031,24092
54031,94769
54031,44530
54031,109651
54031,27669
54031,10250
54031,119302
54031,13580
54031,11486
54031,39137
54031,96619
54031,54403
54031,116361
54031,15990
54031,62946
54031,67150
54031,56525
54031,76814
54031,102776
54031,131238
54035,62572
54035,95000
54035,81202
54035,121467
54035,131369
54035,82137
54035,126274
54036,74678
54036,34090
54036,8629
54036,102632
54036,115013
54036,39487
54036,112704
54036,110561
54036,75000
54036,90992
54036,39783
54036,48082
54036,101101
54036,101725
54036,29880
54036,114768
54036,100250
54036,138295
54036,115970
54036,35125
54036,79573
54036,48302
54036,103467
54036,51025
54036,11201
54036,122913
54036,96088
54036,129554
54037,104706
54037,44032
54037,131599
54037,133441
54037,123765
54037,78982
54038,109791
54038,119668
54038,97659
54038,33037
54038,113937
54038,92502
54038,25165
54038,75714
54038,126220
54038,41801
54038,59485
54038,1754
54038,60847
54038,62855
54038,97445
54038,112527
54038,84370
54038,3378
54038,63114
54038,109323
54038,78321
54038,93871
54038,111875
54038,19597
54038,59475
54038,16740
54038,69497
54038,117637
54040,21018
54040,137997
54040,124342
54040,37818
54040,131892
54040,90845
54040,70177
54040,77089
54040,116942
54040,104517
54040,114932
54040,78500
54040,60846
54040,14082
54040,134154
54040,68420
54040,24545
54040,35223
54040,102130
54040,77914
54040,29633
54040,49656
54040,125083
54041,89006
54041,17795
54041,66095
54041,23984
54041,133520
54041,82886
54041,2196
54041,104381
54041,20679
54041,130413
54041,11331
54041,101782
54041,34740
54041,35054
54041,114701
54041,136312
54041,71943
54041,66890
54041,90634
54041,79585
54041,120499
54041,83713
54041,114872
54041,28503
54041,59314
54042,95188
54042,39828
54042,98935
54042,71203
54042,86870
54042,8036
54042,61511
54042,18519
54042,35667
54042,85478
54042,78659
54042,118340
54042,63578
54042,47480
54042,112037
54042,43570
54042,94678
54042,81176
54042,58166
54042,44110
54042,42993
54042,46593
54042,55781
54042,96750
54042,54579
54042,4449
54045,129368
54045,94632
54045,125401
54045,119896
54045,74015
54045,79762
54045,63042
54045,102257
54045,46475
54045,49875
54045,100060
54045,65516
54045,70294
54045,60389
54045,78767
54045,19700
54045,26687
54045,71254
54045,28209
54045,101577
54045,110691
54045,126139
54045,8533
54045,53429
54045,122816
54045,140404
54045,1840
54045,87276
54045,44967
54045,60962
54045,111407
54045,1005
54048,55460
54048,4765
54048,89064
54048,59886
54048,104436
54048,3158
54048,69965
54048,41237
54048,131252
54048,115756
54048,60561
54048,117861
54048,116077
54048,124801
54048,82452
54048,71703
54048,34859
54048,42954
54048,122729
54048,135744
54048,22366
54048,29768
54048,50535
54048,128520
54048,67321
54048,114936
54048,31580
54048,14872
54048,33688
54048,36109
54048,123638
54048,109780
54048,96594
54049,8754
54049,14818
54049,41377
54049,111451
54049,99497
54049,17322
54049,63611
54049,10205
54049,104397
54049,45216
54049,104851
54049,79356
54049,60860
54049,115861
54049,43075
54049,128760
54049,5388
54049,65672
54049,91528
54049,90084
54049,107915
54049,31102
54049,19270
54049,126728
54049,125307
54049,27973
54049,133029
54049,127367
54049,4148
54049,43386
54049,4133
54049,9718
54049,4656
54051,60842
54051,96115
54051,29472
54051,60116
54051,91108
54051,26449
54051,5259
54051,71379
54051,33806
54051,61779
54051,57927
54051,139226
54051,55221
54051,97235
54052,65855
54052,8999
54052,113582
54052,119588
54052,81217
54052,73184
54052,27439
54052,70145
54052,100594
54052,81830
54052,54873
54052,30562
54052,39047
54052,137189
54052,55399
54052,3933
54052,15607
54052,47394
54052,12228
54052,118395
54052,62510
54052,139281
54052,69022
54052,83953
54052,26130
54052,71054
54052,96513
54052,30422
54052,101697
54052,109731
54052,135753
54053,106230
54053,90920
54053,7377
54053,79106
54053,106421
54053,135238
54053,87154
54053,57934
54053,93594
54053,38913
54053,64872
54053,120248
54053,77574
54053,3775
54053,41400
54053,124778
54053,57125
54053,56917
54053,123709
54053,96112
54053,38262
54053,40048
54053,107087
54053,80579
54053,2906
54053,113402
54053,35010
54053,25979
54053,59042
54053,1211
54053,7895
54053,98719
54053,8374
54053,52263
54054,104096
54054,44849
54054,25845
54054,54961
54054,59607
54054,29844
54054,48954
54054,140524
54054,14785
54054,26092
54054,72552
54054,3273
54054,68634
54054,97743
54054,17471
54055,102137
54055,47173
54055,67328
54055,83070
54055,1917
54055,9422
54056,128841
54056,66770
54056,97286
54056,120090
54056,26007
54056,78327
54056,129126
54056,87442
54056,90908
54056,81165
54056,1267
54056,31959
54056,52504
54056,81430
54056,22494
54056,70329
54056,60850
54056,71178
54056,63999
54056,67017
54056,54940
54056,19443
54058,102248
54058,22491
54058,23327
54058,67428
54058,46223
54058,133719
54058,107428
54058,6971
54058,39474
54058,134004
54058,109065
54058,102885
54058,70274
54058,20197
54058,104188
54058,45461
54058,13323
54058,44587
54058,26872
54058,102666
54058,29738
54058,24644
54058,14943
54058,54680
54058,103431
54058,85922
54058,46256
54058,130672
54058,7793
54058,133631
54058,109914
54058,38228
54059,61237
54059,105496
54059,103234
54059,97745
54059,133444
54059,72464
54059,51162
54059,102092
54059,91406
54059,13047
54059,66969
54059,50751
54059,139116
54059,65118
54059,40903
54059,17616
54059,137797
54060,80091
54060,17402
54060,99119
54060,100282
54060,129722
54060,4511
54060,113730
54060,93700
54060,7342
54060,23436
54060,42520
54060,138118
54060,3812
54060,8278
54060,115630
54060,18613
54060,104055
54060,33976
54060,1935
54060,97323
54060,11504
54060,138568
54060,39333
54060,110873
54060,137180
54060,136971
54060,114018
54060,47519
54060,46111
54060,45688
54061,124342
54061,24545
54061,137997
54061,37818
54061,104517
54061,35223
54061,14082
54061,116942
54061,38419
54061,70177
54061,77089
54061,59781
54061,114932
54061,21018
54061,18110
54061,40279
54061,117294
54061,127201
54061,140559
54061,60846
54061,93970
54061,15443
54061,26248
54061,11032
54061,10860
54061,59657
54061,122112
54061,125217
54061,60468
54061,127791
54061,130381
54061,11800
54061,86042
54062,48861
54062,100569
54062,58990
54062,128224
54062,85739
54062,88503
54062,9574
54062,110910
54062,95626
54062,129506
54062,95527
54062,120160
54062,45554
54062,101302
54062,111176
54062,102153
54062,117741
54062,32626
54062,128062
54062,86426
54062,103701
54062,47085
54062,114255
54062,79008
54062,103469
54062,86063
54062,7881
54062,70272
54062,26823
54062,99132
54062,59104
54063,37518
54063,46306
54063,122192
54063,72671
54063,69728
54063,18671
54063,44069
54063,131569
54063,121514
54063,80812
54063,25056
54063,107106
54063,65204
54063,123078
54063,25806
54063,133295
54063,119646
54063,27282
54063,86967
54063,45501
54063,120390
54063,25551
54063,25247
54063,20289
54063,53179
54063,107638
54063,119264
54063,127566
54063,6688
54063,133161
54066,112916
54066,78783
54066,110934
54066,132976
54066,93820
54066,90822
54066,81295
54066,47846
54066,62807
54066,975
54066,57325
54066,14660
54066,62322
54066,125373
54066,123169
54066,110815
54066,29504
54066,17690
54066,94952
54066,95157
54066,35246
54066,4595
54066,89733
54066,93830
54066,67246
54066,9507
54066,15724
54066,43881
54066,26221
54066,29569
54066,131686
54066,42542
54068,16841
54068,13351
54068,91996
54068,26662
54068,6778
54068,119117
54068,7912
54068,116430
54068,89531
54068,101980
54068,39970
54068,132864
54068,47489
54068,31289
54068,3862
54068,97367
54068,37464
54068,36293
54068,106557
54068,95195
54068,102061
54068,93099
54068,95432
54068,137363
54068,115743
54068,1067
54068,80807
54068,107117
54068,123759
54068,66305
54068,40204
54069,82268
54069,19681
54069,128225
54069,41646
54069,29821
54069,116318
54069,3492
54069,135999
54069,42866
54069,135093
54069,110120
54070,118488
54070,80352
54070,113673
54070,121249
54070,126576
54070,129811
54070,131981
54070,49585
54070,59468
54071,61462
54071,882
54071,83472
54071,42586
54071,33595
54071,96382
54071,113622
54071,65833
54071,16239
54071,24397
54071,55381
54071,18595
54071,66876
54071,88931
54071,87996
54071,34425
54071,101312
54071,19187
54071,3661
54071,57166
54071,94144
54071,91781
54071,22739
54071,56438
54071,21716
54071,75393
54071,64381
54071,27318
54071,1660
54071,106489
54071,21960
54071,60490
54071,77294
54072,78039
54072,125085
54072,13763
54072,63504
54072,110053
54073,95292
54073,34066
54073,75125
54073,109793
54073,123641
54073,118800
54073,110302
54073,16830
54073,139976
54073,101743
54073,123051
54073,127297
54073,86606
54073,88226
54073,32452
54073,22431
54073,122749
54073,113106
54073,121785
54073,117990
54073,126465
54073,67308
54073,12425
54073,36771
54073,135393
54073,63045
54073,59858
54073,52622
54073,11521
54073,121238
54073,117931
54073,100568
54073,59565
54073,6656
54075,72731
54075,56776
54075,23661
54075,27969
54075,15640
54075,36412
54075,126818
54075,121049
54075,5267
54075,119316
54075,125079
54075,5505
54075,90380
54075,25564
54075,131131
54075,85965
54075,62417
54075,125656
54075,64949
54075,16499
54075,361
54075,15802
54075,21198
54075,66917
54075,44170
54075,122299
54075,39466
54075,77959
54075,80863
54075,27221
54075,125641
54075,138555
54076,80034
54076,24519
54076,17739
54076,30949
54076,28495
54076,11991
54076,140120
54076,115954
54076,61695
54076,122589
54076,57648
54076,85430
54076,116176
54076,68282
54076,113107
54076,4780
54076,134823
54076,135565
54076,131314
54076,23095
54076,49738
54076,14352
54076,23862
54076,105796
54076,65860
54076,86622
54076,25036
54076,28399
54076,85106
54076,42106
54076,90626
54076,37522
54076,71216
54078,118387
54078,26678
54078,30554
54078,66208
54078,68590
54078,91188
54078,11652
54078,59120
54078,138975
54078,121108
54078,35361
54078,14644
54078,103026
54078,86545
54078,140760
54078,43649
54078,98920
54078,87426
54078,62752
54078,107516
54078,97687
54078,133948
54078,23951
54078,18165
54078,63263
54078,81251
54079,19344
54079,122920
54079,55123
54079,76538
54079,117883
54079,2604
54079,129904
54079,21913
54079,24643
54079,63930
54079,80120
54079,88340
54079,22600
54079,121138
54079,13971
54079,2155
54079,42538
54079,69019
54079,43248
54079,46035
54079,70276
54079,131889
54079,105711
54079,68675
54079,92746
54079,102241
54079,82797
54079,133716
54079,20061
54079,95167
54079,15481
54079,57779
54080,26377
54080,48016
54080,72176
54080,13021
54080,45328
54080,26041
54080,91505
54080,133173
54080,17117
54080,58092
54080,102424
54081,107652
54081,118670
54081,51178
54081,135028
54081,73077
54081,131917
54081,116505
54081,119794
54081,132210
54081,80545
54081,103174
54081,75972
54081,101520
54081,53883
54081,19157
54081,3724
54081,57169
54081,118206
54081,87652
54081,73145
54081,63417
54081,28132
54081,20022
54081,123898
54081,19836
54081,37330
54081,61011
54081,16325
54081,124043
54081,106307
54081,128272
54081,137646
54084,30452
54084,128908
54084,17390
54084,55958
54084,82041
54084,110071
54084,114217
54084,46168
54084,67295
54084,86615
54084,89490
54084,30687
54084,29470
54084,26588
54084,46997
54084,68454
54084,14419
54084,112817
54084,100584
54084,139660
54084,76360
54084,103771
54084,63472
54084,62194
54084,70600
54084,93966
54084,27732
54084,123378
54084,91463
54084,110188
54084,47221
54086,30880
54086,52204
54086,111905
54086,65535
54086,27952
54086,80863
54086,138555
54086,125641
54086,15439
54086,13398
54086,2369
54086,74272
54086,59896
54086,107698
54086,74022
54086,113504
54086,124538
54086,127979
54086,41632
54086,73138
54086,119669
54086,130341
54088,2859
54088,39639
54088,84407
54088,51111
54088,99087
54088,77286
54088,129990
54088,95098
54088,30443
54088,32202
54088,74428
54088,60000
54088,40666
54088,30414
54088,111805
54088,1171
54088,9619
54088,72503
54088,137928
54088,89564
54088,13705
54088,47233
54088,122027
54088,23464
54088,22031
54088,103854
54088,80898
54088,33839
54088,89566
54088,36763
54088,121499
54088,112695
54089,36331
54089,100999
54089,109559
54089,22588
54089,130289
54089,128251
54089,15662
54089,33022
54089,56904
54089,91720
54089,103735
54089,138846
54089,129568
54089,103457
54089,59590
54089,38023
54089,35123
54089,50680
54089,19265
54089,44864
54089,43698
54089,11582
54089,63164
54089,138455
54089,64914
54089,54994
54089,129857
54089,80817
54089,59286
54089,16630
54089,135396
54089,636
54090,137200
54090,95949
54090,4916
54090,15827
54090,64065
54090,41311
54090,38576
54090,21549
54090,77877
54090,85740
54090,129141
54090,109769
54090,25324
54090,110861
54090,3380
54090,100528
54090,111326
54090,4934
54090,102344
54090,21852
54090,57138
54090,89811
54090,109492
54090,42245
54090,1235
54090,108085
54090,2697
54090,139546
54090,105447
54090,115268
54090,63888
54090,64402
54092,79089
54092,118586
54092,1525
54092,59346
54092,105111
54092,94780
54092,56380
54092,106028
54092,99070
54092,28271
54092,67207
54092,70230
54092,74522
54092,7359
54092,74554
54092,122181
54092,48852
54092,99980
54092,11809
54092,77234
54092,118177
54092,12856
54092,112561
54092,49520
54092,115038
54092,445
54092,58354
54092,122936
54094,119592
54094,98559
54094,88113
54094,6023
54094,131321
54094,35361
54094,69230
54094,17189
54094,108296
54094,70256
54094,126786
54094,117532
54094,64086
54094,35279
54094,111421
54094,24803
54094,24385
54094,22165
54094,69703
54094,33042
54094,90231
54094,69771
54094,89931
54094,82862
54094,103964
54094,3871
54094,11652
54094,107516
54094,85218
54094,53868
54094,108317
54095,56578
54095,14001
54095,23631
54095,48197
54095,116546
54095,75507
54095,37724
54095,79295
54095,12367
54095,52142
54095,67023
54095,131192
54095,57479
54095,98869
54095,112858
54095,40482
54095,87241
54095,110676
54095,48226
54095,28509
54095,62680
54095,96062
54095,84674
54095,44884
54095,129295
54095,80547
54095,83948
54095,125973
54095,132409
54095,25871
54097,14169
54097,24391
54097,5910
54097,77077
54097,64332
54097,62181
54097,97587
54097,105988
54097,48940
54097,77509
54097,42842
54097,125308
54097,82674
54097,72892
54097,138420
54097,20551
54097,94591
54097,76199
54097,84581
54097,75844
54097,53192
54097,130582
54097,128140
54097,61325
54097,72553
54097,128390
54097,16076
54097,26705
54097,137468
54097,69938
54097,34594
54097,110995
54100,7919
54100,15994
54100,3213
54100,76034
54100,105408
54100,23268
54100,1230
54100,20592
54100,40517
54100,61529
54100,25416
54100,125311
54100,23212
54100,41278
54100,53494
54100,45080
54100,139197
54100,4875
54100,37346
54100,86639
54100,80475
54100,10746
54100,7880
54100,77935
54100,70078
54100,64762
54100,10996
54100,41712
54100,74754
54100,114304
54100,138600
54100,69261
54100,106262
54101,124845
54101,8903
54101,69392
54101,41225
54101,6559
54101,127898
54101,31820
54101,9138
54101,2037
54101,7256
54101,89603
54101,136645
54101,27853
54101,109810
54101,58568
54101,46045
54101,39543
54101,78032
54101,92368
54101,99161
54101,39485
54101,85842
54101,125096
54101,20484
54101,122935
54101,64115
54101,48020
54101,131346
54102,48004
54102,106421
54102,90920
54102,106230
54102,124778
54102,453
54102,107028
54102,2906
54102,38758
54102,77574
54102,84341
54102,34852
54102,72631
54102,41400
54102,33509
54102,57125
54102,80579
54102,123709
54102,134288
54102,56917
54102,40048
54102,14024
54102,88616
54102,75795
54102,5132
54102,78642
54102,45961
54102,1211
54102,19150
54102,31962
54102,8374
54102,52263
54102,42171
54103,121954
54103,116561
54103,134751
54103,86099
54103,127758
54103,13710
54103,81891
54103,104439
54103,51229
54103,73467
54103,115827
54103,76688
54103,33175
54103,7769
54103,86070
54103,86199
54104,105172
54104,128456
54104,53258
54104,134031
54104,120558
54104,75724
54104,119109
54104,126000
54104,6858
54108,136469
54108,91601
54108,116063
54108,248
54108,108191
54108,9801
54108,140202
54108,57690
54108,97704
54108,58819
54108,11957
54108,98465
54108,11297
54108,89878
54108,88671
54108,102251
54108,26016
54108,17642
54108,60274
54108,32834
54108,13139
54108,41484
54108,132490
54108,39503
54108,40286
54108,125343
54108,132045
54108,78841
54108,40412
54108,108094
54108,12346
54108,55264
54110,48377
54110,113582
54110,33295
54110,65855
54110,70145
54110,61111
54110,65520
54110,137189
54110,69022
54110,3933
54110,30562
54110,47394
54110,39047
54110,100594
54110,62510
54110,55399
54110,83953
54110,26130
54110,39677
54110,120822
54110,54873
54110,101697
54110,96513
54110,87788
54110,109731
54110,131404
54113,132488
54113,111276
54113,53783
54113,479
54113,66691
54113,71724
54113,52576
54113,139887
54113,94581
54113,77713
54113,29596
54113,140355
54113,40687
54113,37696
54113,67798
54113,119323
54113,79148
54113,87630
54113,93678
54113,121375
54113,133545
54113,78126
54113,65554
54113,7488
54113,77435
54113,81937
54113,18050
54113,130159
54115,129330
54115,6109
54115,39107
54115,102053
54115,65172
54115,33713
54116,21150
54116,121275
54116,88988
54116,21805
54116,5988
54116,75807
54116,25223
54116,82051
54116,98900
54116,114177
54116,100473
54116,84333
54116,58015
54116,51653
54116,128677
54116,12455
54116,55158
54116,55109
54116,88307
54116,132838
54116,90509
54116,35504
54116,131324
54116,11838
54116,18566
54116,117625
54116,34966
54116,89771
54116,78171
54116,109535
54116,134613
54117,134417
54117,120144
54117,43749
54117,54937
54117,120665
54117,37283
54117,105559
54117,99484
54117,63145
54117,131110
54117,103860
54117,38484
54117,12579
54117,33168
54117,51979
54117,1085
54117,98770
54117,25467
54117,12341
54117,79221
54117,72597
54117,134966
54117,87215
54117,13443
54117,1140
54117,9812
54117,52784
54117,28939
54117,29811
54117,117439
54117,60008
54117,107785
54117,15251
54120,106186
54120,73613
54120,96913
54120,97575
54120,97600
54120,106781
54120,26131
54120,55613
54121,127688
54121,50162
54121,43594
54121,54139
54121,129083
54121,69559
54121,15251
54121,138112
54121,103860
54121,89962
54121,22883
54121,69352
54121,138176
54121,116251
54121,109270
54121,37567
54121,22633
54121,128085
54121,129044
54121,112292
54121,116536
54121,91045
54121,32934
54121,107576
54121,82738
54121,138061
54121,123469
54121,17619
54121,73823
54121,17329
54121,107785
54121,86375
54121,71097
54122,5860
54122,80091
54122,51953
54122,31121
54122,64489
54122,114405
54122,110445
54122,36446
54122,122532
54122,9110
54122,140642
54122,91783
54122,55367
54122,123654
54122,70530
54122,116256
54122,16018
54122,32054
54122,56081
54122,95640
54122,14019
54122,137283
54122,79299
54122,80116
54122,2412
54122,104437
54122,128645
54122,20748
54122,43733
54122,73896
54125,2028
54125,13835
54125,122862
54125,53958
54125,92787
54125,105646
54125,81389
54125,20891
54125,63036
54125,87305
54125,2262
54125,87268
54125,61174
54125,26120
54125,106946
54125,33954
54125,47044
54125,129558
54125,11231
54125,129210
54125,131821
54125,138891
54125,115212
54125,47871
54125,28187
54125,135587
54125,45232
54125,71433
54125,121068
54125,36005
54127,61926
54127,38102
54127,117424
54127,20913
54127,128573
54127,17611
54127,95921
54127,111155
54127,103551
54127,67343
54127,96420
54127,3958
54127,21079
54127,120030
54127,113977
54127,96570
54127,129226
54127,113241
54127,13801
54127,117906
54127,68589
54127,23821
54127,33507
54127,121721
54127,101696
54127,91121
54127,45880
54127,50737
54127,92974
54127,113010
54127,98321
54128,67835
54128,15955
54128,66451
54128,16085
54128,6903
54128,840
54128,128608
54128,12352
54128,138072
54128,74629
54128,43942
54128,52455
54128,8214
54128,129005
54128,77511
54128,80237
54128,78042
54128,135082
54128,114842
54128,84321
54128,126030
54128,111503
54128,83742
54128,56406
54128,26358
54128,119489
54128,104992
54128,135552
54128,91006
54132,124342
54132,137997
54132,14082
54132,116942
54132,37818
54132,104517
54132,90845
54132,70177
54132,77089
54132,21018
54132,77914
54132,114932
54132,134323
54132,59781
54132,40279
54132,78500
54132,35223
54132,24545
54132,49656
54132,134154
54132,90809
54132,68420
54132,131892
54132,26248
54132,38419
54132,60468
54132,77795
54132,46274
54132,94455
54132,117294
54132,60846
54132,125083
54132,59657
54134,107652
54134,118670
54134,135028
54134,73077
54134,132210
54134,80545
54134,116505
54134,119794
54134,131917
54134,53883
54134,101520
54134,51178
54134,95604
54134,73145
54134,124043
54134,87652
54134,106307
54134,9831
54134,28132
54134,63417
54134,75972
54134,123898
54134,20022
54134,61011
54134,129263
54134,75890
54134,53916
54134,57169
54134,3724
54134,16325
54134,5700
54134,37420
54134,118206
54137,69069
54137,78130
54137,96225
54137,19311
54137,110645
54137,131935
54138,12325
54138,121231
54138,78270
54138,121278
54138,63120
54138,118349
54138,57064
54138,88630
54138,112073
54138,10082
54138,88510
54138,139410
54138,81357
54138,3689
54138,93788
54138,48796
54138,64632
54138,6571
54138,78336
54138,77014
54138,60592
54138,117074
54138,79883
54138,40229
54138,104983
54138,8310
54138,48388
54138,8523
54138,123167
54138,75992
54138,19032
54141,108091
54141,135027
54141,135857
54141,122268
54141,129658
54141,110448
54141,1591
54141,37565
54141,31233
54141,96911
54141,71656
54141,83692
54141,97339
54141,13659
54141,131773
54141,110339
54141,21822
54141,65313
54141,67177
54141,44801
54141,47971
54141,133528
54141,39189
54141,31778
54141,138867
54141,124949
54141,85987
54141,98525
54141,114107
54141,75800
54141,1686
54143,4548
54143,54865
54143,131860
54143,13994
54143,66535
54143,39760
54144,105534
54144,80833
54144,123723
54144,9959
54144,36289
54144,45875
54144,50432
54144,131958
54144,93485
54144,97038
54144,128632
54144,113443
54144,14515
54144,111498
54144,139847
54144,100293
54144,1696
54144,113371
54144,124937
54144,42906
54144,79318
54144,138371
54144,23328
54144,124255
54144,130541
54144,139966
54144,121162
54144,132972
54144,122895
54144,75781
54144,138205
54144,93282
54146,19233
54146,16024
54146,40341
54146,118916
54146,93462
54146,34584
54146,89365
54146,133072
54146,21108
54146,55905
54146,105232
54146,37923
54146,33561
54146,64827
54146,120631
54146,79183
54146,6184
54146,55925
54146,129376
54146,97500
54146,63202
54147,34993
54147,96859
54147,48120
54147,119648
54147,97
54147,48858
54147,2294
54147,60199
54147,116567
54147,106378
54147,6760
54147,27298
54147,86769
54147,42413
54150,13621
54150,37191
54150,32268
54150,116887
54150,57665
54150,138824
54150,119057
54150,14283
54150,54482
54150,101031
54150,112559
54150,64885
54150,55495
54150,98118
54150,134001
54151,4453
54151,70711
54151,68930
54151,117864
54151,96627
54151,93562
54151,44474
54151,75808
54151,42945
54151,131054
54152,89394
54152,48944
54152,103326
54152,119005
54152,132646
54152,114697
54152,24699
54152,131936
54152,114155
54152,50460
54152,64724
54152,60085
54152,16549
54152,111888
54152,128300
54152,138055
54152,41413
54152,2371
54152,1332
54152,28594
54152,16785
54152,41183
54152,130799
54152,34803
54152,63209
54152,78554
54152,137351
54152,119665
54152,17088
54153,131697
54153,22596
54153,99027
54153,26087
54153,62600
54153,45544
54153,113697
54153,71469
54153,138922
54153,109482
54153,32741
54153,82620
54153,51782
54153,96031
54153,100683
54153,128612
54153,90995
54153,105392
54153,4962
54153,123216
54153,78752
54153,27458
54153,15566
54153,69885
54153,77754
54153,105179
54153,124016
54153,111920
54153,104766
54153,81752
54153,53045
54153,90702
54153,71991
54154,23268
54154,36427
54154,98239
54154,3213
54154,126657
54154,105408
54154,58037
54154,90730
54154,53494
54154,63916
54154,119085
54154,30593
54154,1230
54154,61529
54154,41278
54154,108564
54154,24559
54154,126462
54154,138550
54154,126719
54154,70078
54154,70934
54154,6439
54154,23212
54154,10746
54154,60084
54154,78838
54154,25416
54154,138600
54154,7880
54154,64762
54154,135499
54155,114463
54155,117532
54155,44806
54155,55315
54155,138120
54155,70256
54155,105574
54155,59848
54155,14647
54155,30554
54157,117650
54157,1077
54157,129347
54157,63798
54157,23740
54157,105714
54157,112447
54157,99065
54160,84566
54160,125705
54160,16643
54160,5657
54160,61625
54160,114048
54160,43421
54160,24226
54160,25968
54160,124092
54160,107718
54160,103890
54160,120079
54160,27626
54160,13331
54160,69485
54160,129801
54160,43786
54160,72405
54160,122483
54160,109152
54160,89112
54160,17579
54160,43021
54160,135559
54160,96407
54160,74744
54160,134594
54160,37140
54160,27199
54164,60458
54164,86289
54164,107316
54164,59638
54164,63457
54164,95486
54164,37798
54164,77583
54164,134654
54165,39312
54165,120019
54165,31463
54165,82930
54165,85358
54165,2613
54165,128945
54165,101055
54165,35432
54165,33339
54166,133846
54166,54739
54166,68038
54166,89202
54166,94241
54166,115994
54166,119002
54166,44213
54166,82967
54166,94850
54166,64017
54166,50366
54166,54795
54166,118722
54166,110915
54166,95394
54166,53443
54166,37339
54166,68372
54166,122468
54166,69149
54166,114201
54166,24654
54166,19965
54166,978
54166,83079
54166,63519
54166,79141
54166,76755
54166,105745
54166,97430
54166,69638
54166,10494
54169,91149
54169,104534
54169,7760
54169,26185
54169,106200
54169,28113
54169,78113
54169,45503
54169,10793
54170,98138
54170,124885
54170,44458
54170,35853
54170,126855
54170,137630
54170,16839
54170,119990
54170,139763
54170,130038
54170,80175
54170,93626
54170,49579
54170,15980
54170,113665
54170,95336
54170,134551
54170,35023
54170,90645
54170,102103
54170,875
54170,52996
54170,133739
54170,76035
54170,125334
54170,43123
54170,62412
54170,12820
54170,133331
54170,2123
54170,119019
54171,640
54171,130646
54171,93035
54171,112870
54171,13158
54171,75809
54171,138908
54171,92100
54171,75562
54171,55011
54171,9813
54171,9027
54171,10895
54171,79737
54171,22312
54171,59854
54171,34026
54171,19055
54171,9128
54171,27982
54171,70213
54171,50009
54171,15168
54171,50880
54171,110116
54171,111756
54171,40027
54171,105270
54171,127818
54171,11187
54171,16736
54171,13283
54173,138908
54173,85978
54173,15030
54173,36057
54173,97963
54173,30528
54173,123699
54173,51980
54173,65207
54173,46951
54173,9440
54173,58600
54173,9027
54173,40209
54173,99694
54173,107263
54173,103036
54173,139656
54173,75809
54173,13208
54173,25899
54173,72122
54173,58094
54173,36183
54173,115234
54173,16128
54173,59389
54173,56761
54173,134406
54173,78814
54173,118666
54174,24090
54174,95954
54174,42927
54174,15384
54174,42921
54174,90130
54174,80029
54174,16332
54174,124391
54174,67777
54174,113577
54174,71760
54174,81839
54174,10489
54174,101103
54174,71473
54174,94982
54174,5730
54174,6490
54174,89546
54174,13834
54174,91159
54174,99677
54174,6630
54174,563
54176,22779
54176,24638
54176,33100
54176,133010
54176,12614
54176,73383
54176,72281
54176,79997
54176,123578
54177,39388
54177,111428
54177,133456
54177,120383
54177,68688
54177,115547
54177,25127
54177,128152
54177,92656
54177,25600
54177,8091
54177,21555
54177,69296
54177,123203
54177,3117
54177,139177
54177,99840
54177,57757
54177,134285
54177,90442
54177,83689
54177,37137
54177,119724
54177,58490
54177,140347
54177,90977
54177,128926
54177,26760
54177,69202
54177,39771
54177,139390
54177,29916
54177,5636
54179,59017
54179,137360
54179,101402
54179,127215
54179,14669
54179,99970
54180,36454
54180,49623
54180,99956
54180,42618
54180,2491
54180,46101
54180,107398
54180,36468
54180,14576
54180,40445
54180,52527
54180,97054
54180,23564
54180,25374
54180,12785
54180,16118
54180,13644
54180,93124
54180,111093
54180,11974
54180,127838
54180,109222
54180,73328
54181,67550
54181,66581
54181,91312
54181,98937
54181,21569
54181,131687
54181,53239
54181,24512
54181,11598
54181,42494
54181,91538
54181,117422
54181,64048
54181,57745
54181,98931
54181,116679
54182,4325
54182,80233
54182,72491
54182,61636
54182,99501
54182,116849
54182,30713
54182,92084
54182,49387
54182,65062
54182,52386
54182,8491
54182,35478
54182,38165
54182,43842
54182,15971
54182,134767
54182,68470
54182,73702
54182,18138
54182,68103
54182,79710
54182,88290
54182,88788
54182,112553
54182,33710
54182,128340
54182,129163
54182,35935
54182,99902
54182,135125
54182,72049
54184,18601
54184,21808
54184,57114
54184,30618
54184,60223
54184,40441
54184,122734
54184,10107
54184,113229
54184,5286
54184,115310
54184,119399
54184,84579
54184,10763
54184,9589
54184,134086
54184,64913
54184,82404
54184,101162
54184,43440
54184,84914
54184,45851
54184,121350
54184,139917
54184,57903
54184,134831
54184,62326
54184,66606
54184,124234
54184,134883
54184,121675
54184,58217
54185,2593
54185,20928
54185,32218
54185,111615
54185,21255
54185,140098
54185,78209
54185,134537
54185,23974
54185,46874
54185,67470
54185,39149
54185,19096
54185,22230
54185,5327
54185,51795
54185,132273
54185,16712
54185,63455
54185,82059
54185,26368
54185,103541
54185,22977
54185,95201
54185,18160
54185,3540
54185,61264
54185,108875
54185,50973
54186,25874
54186,38444
54186,67974
54186,83026
54186,38795
54186,21250
54186,34635
54186,44306
54186,53695
54186,117463
54186,1277
54186,64049
54186,70242
54186,49368
54188,50094
54188,50899
54188,90166
54188,85495
54188,109370
54188,41071
54188,128350
54188,85231
54188,90648
54188,53213
54188,73553
54188,86218
54188,75121
54188,78973
54188,93656
54188,48847
54188,44362
54188,91389
54188,1764
54188,123429
54188,39115
54188,91125
54188,91664
54188,10336
54188,8242
54188,1021
54188,101938
54188,67254
54188,19688
54188,34339
54188,138105
54189,113208
54189,10906
54189,63470
54189,82699
54189,115943
54189,3776
54189,41832
54189,29079
54189,113768
54189,44530
54189,124497
54189,51514
54189,112435
54189,122752
54189,20863
54189,46415
54189,22163
54189,109651
54189,79875
54189,120519
54189,6336
54189,38130
54189,32073
54189,53279
54189,2770
54189,124590
54189,131066
54189,31437
54189,54445
54189,42389
54189,56603
54189,19974
54189,76814
54189,58599
54191,9676
54191,15186
54191,57632
54191,52732
54191,84736
54191,130658
54191,124555
54191,32548
54191,96916
54191,42926
54191,122713
54191,17815
54191,46120
54191,1189
54191,24164
54191,80052
54191,14535
54191,13368
54191,46221
54191,100667
54191,88820
54191,73627
54191,67045
54191,69188
54191,136076
54191,58080
54191,123213
54191,41252
54191,116861
54191,37481
54191,2714
54193,56188
54193,44360
54193,121481
54193,89299
54193,109933
54193,89765
54193,79392
54193,32633
54193,50825
54193,106787
54193,41628
54193,140254
54193,128579
54193,1429
54193,107472
54193,137675
54193,70370
54193,57477
54193,85112
54193,63253
54193,82411
54193,53912
54193,6039
54193,589
54193,11612
54193,123636
54193,89439
54193,105359
54193,123308
54193,124644
54193,119167
54193,82954
54194,126860
54194,133445
54194,39381
54194,101010
54194,86359
54194,60928
54194,139756
54194,19323
54194,40715
54194,134638
54194,71393
54195,59164
54195,1313
54195,95996
54195,98392
54195,103397
54195,11836
54195,120777
54195,33272
54195,82022
54195,34598
54195,124943
54195,116683
54195,109353
54195,140618
54195,74487
54195,41207
54195,68025
54195,66900
54195,94677
54195,94915
54195,130210
54195,87027
54195,50390
54195,87477
54195,4878
54195,40983
54195,55917
54195,47166
54195,96032
54195,96785
54195,131668
54195,139048
54195,88582
54195,139727
54197,126657
54197,4875
54197,23268
54197,20592
54197,15994
54197,105408
54197,126719
54197,41278
54197,70606
54197,7919
54197,126264
54197,3213
54197,1230
54197,86639
54197,139197
54197,70078
54197,53494
54197,80475
54197,61529
54197,74754
54197,38725
54197,6439
54197,135499
54197,35264
54197,70839
54197,78838
54197,106262
54197,25416
54197,10746
54197,7880
54197,60084
54197,129968
54199,42851
54199,39065
54199,106125
54199,56963
54199,68835
54199,57048
54199,79803
54199,49963
54199,5729
54199,19477
54199,22963
54199,90773
54199,81341
54199,42994
54199,4523
54199,131546
54199,112968
54199,41850
54199,39636
54199,131641
54200,72503
54200,84407
54200,51111
54200,77286
54200,113889
54200,32202
54200,74428
54200,2859
54200,40666
54200,17460
54200,30414
54200,36472
54200,80898
54200,33839
54200,9619
54200,137928
54200,89564
54200,60000
54200,13705
54200,47233
54200,16608
54200,117187
54200,122027
54200,23464
54200,50994
54200,112695
54200,22031
54200,103854
54200,36763
54200,121499
54200,46409
54201,67046
54201,32384
54201,62931
54201,58618
54201,53207
54201,71866
54201,132601
54201,112615
54201,8296
54201,119422
54201,14093
54201,79630
54201,48332
54201,138145
54201,139394
54201,38669
54201,37015
54201,29987
54201,48590
54201,23213
54201,121860
54201,28920
54201,58152
54201,29998
54201,97636
54201,47914
54201,45719
54201,68161
54201,24209
54201,80392
54201,36987
54201,28803
54201,20094
54203,77389
54203,63621
54203,3262
54203,92516
54203,21592
54203,45199
54203,111672
54203,32877
54203,140235
54203,52065
54203,36865
54203,8690
54203,104244
54203,65049
54203,68139
54203,1124
54203,72858
54203,47313
54203,107497
54203,28801
54203,71399
54203,48312
54203,121124
54203,102545
54204,131220
54204,2951
54204,140203
54204,68470
54204,44269
54204,73702
54204,38133
54204,111381
54204,57096
54204,32343
54204,74632
54204,78594
54204,33210
54204,139901
54204,23089
54204,61154
54204,60225
54204,115960
54204,9319
54204,89032
54204,123576
54204,46125
54204,109000
54204,129814
54204,28887
54204,93042
54204,61628
54206,130336
54206,124763
54206,35646
54206,94532
54206,16939
54206,37742
54206,87342
54206,111432
54206,6809
54206,12224
54206,48360
54206,98216
54206,67792
54206,26190
54206,106653
54206,72670
54206,91169
54206,129843
54206,71784
54206,2091
54206,99629
54206,47283
54206,57264
54206,42499
54206,13511
54206,7651
54206,100110
54206,7941
54206,100312
54206,87339
54206,131660
54206,115096
54206,114939
54209,94811
54209,45558
54209,104652
54209,30362
54209,8956
54209,30804
54209,13756
54209,134218
54209,53222
54209,57855
54209,5516
54209,64117
54209,121845
54209,66794
54209,24556
54209,53405
54209,58902
54209,33800
54209,57533
54209,46781
54209,20804
54209,47257
54209,93478
54209,122815
54209,131015
54209,140820
54209,105605
54209,12389
54209,29955
54209,80959
54209,71975
54210,39986
54210,91810
54210,65655
54210,116378
54210,47176
54210,78216
54210,132121
54210,52035
54210,1004
54210,72985
54210,88916
54210,23083
54210,125898
54210,108535
54210,52010
54210,60207
54210,38181
54210,70270
54210,25336
54210,121510
54210,38137
54210,2205
54210,123223
54210,29891
54210,119986
54210,120080
54210,16351
54210,140722
54210,113661
54210,136938
54210,90938
54210,83046
54211,61244
54211,83
54211,11564
54211,82083
54211,31518
54211,11241
54211,30056
54211,99199
54211,38099
54211,60666
54211,81906
54211,64180
54211,55051
54211,41739
54211,15863
54211,107628
54211,51622
54211,71608
54211,90967
54211,4697
54211,5204
54211,1398
54211,43206
54211,70389
54211,83653
54211,20461
54211,113189
54211,100538
54211,114359
54211,80084
54211,10970
54212,112809
54212,81846
54212,75502
54212,72105
54212,77980
54212,133105
54212,98027
54213,50039
54213,126149
54213,108377
54213,64003
54213,30716
54213,30
54213,54733
54213,128388
54213,90655
54213,70121
54213,76305
54213,134461
54213,133391
54213,111943
54213,75026
54213,56787
54213,76709
54213,31744
54213,115125
54213,75780
54213,91584
54213,121853
54213,36869
54213,1618
54213,3880
54213,26343
54213,55519
54213,121681
54214,1015
54214,91186
54214,63769
54214,20713
54214,55526
54214,92085
54214,43890
54214,115018
54214,112865
54214,40898
54214,127733
54214,29809
54214,136095
54214,66780
54214,114259
54214,132641
54214,37211
54214,125458
54214,28450
54214,68655
54219,31753
54219,3790
54219,133168
54219,85822
54219,68040
54219,139898
54219,111582
54219,14957
54219,122584
54219,128877
54219,118073
54219,121519
54219,82145
54219,15405
54219,5294
54219,8207
54221,29943
54221,85754
54221,117341
54221,136251
54221,125513
54221,63347
54221,63271
54221,68904
54221,71409
54221,25916
54221,140117
54221,139959
54221,47648
54221,3153
54221,101267
54221,30605
54221,119202
54221,140723
54221,10239
54221,74277
54221,45141
54221,102461
54221,103738
54221,107809
54221,57089
54221,99529
54221,83745
54221,89148
54221,7753
54221,122138
54221,94642
54221,49198
54221,16096
54227,107428
54227,24406
54227,69276
54227,6971
54227,104188
54227,126050
54227,16823
54227,10805
54227,46256
54227,105334
54227,108752
54227,83328
54227,21533
54227,23327
54227,46223
54227,68819
54227,85922
54227,31084
54227,38228
54227,130618
54227,134004
54227,70274
54227,29738
54227,112359
54227,129727
54227,54680
54227,24644
54227,7793
54227,97789
54227,53979
54227,20197
54227,101313
54227,80045
54229,136159
54229,115779
54229,95307
54229,24311
54229,140132
54229,21721
54229,46153
54229,66702
54229,719
54229,5710
54229,19435
54229,57724
54229,63457
54229,100384
54229,117667
54229,88218
54229,20362
54229,53341
54229,118937
54229,6300
54229,111856
54229,30627
54229,76656
54229,18380
54229,130699
54229,11821
54229,2979
54229,130415
54229,90723
54229,97061
54229,129440
54229,135286
54230,18035
54230,88735
54230,24639
54230,93332
54230,116912
54230,68726
54230,47700
54230,70384
54230,10713
54230,124903
54232,131254
54232,33904
54232,39561
54232,23933
54232,95497
54232,61726
54232,11754
54232,41016
54232,13041
54232,90313
54232,51378
54232,138313
54232,135568
54232,19760
54232,128338
54232,821
54232,47934
54232,58132
54232,118313
54232,49452
54232,58588
54232,42049
54232,50277
54232,105299
54232,65885
54232,79849
54232,13102
54232,33667
54232,31458
54233,101370
54233,140492
54233,120649
54233,22653
54233,77896
54233,33814
54233,42509
54233,120178
54233,84326
54233,91183
54233,36503
54233,84851
54233,53190
54233,97870
54233,49055
54233,64272
54233,12601
54233,121449
54234,51980
54234,10895
54234,122153
54234,57936
54234,63262
54234,124239
54234,129467
54234,41190
54234,43672
54234,129443
54234,6992
54234,24499
54234,40255
54234,138172
54234,64373
54235,125261
54235,37820
54235,80336
54235,43888
54235,10827
54235,12870
54235,49855
54235,45731
54235,108197
54235,46317
54235,139193
54235,68364
54235,86248
54235,122002
54235,42678
54235,19413
54235,91667
54235,86654
54235,63965
54235,16246
54235,86079
54235,123391
54236,16397
54236,85562
54236,60053
54236,46794
54236,119602
54236,83997
54236,81988
54236,129970
54236,27942
54236,54845
54236,123546
54236,133502
54236,115388
54236,6562
54236,88341
54236,109739
54236,114470
54236,110556
54236,3390
54236,60026
54236,138416
54236,70559
54236,93026
54236,59528
54236,72154
54236,123880
54236,45126
54236,121897
54236,124518
54236,17762
54238,139298
54238,21226
54238,130253
54238,65699
54238,12516
54238,26159
54238,96728
54238,11762
54238,46226
54238,17447
54238,112752
54238,18933
54238,101671
54238,82564
54238,110951
54238,87300
54238,131380
54238,20024
54238,31265
54238,85431
54238,2088
54238,52980
54238,125094
54238,23120
54238,75177
54238,120872
54238,124650
54238,105677
54238,107691
54238,10148
54238,19790
54239,7822
54239,110707
54239,65868
54239,68816
54239,9703
54239,85364
54240,72709
54240,58946
54240,15997
54240,50404
54240,50583
54240,5358
54240,116881
54240,21579
54240,69956
54240,99393
54240,87886
54240,63985
54240,4469
54240,69610
54240,36111
54240,41677
54240,43313
54240,139419
54240,10050
54240,137469
54240,45706
54240,32080
54240,61955
54240,84604
54240,106562
54240,50409
54242,7372
54242,106356
54242,102756
54242,115241
54242,85678
54242,45480
54242,85531
54242,77843
54242,120915
54242,71028
54242,50569
54242,138659
54242,116170
54242,79253
54242,42263
54242,34734
54242,55598
54242,85140
54242,89294
54242,69389
54242,38437
54242,66285
54242,120089
54242,33702
54242,120291
54242,82347
54242,117638
54242,22172
54242,10335
54242,98126
54243,124904
54243,15675
54243,76599
54243,114618
54243,71217
54243,57585
54243,140801
54243,29111
54243,111972
54243,75392
54243,90565
54243,45294
54243,96799
54243,88547
54243,51386
54243,72992
54243,10296
54243,47215
54243,9314
54243,44636
54243,103667
54243,108284
54243,91190
54243,105634
54243,109862
54243,15455
54243,88012
54243,67369
54243,29804
54243,21832
54243,63314
54243,105525
54244,115225
54244,90869
54244,128110
54244,71657
54244,44070
54244,137649
54244,5146
54244,92601
54244,36431
54244,135136
54244,39025
54246,129654
54246,18283
54246,49670
54246,82656
54246,36905
54249,95446
54249,59775
54249,116800
54249,27614
54249,32659
54249,76345
54249,118648
54249,114040
54249,65134
54249,11792
54249,66403
54249,119997
54249,44850
54249,66121
54249,33538
54249,29665
54249,37336
54249,111157
54249,23663
54249,5785
54250,106096
54250,18177
54250,86149
54250,42306
54250,106017
54250,1097
54250,8780
54250,83442
54250,9264
54250,56079
54250,33657
54250,100024
54250,130068
54250,93547
54250,22167
54250,63909
54250,100633
54250,71845
54250,28677
54250,62820
54250,112194
54250,90472
54250,14551
54250,102965
54250,83459
54250,114024
54250,112805
54250,31840
54250,105005
54254,57640
54254,6845
54254,64384
54254,35974
54254,2498
54254,13302
54254,96178
54254,122751
54254,48999
54254,51488
54254,60751
54254,55954
54254,29391
54254,84214
54254,129724
54254,3005
54254,104486
54254,57707
54254,3704
54254,112590
54254,51494
54254,52074
54254,31770
54254,75212
54254,107032
54254,9019
54254,68997
54254,99398
54254,48687
54255,135027
54255,69575
54255,114474
54255,1591
54255,121692
54255,74169
54255,88593
54255,28685
54255,112890
54255,56739
54255,63663
54255,107727
54256,114079
54256,71678
54256,104453
54256,2467
54256,36350
54258,13076
54258,41108
54258,77985
54258,50000
54258,75939
54258,107098
54258,62301
54258,66939
54258,129259
54258,25697
54258,88286
54258,108607
54258,137625
54258,135351
54258,71504
54258,135389
54258,40460
54258,199
54258,129983
54258,107359
54258,11440
54258,123219
54258,128780
54258,21795
54258,48193
54258,45075
54258,134244
54258,65642
54258,39673
54258,121156
54258,96039
54258,86912
54260,110921
54260,37999
54260,107389
54260,97282
54260,20777
54260,82116
54260,5410
54260,12315
54260,25483
54260,127553
54260,51542
54260,117460
54260,57066
54260,6208
54260,123319
54260,117540
54260,105769
54260,128516
54260,103235
54260,135193
54260,89426
54260,42717
54260,25255
54260,29220
54260,42979
54260,54529
54260,72908
54260,29250
54260,85194
54260,73045
54260,121735
54260,67793
54262,35899
54262,8877
54262,53541
54262,112760
54262,132625
54262,103326
54262,80853
54262,101939
54262,130799
54262,1930
54262,6764
54262,126850
54262,38969
54262,115103
54262,66964
54262,76195
54262,106661
54262,103740
54262,62865
54262,126170
54262,83157
54262,29363
54262,410
54262,113799
54262,107295
54262,11451
54262,94310
54262,4341
54262,29511
54262,70941
54263,68488
54263,112281
54263,89626
54263,12865
54263,751
54263,25536
54263,70030
54263,112915
54263,95082
54263,82144
54263,66505
54263,22051
54263,129711
54263,133518
54263,73661
54263,16190
54263,9057
54263,49319
54263,50692
54263,105164
54263,82246
54263,46079
54263,52262
54263,90647
54263,113460
54263,81755
54263,27044
54263,67551
54263,44747
54263,64432
54263,78954
54263,14322
54263,13220
54265,65855
54265,130850
54265,81830
54265,5131
54265,113582
54265,81217
54265,15607
54265,83438
54265,70145
54265,54873
54265,39047
54265,107116
54265,100594
54265,137189
54265,47308
54265,12228
54265,55399
54265,62510
54265,79033
54265,57378
54265,30422
54265,16627
54265,98803
54265,96513
54265,87788
54265,109731
54265,120822
54266,121076
54266,137056
54266,40814
54266,113487
54266,55544
54266,133582
54266,38375
54266,76382
54266,14285
54266,37315
54266,24794
54266,17906
54266,85114
54266,83595
54266,140766
54266,68174
54266,137694
54266,9975
54266,72066
54266,65542
54266,40392
54266,119162
54266,139080
54266,74782
54266,55443
54266,127083
54266,57548
54266,91788
54266,89141
54266,50691
54266,122462
54266,135200
54266,16093
54266,22233
54267,104663
54267,83836
54267,1988
54267,33393
54267,98250
54267,81111
54267,103846
54267,8898
54267,44141
54267,93217
54267,122559
54267,38537
54267,102644
54267,97465
54267,26465
54267,92776
54267,6547
54267,36423
54267,39556
54267,20546
54267,10087
54267,70523
54267,8205
54267,87476
54267,133061
54267,135952
54267,53645
54267,13893
54267,101806
54267,59371
54267,1735
54269,74689
54269,53791
54269,124709
54269,124202
54269,92155
54269,73333
54269,121304
54269,96853
54269,23453
54269,21156
54269,82144
54269,111896
54269,111670
54269,18870
54269,83248
54269,49512
54269,41273
54269,30990
54269,126546
54269,663
54269,1083
54269,57857
54269,36785
54269,66271
54269,91310
54269,17569
54269,43251
54269,2406
54270,66527
54270,97156
54270,59750
54270,105274
54270,60951
54270,47436
54270,4163
54270,13636
54270,21429
54270,101767
54270,50780
54270,20434
54270,4998
54270,80372
54270,50675
54270,63966
54270,14750
54270,55530
54270,11168
54270,4582
54270,36071
54270,88851
54270,112075
54270,67931
54270,113961
54270,136586
54270,67568
54270,31073
54270,36105
54272,31123
54272,128018
54272,93357
54272,80377
54272,126567
54272,131106
54272,1110
54272,28878
54272,76754
54272,99489
54272,114196
54272,98884
54272,18026
54272,102347
54272,130028
54272,26203
54272,39592
54272,5441
54272,2323
54272,119238
54272,4598
54272,93051
54272,114399
54272,8729
54272,79014
54272,32919
54273,70244
54273,93125
54273,75755
54273,50252
54273,43785
54273,127747
54273,90700
54273,22009
54273,122863
54273,87973
54273,98633
54273,82665
54273,9259
54273,56301
54273,69123
54273,20800
54273,99967
54273,77975
54273,107867
54273,40323
54273,118582
54273,753
54273,108817
54273,102288
54273,89793
54273,78108
54273,5240
54273,139566
54273,93518
54274,107162
54274,133764
54274,58483
54274,57068
54274,62993
54274,63801
54274,27846
54274,103354
54274,92541
54274,37156
54274,84403
54274,77253
54274,29734
54274,65105
54274,77168
54274,97103
54274,88678
54274,33
54274,69006
54274,109133
54274,63280
54274,100799
54274,86617
54274,87190
54274,51093
54274,96019
54274,17159
54274,136282
54274,109315
54274,106319
54274,27324
54274,119295
54274,10651
54275,8017
54275,126768
54275,67641
54275,67182
54275,71442
54275,52767
54275,21659
54275,85915
54275,7916
54275,59715
54275,127222
54275,124220
54275,91008
54275,626
54275,38506
54275,11040
54275,127313
54275,37428
54275,83366
54275,76666
54275,109898
54275,125242
54275,57689
54275,12634
54275,58627
54275,12506
54275,56975
54275,29188
54275,18010
54275,122475
54275,96507
54275,133002
54275,37217
54275,100243
54276,1495
54276,23721
54276,39957
54276,48522
54276,139360
54276,9894
54276,12357
54276,103807
54276,88316
54276,59322
54276,55050
54276,72189
54276,43611
54276,113761
54276,42011
54276,82401
54276,128010
54276,43657
54276,31486
54276,102874
54276,27142
54276,63108
54276,37304
54276,16765
54276,25985
54276,1561
54276,119140
54276,110189
54276,66643
54276,115848
54276,14530
54278,61466
54278,101975
54278,42501
54278,46097
54278,136277
54278,140505
54278,106835
54278,80370
54278,88101
54278,39743
54278,32995
54278,106450
54278,11818
54278,67056
54278,18071
54278,69879
54278,132997
54278,36659
54278,8816
54278,61649
54278,23680
54278,79439
54278,73491
54278,9759
54278,71620
54278,52643
54278,55727
54278,39310
54279,132459
54279,44714
54279,1334
54279,132692
54279,127997
54279,12514
54279,112196
54279,112035
54279,78516
54279,22614
54279,131200
54279,23110
54279,48907
54279,88987
54279,75394
54279,84473
54279,89833
54279,125218
54279,26211
54279,10846
54279,139862
54279,18796
54279,82712
54279,102162
54279,22329
54279,15788
54279,112608
54279,110733
54279,91285
54279,122276
54279,44564
54280,55258
54280,13558
54280,70952
54280,123292
54280,47038
54280,47495
54280,107305
54280,65813
54280,26836
54281,101880
54281,8617
54281,18791
54281,103888
54281,23373
54281,46370
54281,91499
54281,33801
54281,17669
54281,89054
54282,9899
54282,94613
54282,22956
54282,70625
54282,7073
54282,5165
54282,134780
54282,95090
54282,135308
54282,129032
54282,41584
54282,124099
54282,81159
54282,108069
54282,124552
54282,39734
54282,134893
54282,83109
54282,104904
54282,136104
54282,134303
54282,17876
54282,69160
54282,103450
54282,130250
54282,2150
54282,104025
54282,117098
54283,43145
54283,56461
54283,23678
54283,21031
54283,5427
54283,71599
54283,116717
54283,130533
54284,7564
54284,15850
54284,49916
54284,87089
54284,102499
54284,81338
54284,54280
54284,53200
54284,84584
54284,64133
54284,78743
54284,2068
54284,61911
54284,82226
54284,103387
54284,71686
54284,61713
54284,46399
54284,131101
54284,109605
54284,20285
54284,134266
54284,71123
54284,74780
54284,64773
54284,10252
54284,110057
54284,24416
54284,46348
54284,109491
54284,86229
54284,8944
54285,126657
54285,40517
54285,7919
54285,23268
54285,105408
54285,126264
54285,1230
54285,20592
54285,71181
54285,139197
54285,15994
54285,126719
54285,131295
54285,61529
54285,70606
54285,8586
54285,70839
54285,30878
54285,25416
54285,126462
54285,3213
54285,86639
54285,41278
54285,68923
54285,56042
54285,84032
54285,111170
54285,135499
54285,80475
54285,10996
54285,23265
54285,76379
54286,94127
54286,136377
54286,111440
54286,76501
54286,105787
54286,49185
54286,90139
54286,110602
54286,85917
54286,105305
54286,35962
54286,18999
54286,25017
54286,19372
54286,94313
54286,111825
54286,113770
54286,129147
54286,84512
54288,27686
54288,127094
54288,30487
54288,133509
54288,123096
54288,24513
54288,138722
54288,85555
54288,109868
54288,94261
54288,131414
54288,53904
54288,94897
54288,107172
54288,52515
54288,48898
54288,7898
54288,48233
54288,11885
54288,65910
54288,116852
54288,59685
54288,131894
54288,30986
54288,99297
54288,40233
54288,96553
54288,85603
54288,46320
54288,79437
54289,34635
54289,49368
54289,67974
54289,83026
54289,115770
54289,14389
54289,1277
54289,53695
54289,44306
54289,29286
54289,7360
54289,20133
54289,140130
54289,12347
54289,8951
54289,74130
54289,86289
54289,90389
54289,132293
54289,28806
54289,17213
54289,7258
54289,3566
54289,93944
54289,126571
54289,33912
54289,128241
54290,71636
54290,38842
54290,55605
54290,114863
54290,14444
54290,26763
54290,134412
54290,33333
54290,92136
54290,79899
54290,5205
54290,43730
54290,34435
54290,67507
54290,92423
54290,38369
54290,78990
54290,117747
54290,7776
54290,129611
54290,56546
54292,57500
54292,58481
54292,80702
54292,25683
54292,49001
54292,22795
54292,34677
54292,87142
54293,73696
54293,47625
54293,55198
54293,58937
54293,67451
54293,105713
54293,45270
54293,101254
54293,51777
54293,101759
54293,121114
54293,116919
54293,133369
54293,50797
54293,21122
54293,10611
54293,52011
54293,19053
54293,54007
54293,89389
54293,103742
54293,97087
54293,117652
54293,82035
54293,23076
54293,94640
54293,29575
54293,103462
54293,60256
54294,101661
54294,100552
54294,17460
54294,82378
54294,79677
54294,57010
54294,103522
54294,60580
54294,94950
54294,47233
54294,11640
54294,25629
54294,122027
54294,18061
54294,72005
54294,128156
54294,25048
54294,97249
54294,33353
54294,93411
54294,29740
54294,138223
54294,110131
54294,71141
54294,91373
54294,94072
54294,56806
54294,72298
54294,72801
54294,68376
54294,118880
54295,18652
54295,19364
54295,61019
54295,97787
54295,25260
54295,19728
54295,3009
54295,1433
54295,28037
54295,15631
54295,105075
54295,56421
54295,67271
54295,38475
54295,59256
54295,8567
54295,20361
54295,86129
54295,140323
54295,138980
54295,6832
54295,62628
54295,6885
54295,18360
54295,28174
54295,93584
54295,114323
54295,121320
54295,96554
54295,30468
54295,85769
54295,49228
54296,666
54296,97282
54296,10781
54296,107389
54296,37555
54296,101914
54296,55920
54296,12315
54296,20777
54296,121735
54296,140592
54296,133186
54296,39427
54296,25149
54296,54572
54296,101178
54296,20547
54296,81214
54296,6208
54296,83422
54296,25779
54296,88570
54296,85194
54296,19718
54296,3323
54296,111519
54296,128794
54296,117540
54296,49137
54296,76211
54296,83979
54296,67793
54296,54529
54297,47237
54297,8687
54297,6523
54297,100047
54297,6588
54297,11262
54297,40008
54297,101112
54297,75670
54297,57482
54297,62243
54297,48284
54297,95879
54297,78590
54297,82319
54297,22968
54297,43140
54297,104085
54297,113293
54297,35547
54297,65543
54297,42224
54297,64981
54297,28539
54297,115836
54297,2995
54297,24820
54297,56746
54297,51794
54297,5722
54297,131852
54297,32695
54297,137955
54299,6300
54299,85833
54299,5710
54299,62328
54299,97305
54299,8679
54300,32599
54300,79923
54300,13773
54300,133032
54300,111082
54300,58841
54300,72019
54300,13930
54300,139874
54300,48963
54300,85727
54300,110952
54300,115538
54300,71443
54300,112275
54300,31560
54300,114483
54300,69246
54300,50268
54300,34531
54300,87981
54300,20102
54300,77088
54300,61897
54300,17017
54300,60941
54300,49990
54300,51077
54300,6557
54300,109073
54300,119802
54302,113768
54302,46415
54302,113208
54302,115943
54302,3776
54302,41832
54302,92995
54302,29079
54302,10906
54302,63470
54302,44530
54302,124497
54302,51514
54302,112435
54302,122752
54302,20863
54302,22163
54302,109651
54302,79875
54302,120519
54302,45650
54302,38130
54302,53279
54302,82699
54302,2770
54302,6336
54302,124590
54302,131066
54302,31437
54302,58599
54302,54445
54302,42389
54302,56603
54302,76814
54303,666
54303,54572
54303,93770
54303,13728
54303,101914
54303,25149
54303,121735
54303,118677
54303,140592
54303,117460
54303,60910
54303,132435
54303,97282
54303,10781
54303,107389
54303,82116
54303,34583
54303,102234
54303,81214
54303,6208
54303,101178
54303,37555
54303,25779
54303,57315
54303,12315
54303,111519
54303,88570
54303,20777
54303,39427
54303,67793
54303,41381
54303,85194
54303,78186
54305,71181
54305,36427
54305,98239
54305,3213
54305,1546
54305,105408
54305,23268
54305,90730
54305,15994
54305,4875
54305,14536
54305,110940
54305,25075
54305,98736
54305,39164
54305,126657
54305,41278
54305,1230
54305,25070
54305,79740
54305,25476
54305,34214
54305,70934
54305,24559
54305,38291
54305,47744
54305,30950
54305,61529
54305,86639
54305,88957
54305,126665
54305,30593
54305,74754
54305,7880
54305,5002
54307,57416
54307,108196
54307,29610
54307,42622
54307,54121
54307,19318
54307,93536
54307,58656
54307,48571
54307,121608
54307,43312
54307,124927
54307,100847
54307,63950
54307,80532
54307,65401
54307,30740
54307,128175
54307,57361
54307,92205
54307,2944
54307,136989
54307,97105
54307,114247
54307,10604
54307,101319
54307,73803
54307,77268
54307,43378
54307,110773
54307,138423
54307,137839
54307,72791
54308,65983
54308,63945
54308,18859
54308,137592
54308,31442
54308,36710
54308,65496
54308,13155
54308,30417
54308,119322
54308,94382
54308,121665
54308,135195
54308,134786
54308,5103
54308,99894
54308,108513
54308,73912
54308,35043
54308,102112
54308,117347
54309,140295
54309,121736
54309,50646
54309,37110
54309,1120
54309,59623
54309,69465
54309,69173
54309,13416
54309,79404
54309,49689
54309,62847
54309,52661
54309,23737
54309,46478
54309,15385
54309,35349
54309,23856
54309,69673
54309,79813
54309,72969
54309,4484
54309,4905
54311,81437
54311,64777
54311,38571
54311,53341
54311,48153
54311,27348
54311,56880
54311,29604
54311,88218
54311,113349
54311,95307
54311,65606
54311,88096
54311,10404
54311,44147
54311,893
54311,16706
54311,68914
54311,107872
54311,95166
54311,59526
54311,41488
54311,97247
54311,30184
54311,74474
54311,111106
54311,59267
54311,50984
54311,114766
54311,85728
54311,122844
54311,21315
54311,111000
54315,133212
54315,45462
54315,44372
54315,13347
54315,78684
54315,3273
54315,56868
54315,28243
54315,93080
54315,78976
54315,59143
54315,332
54315,22304
54315,44849
54315,51981
54315,54961
54315,87474
54315,132316
54315,131582
54315,26092
54315,107594
54315,100506
54315,38495
54315,42406
54315,112539
54315,129717
54315,102774
54315,23515
54315,135477
54315,107538
54315,17471
54317,19146
54317,115496
54317,10328
54317,33948
54317,16734
54317,127505
54317,104775
54317,56426
54317,105082
54317,84615
54317,108478
54317,56671
54317,42811
54317,35746
54317,44444
54317,60775
54317,16136
54317,94799
54317,12519
54317,1069
54317,127888
54317,95888
54317,117663
54317,16817
54317,84682
54317,31469
54317,59653
54317,125065
54317,9353
54317,109924
54317,124587
54317,39916
54319,22013
54319,95182
54319,31486
54319,110189
54319,20295
54319,131740
54319,62726
54319,90377
54319,102874
54319,66803
54319,25236
54319,1495
54319,139360
54319,9894
54319,103807
54319,48375
54319,31166
54319,88316
54319,43657
54319,79235
54319,89367
54319,103197
54319,62237
54319,72189
54319,79537
54319,68833
54319,43611
54319,37304
54319,38837
54319,83364
54319,39329
54319,67389
54320,6962
54320,113481
54320,67728
54320,104112
54320,78684
54320,9932
54320,69822
54320,137332
54320,11496
54320,17319
54320,78976
54320,110504
54320,22304
54320,3273
54320,123473
54320,84766
54320,133878
54320,82514
54320,44372
54320,45462
54320,97345
54320,133212
54320,33682
54320,87474
54320,52375
54320,84306
54320,88614
54320,28243
54320,880
54321,84030
54321,119281
54321,63249
54321,23005
54321,100919
54321,39002
54321,13753
54321,54431
54322,84416
54322,83947
54322,72231
54322,111861
54322,51025
54322,103467
54322,11201
54322,79573
54322,102632
54322,39487
54322,67778
54322,126463
54322,59691
54322,115970
54322,48302
54324,113806
54324,78019
54324,13685
54324,39068
54324,15856
54324,85614
54324,123233
54324,14593
54324,44451
54324,67084
54324,85037
54324,135019
54324,40915
54324,40967
54324,108039
54324,54864
54324,124076
54324,127864
54324,128486
54324,113523
54324,73441
54324,80442
54324,58788
54324,44429
54324,105487
54324,133805
54324,124438
54324,113828
54324,25763
54324,72163
54324,57468
54324,115371
54324,135395
54324,48255
54325,137630
54325,98138
54325,84947
54325,85363
54325,70283
54325,44458
54325,85545
54325,82829
54325,56410
54325,121219
54325,67636
54325,4161
54325,89857
54325,58878
54325,138230
54325,134551
54325,789
54325,2768
54325,80175
54325,49579
54325,114331
54325,122624
54325,51103
54325,132751
54325,106660
54325,119990
54325,118378
54325,76035
54325,133739
54325,103568
54326,120193
54326,9131
54326,85914
54326,114891
54326,92996
54326,15564
54326,71467
54332,77973
54332,87912
54332,131602
54332,112197
54332,72103
54332,98674
54332,29033
54332,116652
54332,41019
54332,59011
54332,139448
54332,34298
54332,24816
54332,123832
54332,103202
54332,86094
54332,75117
54332,21957
54332,90901
54332,122531
54332,84164
54332,85091
54332,72871
54332,128817
54332,61299
54332,9178
54332,18669
54332,69377
54334,113604
54334,76765
54334,115210
54334,37197
54334,34501
54334,43798
54334,11503
54334,96937
54334,43879
54334,63589
54334,7468
54334,92665
54334,99294
54334,31214
54334,11990
54334,95652
54334,20723
54334,106288
54334,1938
54334,34476
54334,139120
54334,95183
54334,41852
54334,103866
54334,88074
54334,65462
54334,40583
54334,19261
54335,60013
54335,59115
54335,27886
54335,134753
54335,127416
54335,67747
54335,139156
54335,127125
54335,28176
54335,110749
54335,83754
54335,43051
54335,120850
54335,119444
54335,71767
54335,61917
54335,22503
54335,44219
54335,42232
54335,6551
54335,17276
54335,17928
54335,1885
54335,10847
54335,65322
54335,90401
54335,85333
54335,46031
54335,91569
54335,117871
54335,4162
54335,32740
54335,28224
54335,126159
54337,22522
54337,126216
54337,32184
54337,137641
54337,41248
54337,62634
54337,57049
54337,132262
54337,115467
54337,81164
54337,21300
54337,5968
54337,94885
54337,41771
54337,70905
54337,67620
54338,125488
54338,43607
54338,81528
54338,128219
54338,63854
54338,2059
54338,62906
54338,65515
54338,105804
54340,136536
54340,9401
54340,72813
54340,127949
54340,4518
54340,35338
54340,116346
54340,27312
54340,69434
54340,139830
54340,19074
54340,47087
54340,114366
54340,120901
54341,16830
54341,93654
54341,4780
54341,113106
54341,86606
54341,71373
54341,127297
54341,68282
54341,32452
54341,52135
54341,120541
54341,68994
54341,74086
54341,11948
54341,124839
54341,121238
54341,96091
54341,123051
54341,111775
54341,136163
54341,11521
54341,117931
54341,36771
54341,100568
54341,81862
54341,47607
54341,28427
54341,9882
54341,135393
54341,67080
54341,33687
54341,134910
54341,88084
54341,9496
54343,85849
54343,42376
54343,118041
54343,136647
54343,52718
54343,15155
54344,106230
54344,106421
54344,87154
54344,48004
54344,3775
54344,79106
54344,90920
54344,120248
54344,124778
54344,63604
54344,70887
54344,7377
54344,135238
54344,77574
54344,93594
54344,87490
54344,41400
54344,34852
54344,57125
54344,38262
54344,2906
54344,38758
54344,80579
54344,56917
54344,14024
54344,96112
54344,134288
54344,75795
54344,35010
54344,123584
54344,101982
54344,8374
54344,52263
54345,90361
54345,87696
54345,75113
54345,133625
54345,135003
54345,2709
54345,28968
54345,110900
54345,78737
54345,132567
54345,85202
54345,131548
54345,28463
54345,117192
54345,109843
54345,61438
54345,88242
54345,112951
54345,137103
54345,124274
54345,132573
54345,81892
54345,77017
54345,61062
54345,93582
54345,116409
54345,121059
54345,7738
54345,34997
54345,96592
54346,5070
54346,98044
54346,105551
54346,72686
54346,80882
54346,98923
54346,58872
54346,91014
54346,55664
54346,45575
54346,96182
54346,88085
54346,78612
54346,121810
54346,124694
54346,63714
54350,53547
54350,95369
54350,69489
54350,99430
54350,98106
54350,109650
54350,19743
54350,74298
54350,138603
54350,4256
54350,74921
54350,18635
54350,21688
54350,37093
54350,103353
54350,59081
54350,6427
54350,128836
54350,137042
54350,98938
54350,17105
54350,111831
54350,115213
54350,81465
54350,2990
54350,126732
54350,13668
54350,54818
54350,46505
54350,8289
54350,28818
54350,108433
54351,52732
54351,73627
54351,130658
54351,69188
54351,58080
54351,9676
54351,74558
54351,61801
54351,137703
54351,42926
54351,46120
54351,33679
54351,84736
54351,55903
54351,1189
54351,109624
54355,53389
54355,71309
54355,139532
54355,31594
54355,3497
54355,58510
54355,92962
54355,50059
54355,45407
54355,85264
54355,133400
54355,45754
54355,29280
54355,136184
54355,14676
54355,134563
54355,38443
54355,99012
54355,120606
54355,100207
54355,95072
54355,67752
54355,80764
54355,29462
54355,6492
54355,20499
54355,73511
54355,85221
54355,47223
54355,121782
54355,33256
54355,25546
54355,114817
54355,33980
54357,13108
54357,1057
54357,99742
54357,116392
54357,62615
54357,63445
54357,8631
54357,23857
54357,12290
54357,54522
54357,60733
54357,138028
54357,110454
54357,22866
54357,130255
54357,132174
54357,78530
54357,74764
54357,36740
54357,127044
54357,15085
54358,30490
54358,87717
54358,92287
54358,32381
54358,106714
54358,11776
54358,139858
54359,848
54359,22180
54359,82338
54359,64414
54359,90873
54359,78182
54359,79303
54359,120356
54359,28884
54359,12560
54359,25498
54359,85722
54359,7958
54359,18611
54359,50810
54359,91402
54359,2103
54359,83340
54359,119392
54359,3376
54359,72344
54359,68837
54359,137562
54359,35308
54359,114370
54359,79311
54359,49817
54359,45450
54359,38398
54359,40230
54359,23776
54359,45021
54359,85286
54362,18394
54362,33759
54362,72517
54362,13589
54362,6912
54362,72330
54362,41012
54362,56926
54362,77095
54362,136089
54362,106063
54362,69794
54362,105263
54362,18964
54362,71275
54362,71926
54362,124620
54362,123027
54362,36879
54362,129074
54362,70659
54362,49969
54362,110646
54362,88506
54362,43415
54362,107806
54362,95763
54362,22545
54362,48962
54362,130670
54363,39286
54363,101884
54363,3501
54363,123157
54363,118355
54363,78414
54363,83315
54363,118442
54363,94634
54363,62363
54363,38196
54363,39484
54363,38840
54363,121081
54363,80826
54363,120068
54363,52558
54363,21891
54363,7969
54363,28325
54363,44960
54363,95193
54364,41562
54364,49561
54364,70677
54364,114169
54364,34391
54364,103941
54364,116646
54364,58860
54364,59493
54364,39094
54364,6238
54364,34931
54364,36272
54364,37513
54364,106260
54364,32187
54364,23140
54364,80820
54364,65765
54364,132401
54364,52492
54367,31550
54367,74956
54367,81309
54367,121684
54367,18863
54367,38804
54367,98757
54367,129574
54367,50075
54367,137909
54367,123787
54367,99206
54370,80034
54370,115954
54370,136833
54370,19565
54370,11881
54370,19427
54370,33405
54371,95581
54371,117002
54371,78007
54371,126955
54371,27076
54371,90931
54371,113723
54371,67715
54371,105495
54371,114035
54371,57336
54371,110737
54372,65332
54372,64821
54372,115525
54372,51980
54372,111830
54372,76111
54372,107263
54372,114009
54372,60746
54372,97799
54372,67661
54372,101015
54372,46951
54372,82816
54372,124826
54372,30330
54372,9440
54372,17234
54372,58883
54372,97963
54372,27842
54372,24142
54372,25074
54372,33701
54372,122153
54372,138172
54373,97615
54373,68689
54373,41585
54373,133729
54373,79534
54373,70352
54373,74276
54373,89836
54373,121287
54373,14504
54373,38846
54373,121586
54373,20533
54373,52882
54373,99894
54373,130968
54373,5103
54373,74075
54373,37788
54373,127831
54373,31945
54373,121665
54373,40463
54373,44879
54373,85576
54373,19567
54373,104149
54373,36710
54373,117347
54373,131079
54373,33163
54373,135195
54373,115207
54374,85089
54374,2980
54374,6140
54374,115831
54374,91021
54374,18418
54374,34160
54374,92634
54374,120379
54374,17526
54374,6907
54374,132031
54374,122462
54374,935
54374,22007
54374,106523
54374,35221
54374,26996
54374,40392
54374,17635
54374,58003
54374,76580
54374,4662
54374,89519
54374,71366
54374,135200
54374,97135
54374,36753
54374,5772
54374,54611
54374,14796
54374,128783
54374,50691
54374,89141
54375,36599
54375,88589
54375,132805
54375,105569
54375,101641
54375,15569
54375,140709
54375,327
54375,13396
54375,47810
54375,110267
54375,119034
54375,54006
54375,100741
54375,26405
54375,135066
54375,61137
54375,77018
54375,75304
54375,34677
54375,138259
54375,49807
54375,33813
54375,103223
54375,61600
54375,27508
54375,60673
54376,113672
54376,77855
54376,116805
54376,127856
54376,5144
54376,5089
54376,101481
54376,27764
54376,99621
54376,140478
54376,67208
54376,87923
54376,47799
54376,39707
54376,20337
54376,97994
54376,63874
54376,119456
54376,139054
54376,88941
54376,128714
54376,62805
54376,39088
54376,111771
54376,108678
54376,10882
54376,66694
54376,39952
54376,96838
54376,6165
54376,33628
54376,122090
54377,7659
54377,36861
54377,90928
54377,33762
54377,59111
54377,4219
54377,130781
54377,3321
54377,77219
54377,58078
54377,43445
54377,107271
54377,113650
54377,123205
54377,139080
54377,76404
54377,39764
54377,74628
54377,28770
54377,38356
54377,126729
54377,68171
54378,77192
54378,94837
54378,131410
54378,136917
54378,42013
54378,92749
54378,117232
54378,123424
54378,29006
54378,105570
54378,119306
54378,21062
54378,108658
54378,57385
54378,121285
54378,66829
54378,63454
54378,95519
54378,82151
54378,78541
54378,63848
54378,136287
54378,56111
54378,43987
54378,3674
54378,128115
54378,99360
54378,126157
54378,46288
54378,63490
54378,103037
54378,133790
54379,27788
54379,118188
54379,97937
54379,119653
54379,96426
54379,66648
54379,4106
54379,4435
54379,49601
54379,105336
54379,123706
54380,138758
54380,58544
54380,52276
54380,117930
54380,94579
54380,130089
54380,97997
54380,83080
54380,112666
54380,122762
54380,105212
54380,114302
54380,38107
54380,35304
54380,129280
54380,117124
54380,97256
54380,33525
54380,138000
54380,61731
54380,3157
54380,138592
54380,45277
54380,80231
54380,129338
54380,51322
54383,110592
54383,110728
54383,113051
54383,130423
54383,62393
54383,66013
54383,59587
54383,118456
54383,16827
54383,22162
54383,14336
54383,52908
54383,31400
54383,8894
54383,86298
54383,61253
54383,7861
54383,133794
54383,47997
54383,37628
54383,33074
54383,15715
54383,12097
54383,111546
54383,50720
54383,77270
54383,80151
54383,26355
54383,25095
54383,60811
54383,18730
54383,113143
54383,124277
54383,88579
54384,64556
54384,123423
54384,53471
54384,1396
54384,68876
54384,27187
54386,58910
54386,90973
54386,139362
54386,111357
54386,31153
54386,8259
54386,126625
54387,107389
54387,20777
54387,12315
54387,6208
54387,20547
54387,19718
54387,49133
54387,107188
54387,83807
54387,111519
54387,72844
54387,123453
54387,76211
54387,15330
54387,54991
54387,138831
54387,35912
54387,128348
54387,33859
54387,44351
54387,54529
54387,117540
54387,123612
54389,50178
54389,109808
54389,16193
54389,6110
54389,9425
54389,69292
54389,125827
54389,23071
54389,7984
54389,19219
54389,107283
54389,58932
54389,84791
54389,95885
54389,112921
54389,118748
54389,42384
54389,46108
54389,78822
54389,24091
54389,10253
54389,80056
54392,104706
54392,24292
54392,44032
54392,92494
54392,27250
54392,131599
54392,101760
54392,81071
54392,13572
54392,61778
54392,50117
54392,10041
54393,129046
54393,105125
54393,90066
54393,139170
54393,91280
54393,42305
54393,65379
54393,70996
54393,104612
54393,52473
54393,62009
54393,110019
54393,85061
54393,90225
54393,81420
54393,52235
54393,13212
54393,102215
54393,60079
54393,111982
54393,35676
54393,140809
54393,85559
54393,111080
54393,17881
54393,2137
54393,67152
54393,119128
54393,133833
54393,30333
54394,38658
54394,65782
54394,130414
54394,95078
54394,119805
54394,47054
54394,67545
54394,133679
54394,1941
54394,83279
54394,13519
54394,32031
54394,734
54394,116063
54394,103727
54394,77348
54394,100437
54394,83831
54394,28414
54394,77974
54394,42755
54394,131769
54394,56120
54394,86410
54394,42430
54394,52851
54394,131151
54394,60463
54394,43285
54394,93872
54394,125254
54394,55518
54394,132629
54394,17367
54399,135708
54399,133200
54399,118904
54399,102441
54399,121134
54399,22972
54399,104042
54399,111077
54399,132570
54399,52244
54399,54412
54399,12063
54399,49148
54399,91989
54399,46745
54399,111163
54399,63641
54399,119431
54399,34053
54399,5208
54399,133218
54399,99811
54399,105544
54399,125799
54399,24122
54399,15265
54399,97196
54399,117658
54399,22746
54399,69866
54399,99883
54399,1441
54402,14401
54402,25068
54402,83672
54402,133752
54402,41473
54402,119978
54402,86263
54402,47968
54402,54605
54402,105421
54402,119627
54402,65093
54402,47065
54402,58604
54402,56851
54402,132848
54402,95235
54402,15115
54402,67937
54402,53011
54402,132106
54402,29302
54402,112330
54402,116612
54402,82155
54402,53281
54402,57362
54402,99672
54402,23751
54402,129247
54402,55899
54402,120200
54402,5919
54404,49936
54404,70883
54404,136113
54404,112181
54404,41509
54404,21067
54404,119068
54404,67260
54404,70350
54404,77807
54404,139996
54404,112276
54404,106615
54404,57834
54404,124600
54404,90755
54404,110906
54404,113876
54404,105590
54404,39326
54404,69253
54404,21551
54405,78624
54405,108564
54405,55965
54405,32700
54405,13044
54405,47786
54405,61290
54405,90610
54405,138450
54405,23500
54405,98563
54405,88518
54405,126382
54405,106819
54405,113069
54405,578
54405,16649
54405,135537
54405,6623
54407,112237
54407,137426
54407,120970
54407,40998
54407,22673
54407,83466
54407,107212
54407,4047
54407,135892
54407,136458
54407,117469
54407,85141
54407,89016
54407,45277
54407,76735
54407,83133
54407,55601
54407,80823
54407,18575
54407,74048
54407,73335
54407,47170
54407,42663
54407,107849
54407,63537
54407,116415
54407,57459
54407,39717
54407,20249
54407,139723
54407,94196
54409,76443
54409,45896
54409,42693
54409,118766
54409,132817
54409,13499
54409,116211
54409,92927
54409,23862
54409,11948
54409,90770
54409,68199
54409,125747
54409,57648
54409,68282
54409,77504
54409,81451
54409,34578
54409,28694
54409,134823
54409,68921
54409,106872
54409,137330
54409,67949
54409,118919
54409,75897
54409,131203
54409,74279
54409,82439
54409,68760
54409,136202
54409,67161
54411,126636
54411,103050
54411,120103
54411,94284
54411,122629
54411,130662
54411,103872
54411,53417
54411,69834
54411,127413
54411,36864
54411,61356
54411,4443
54411,365
54411,1287
54411,90050
54411,54304
54411,90191
54411,13078
54411,123607
54413,135414
54413,45449
54413,117267
54413,130289
54413,52487
54413,127402
54413,52192
54413,31111
54413,129857
54413,135396
54414,92271
54414,88546
54414,41693
54414,60883
54414,34646
54414,88812
54414,67686
54414,16242
54414,117995
54414,134072
54414,117916
54414,86994
54414,84954
54414,98072
54414,108353
54414,115542
54414,137680
54414,75163
54414,100562
54415,48610
54415,104435
54415,10556
54415,62787
54415,133020
54415,76168
54415,45887
54415,83347
54415,66700
54415,72688
54415,128725
54415,106758
54415,81709
54415,16353
54415,30964
54415,88205
54416,88854
54416,64104
54416,105253
54416,69845
54416,35469
54416,110750
54416,82858
54416,125425
54416,106715
54416,80400
54416,92440
54416,83533
54416,60413
54416,26712
54416,62013
54416,106848
54416,24157
54416,48535
54416,29680
54416,54283
54416,50454
54416,62517
54416,85808
54416,70437
54416,49945
54416,135974
54416,62270
54416,76390
54416,131201
54416,69558
54416,125055
54416,113390
54418,17007
54418,34767
54418,87297
54418,2137
54418,50791
54418,58075
54418,85559
54418,111982
54418,60079
54418,40202
54418,134976
54418,102215
54418,67152
54418,7858
54418,119128
54418,133833
54418,30333
54418,41907
54419,48019
54419,52527
54419,16118
54419,97986
54419,126012
54419,34790
54419,97054
54419,27230
54419,15223
54419,113788
54419,133275
54419,106764
54419,90694
54419,68363
54419,59782
54419,64884
54419,58163
54419,28865
54419,92211
54419,69371
54419,63494
54419,103307
54419,39004
54419,108827
54420,131503
54420,59650
54420,64119
54420,111654
54420,128320
54420,75680
54420,112501
54420,132680
54420,99319
54420,105242
54420,38915
54420,62459
54420,131795
54420,68021
54420,84015
54420,105803
54420,86510
54420,20860
54420,71407
54420,57900
54420,86211
54420,57450
54420,92243
54420,13895
54420,37175
54420,529
54420,27814
54420,65415
54420,91065
54420,12395
54420,124216
54421,15994
54421,1497
54421,120851
54421,90730
54421,17633
54421,41347
54421,3858
54421,37346
54421,139197
54421,79740
54421,25476
54421,68487
54421,41712
54421,8161
54421,73173
54421,45080
54421,59546
54421,44419
54421,5002
54421,122621
54421,71376
54421,69261
54421,32112
54421,62160
54421,21419
54421,138550
54421,25070
54421,128615
54421,30950
54421,113069
54422,140006
54422,106764
54422,52527
54422,113788
54422,70999
54422,97986
54422,128588
54422,58163
54422,57196
54422,48019
54422,126012
54422,97054
54422,32624
54422,63494
54422,92211
54422,64884
54422,16118
54422,12785
54422,69371
54422,41366
54422,27230
54422,133275
54422,34790
54422,137855
54422,120787
54422,24168
54422,65218
54422,109222
54422,11974
54422,68363
54422,116060
54422,108827
54424,106335
54424,8864
54424,133689
54424,6713
54424,69184
54424,25159
54424,5322
54424,4503
54424,15390
54424,93974
54424,119527
54424,24041
54424,27540
54424,67233
54424,67477
54424,34151
54424,91975
54424,4080
54424,113983
54424,49084
54424,105779
54424,35679
54424,112502
54424,79398
54424,138325
54424,41337
54424,138452
54424,55127
54424,23190
54424,95095
54424,75408
54424,131242
54424,63188
54427,93726
54427,126145
54427,107181
54427,132668
54427,140496
54427,105459
54427,133037
54427,67016
54427,74176
54427,52832
54427,18893
54427,139631
54428,106421
54428,3775
54428,7377
54428,87490
54428,120248
54428,107028
54428,63604
54428,2906
54428,41400
54428,45961
54428,38758
54428,134538
54428,84341
54428,88616
54428,134288
54428,37063
54428,14024
54428,24984
54428,33067
54428,75795
54428,128155
54428,23358
54428,86989
54428,19150
54428,31962
54428,109877
54428,71987
54428,125822
54430,42609
54430,50643
54430,65799
54430,89536
54430,43922
54430,38291
54430,14536
54430,45080
54430,30338
54430,1230
54430,41347
54430,131295
54430,58994
54430,139235
54430,58124
54430,64372
54430,6402
54430,57600
54430,13044
54430,57584
54430,104625
54430,28604
54430,55718
54430,26007
54430,3615
54430,105307
54430,32060
54430,62028
54430,64762
54430,47494
54430,30470
54431,110091
54431,86398
54431,106794
54431,124074
54431,129113
54431,67483
54431,82993
54431,98577
54431,12434
54431,28919
54431,74409
54431,12587
54431,87322
54431,135711
54431,107626
54431,60707
54431,66325
54431,123023
54431,133438
54431,5215
54431,100897
54431,118205
54431,26367
54431,115660
54431,3728
54431,77057
54431,70009
54431,52503
54431,52175
54431,32757
54431,129175
54431,11153
54431,138910
54432,34791
54432,51111
54432,30443
54432,40666
54432,127369
54432,21090
54432,60476
54432,60000
54432,97016
54432,65825
54432,139007
54432,6870
54432,87744
54432,135706
54432,89501
54432,89564
54432,34936
54432,57473
54432,50994
54432,22031
54432,58775
54432,47442
54432,98693
54432,5731
54432,49627
54432,134984
54432,32308
54432,33353
54432,127984
54433,131220
54433,30713
54433,140203
54433,2951
54433,68470
54433,33210
54433,44269
54433,73702
54433,113606
54433,111381
54433,57096
54433,32343
54433,74632
54433,23089
54433,89032
54433,60225
54433,139901
54433,61154
54433,78594
54433,115960
54433,123576
54433,125280
54433,46125
54433,109000
54433,129814
54433,14649
54433,9319
54433,38133
54433,61628
54434,40933
54434,93917
54434,95142
54434,23061
54434,47249
54434,13015
54434,127056
54434,42248
54434,16665
54434,112142
54434,108981
54434,88244
54434,31666
54434,131706
54434,66310
54434,107705
54434,136178
54434,35269
54434,35077
54434,21568
54434,47818
54434,67877
54434,116340
54434,13128
54434,25834
54434,41041
54434,129220
54434,10815
54434,40870
54434,102715
54434,124184
54434,12496
54434,95752
54436,119968
54436,74001
54436,91510
54436,7813
54436,87177
54436,111942
54436,19230
54436,93259
54436,138383
54436,51008
54436,66796
54436,28148
54436,57060
54436,76564
54436,80810
54436,120936
54436,140512
54436,108243
54436,79046
54441,82754
54441,59607
54441,332
54441,84306
54441,100506
54441,140524
54441,46718
54441,17471
54441,107538
54441,28746
54445,20136
54445,13674
54445,61695
54445,132817
54445,81451
54445,42265
54445,88226
54445,13617
54446,67186
54446,43303
54446,42141
54446,91688
54446,30919
54446,112638
54446,92422
54446,91162
54446,13084
54446,122665
54446,130331
54446,49965
54446,113521
54446,88574
54446,63428
54446,50990
54446,120857
54448,30878
54448,25476
54448,21155
54448,15994
54448,105408
54448,3213
54448,8161
54448,98239
54448,130807
54448,118641
54448,6623
54448,46884
54448,35817
54448,79740
54448,60277
54448,108564
54448,46809
54448,32887
54448,68491
54448,53494
54448,47744
54448,13603
54448,64762
54448,135499
54448,126665
54448,41712
54448,23212
54448,138600
54448,60084
54448,78838
54448,7880
54448,5002
54449,9131
54449,120193
54449,136065
54449,90804
54449,38649
54449,11828
54449,85914
54449,92935
54449,39616
54449,114891
54449,134700
54449,48483
54449,92996
54449,36134
54449,96774
54449,84104
54449,51036
54449,64302
54449,58718
54449,104875
54449,71467
54449,71261
54449,15564
54452,118018
54452,42281
54452,127069
54452,41171
54452,2711
54452,25410
54452,30822
54452,62137
54452,87081
54452,80074
54453,47639
54453,117546
54453,26602
54453,94459
54453,118912
54453,55298
54453,1345
54453,15124
54453,8909
54453,86304
54453,74909
54453,137935
54453,14861
54453,105765
54453,55150
54453,93712
54453,29921
54454,60144
54454,20430
54454,133943
54454,112502
54454,131493
54454,20587
54454,57170
54454,46501
54454,93974
54454,6713
54454,5322
54454,69184
54454,25159
54454,67233
54454,67964
54454,35679
54454,59324
54454,67477
54454,23190
54454,27540
54454,24041
54454,34151
54454,66750
54454,8864
54454,77074
54454,113983
54454,4503
54454,15390
54454,138452
54454,41337
54454,131352
54454,20274
54454,135437
54457,33899
54457,98073
54457,52692
54457,130677
54457,3814
54457,54465
54457,12538
54457,59293
54457,68162
54457,49364
54458,119130
54458,54246
54458,45733
54458,37911
54458,132535
54458,132072
54458,21806
54458,77199
54458,30222
54458,5674
54458,114105
54458,121161
54458,24977
54458,25799
54458,51486
54458,40911
54458,87988
54458,4366
54458,86364
54458,133773
54458,106285
54458,40778
54458,8635
54458,80047
54458,5653
54458,16062
54458,115088
54458,97604
54458,8513
54458,52009
54458,129740
54459,56000
54459,126298
54459,104654
54459,59295
54459,31440
54459,70220
54459,50051
54459,120154
54459,89767
54459,17297
54460,114319
54460,111068
54460,135772
54460,52106
54460,92802
54460,64795
54460,43835
54460,43142
54460,55376
54460,71676
54460,78977
54460,24348
54460,71910
54460,45309
54460,19672
54460,70662
54460,42253
54460,6261
54460,40752
54460,108727
54461,93355
54461,28809
54461,72179
54461,14914
54461,39492
54461,124102
54461,18421
54461,51094
54461,53809
54461,127157
54461,121901
54461,12186
54461,31693
54461,27038
54461,91361
54461,73476
54461,12736
54461,65355
54461,83176
54461,124599
54461,2238
54461,123365
54461,44685
54461,71713
54463,25959
54463,11349
54463,114843
54463,70270
54463,72985
54463,108535
54463,60207
54463,107646
54463,78216
54463,74636
54463,2205
54463,63343
54463,132121
54463,53680
54463,52035
54463,52010
54463,25336
54463,39986
54463,100233
54463,91810
54463,116378
54463,1395
54463,88916
54463,90938
54463,115976
54463,47176
54463,118899
54463,125898
54463,56762
54463,65655
54463,38137
54463,111836
54464,99851
54464,10920
54464,12988
54464,135867
54464,59623
54464,37515
54464,93278
54464,57303
54464,92093
54464,2612
54464,131978
54464,33463
54464,68475
54464,34018
54464,14107
54464,62847
54464,8041
54464,49628
54464,114989
54464,14710
54464,75374
54464,119479
54464,77117
54464,126944
54464,69673
54464,120126
54464,83561
54464,90414
54465,4548
54465,105227
54465,96000
54465,57978
54465,58155
54465,54865
54465,54111
54465,105907
54465,13994
54465,131156
54465,18300
54465,39760
54465,132626
54465,113298
54466,81752
54466,104766
54466,105179
54466,128612
54466,90995
54466,124730
54466,111920
54466,99027
54466,96600
54466,4962
54466,27458
54466,138482
54466,113775
54466,124016
54466,82620
54466,45544
54466,96031
54466,71991
54466,51280
54466,21742
54466,26087
54466,123216
54466,69885
54466,78752
54466,32741
54466,10440
54466,109482
54466,77754
54466,90702
54466,56950
54466,21386
54466,15566
54466,29375
54468,50094
54468,85495
54468,87355
54468,90166
54468,128350
54468,90648
54468,73553
54468,53747
54468,109370
54468,13232
54468,75121
54468,48847
54468,85231
54468,10336
54468,24431
54468,67254
54468,53062
54468,13340
54468,93656
54468,53213
54468,123429
54468,91664
54468,91125
54468,138105
54468,8242
54468,106394
54468,91389
54468,126730
54468,1021
54468,15633
54468,101938
54468,34339
54471,44040
54471,33238
54471,21727
54471,47589
54471,93677
54471,65266
54471,90435
54471,9629
54471,39412
54471,90823
54471,102934
54471,124214
54471,109272
54471,5987
54471,87213
54471,98855
54471,90598
54471,72933
54471,72775
54471,12176
54471,98426
54471,46555
54471,40582
54471,64030
54471,47485
54471,106707
54471,114482
54471,4303
54473,132680
54473,105242
54473,111654
54473,35339
54473,51160
54473,45196
54473,59650
54473,64119
54473,131503
54473,75680
54473,26062
54473,112501
54473,19357
54473,128320
54473,99319
54473,38915
54473,62459
54473,105803
54473,84015
54473,86510
54473,18626
54473,71407
54473,86211
54473,57900
54473,131795
54473,68021
54473,20860
54473,57450
54473,92243
54473,37175
54473,529
54473,27814
54474,86237
54474,101410
54474,111393
54474,35705
54474,140742
54474,18580
54474,94904
54474,36581
54474,73433
54474,94886
54474,108792
54474,51274
54474,49712
54474,13320
54474,55320
54474,101079
54474,10992
54474,18439
54474,24056
54474,46102
54475,9932
54475,113481
54475,6962
54475,67728
54475,33682
54475,22304
54475,45462
54475,128741
54475,42928
54475,52375
54475,78684
54475,137332
54475,123473
54475,133212
54475,104112
54475,110504
54475,17319
54475,11496
54475,78976
54475,84306
54475,88614
54475,97345
54475,84766
54475,69822
54475,44372
54475,133878
54475,3273
54475,28243
54475,87474
54475,132316
54475,82514
54475,98177
54477,4548
54477,96000
54477,58155
54477,4204
54477,54111
54477,66535
54477,60043
54477,131860
54477,131156
54477,105907
54477,13994
54477,12247
54477,19531
54477,18977
54477,57978
54477,132626
54477,113298
54477,18300
54477,5307
54477,39760
54477,101287
54477,26264
54477,88471
54477,119367
54477,137397
54477,14053
54477,30380
54477,86041
54477,64679
54477,104976
54481,113672
54481,116805
54481,5089
54481,101481
54481,14217
54481,119456
54481,87923
54481,39952
54482,96751
54482,88624
54482,138185
54482,85044
54482,101480
54482,80611
54482,64130
54482,62251
54482,43528
54482,52289
54482,85599
54482,131454
54482,42822
54482,68230
54482,82735
54482,70519
54482,24525
54482,93150
54482,31059
54482,31286
54482,15930
54482,35204
54482,117788
54482,132562
54482,2543
54482,55467
54482,14198
54482,10900
54482,72928
54482,6100
54482,136743
54482,59632
54482,125168
54484,10429
54484,30304
54484,86907
54484,106919
54484,24960
54484,67607
54484,37731
54484,101143
54484,8150
54484,122819
54484,41151
54484,53917
54484,70938
54484,69678
54484,77060
54484,78215
54484,58454
54484,56638
54484,63285
54486,134929
54486,138840
54486,73062
54486,119831
54486,57886
54486,19935
54486,140220
54486,77876
54486,22825
54486,87628
54486,96976
54486,17963
54486,72320
54486,77184
54486,1477
54486,87992
54486,58068
54486,139257
54486,56560
54486,115728
54486,41064
54486,106669
54486,35903
54486,16366
54486,76987
54486,139774
54486,9378
54486,28791
54486,80560
54486,126701
54486,124241
54487,10136
54487,92479
54487,119312
54487,98086
54487,137452
54487,131831
54487,88810
54487,49577
54487,83638
54487,59809
54487,116181
54487,53540
54487,8362
54487,62086
54487,84244
54487,28254
54487,72089
54487,9186
54487,35463
54487,85064
54487,113982
54487,9350
54487,32077
54487,8228
54487,109861
54487,71798
54487,100242
54487,12300
54487,38668
54487,78033
54487,124252
54487,14524
54489,102054
54489,110998
54489,90941
54489,138450
54489,61290
54489,55965
54489,78624
54489,113069
54489,98563
54489,3572
54489,47786
54489,90610
54489,126382
54489,88518
54489,32700
54489,60562
54489,106819
54489,65804
54489,6623
54489,16649
54492,97799
54492,92100
54492,19055
54492,95914
54492,30082
54492,58883
54492,132061
54492,84343
54492,2149
54492,124239
54492,104960
54492,86686
54492,134189
54492,73082
54492,63262
54492,38973
54492,70846
54492,115114
54492,111756
54492,1397
54492,35505
54492,114009
54492,94839
54492,36183
54492,9128
54494,130154
54494,83077
54494,48117
54494,12571
54494,111114
54494,39499
54494,64529
54494,113853
54494,39472
54494,97314
54494,61322
54494,46060
54494,47281
54494,14617
54494,68685
54494,120138
54494,18330
54496,113514
54496,120305
54496,129928
54496,70930
54496,48333
54496,64138
54496,3039
54496,67941
54496,99525
54496,52221
54496,2724
54496,67136
54496,83345
54496,6662
54496,98444
54496,135751
54496,78863
54496,22027
54496,95838
54496,121111
54496,63297
54496,91093
54496,3655
54496,78726
54497,92024
54497,23378
54497,80778
54497,66337
54497,8930
54497,22402
54497,9223
54497,11295
54497,13304
54497,22186
54497,23410
54497,74863
54497,83626
54497,115891
54497,130243
54500,124342
54500,70177
54500,90845
54500,21018
54500,137997
54500,37818
54500,104517
54500,77089
54500,131892
54500,114932
54500,78500
54500,134323
54500,59781
54500,116942
54500,38419
54500,49656
54500,134154
54500,35223
54500,94455
54500,46274
54500,26248
54500,68420
54500,24545
54500,40279
54500,60846
54500,77795
54500,60468
54500,59657
54500,122112
54500,57952
54500,90809
54500,117294
54500,125083
54501,65418
54501,62301
54501,96371
54501,42087
54501,60832
54501,51849
54501,138559
54501,116032
54501,80230
54501,119412
54501,40083
54501,29517
54501,87760
54501,70273
54501,125042
54501,120352
54501,22019
54501,139809
54501,114250
54501,76130
54501,65642
54501,86912
54501,116308
54501,73262
54501,15768
54501,126951
54501,61330
54501,77004
54501,11683
54502,84957
54502,9768
54502,115908
54502,43849
54502,75251
54502,123239
54502,56825
54502,76171
54502,69256
54502,105017
54502,61024
54502,62142
54502,53866
54502,131645
54502,106918
54502,118410
54502,17478
54502,69420
54502,127400
54502,46527
54502,98092
54502,32015
54502,52394
54502,22063
54502,57948
54502,98214
54502,65085
54505,51938
54505,109754
54505,139957
54505,40109
54505,42907
54505,1228
54505,24051
54505,90434
54505,138347
54505,12227
54505,9045
54505,50838
54505,8426
54505,2696
54505,132094
54505,2096
54505,125879
54505,118361
54505,113002
54505,54353
54505,54657
54505,25860
54505,55470
54505,114127
54505,96406
54505,66220
54505,57956
54505,137263
54505,94504
54505,76810
54505,80634
54505,76573
54505,27590
54505,85005
54506,18380
54506,136159
54506,60458
54506,7360
54506,24345
54506,86289
54506,107316
54506,20133
54506,17213
54506,50890
54506,8951
54506,126571
54506,59638
54506,29286
54506,12347
54506,56685
54506,77583
54506,132293
54506,80767
54506,90389
54506,94956
54506,95486
54506,33466
54506,140130
54506,130018
54508,139456
54508,52714
54508,12937
54508,30907
54508,63059
54508,121907
54508,49033
54508,85625
54508,52730
54508,65030
54512,70048
54512,57193
54512,61986
54512,110490
54512,139470
54512,140472
54512,3675
54513,98640
54513,91185
54513,126393
54513,104099
54513,42098
54513,87899
54513,116473
54513,91376
54513,51354
54516,97587
54516,14169
54516,24391
54516,77077
54516,64332
54516,105988
54516,48940
54516,77509
54516,115602
54516,42842
54516,125308
54516,5910
54516,138420
54516,94591
54516,72892
54516,62181
54516,76199
54516,84581
54516,130582
54516,53192
54516,61325
54516,72553
54516,128390
54516,137468
54516,75844
54516,16076
54516,26705
54516,69938
54516,47031
54516,82674
54517,19575
54517,112054
54517,114392
54517,38148
54517,130270
54517,48064
54517,44308
54517,138977
54517,120670
54517,65989
54517,5790
54517,16423
54517,13205
54517,75082
54517,117782
54517,113967
54517,52594
54517,18076
54517,49612
54517,139249
54517,29783
54517,44894
54517,16433
54517,86976
54517,94864
54517,128201
54517,74617
54517,59647
54517,48147
54517,48721
54517,26537
54517,108360
54518,120672
54518,16896
54518,48644
54518,10467
54518,52414
54518,115110
54518,140108
54518,50391
54518,10199
54518,84300
54519,64104
54519,110750
54519,137367
54519,2374
54519,41602
54519,125425
54519,72118
54519,90182
54519,50454
54519,88854
54519,102408
54519,92440
54519,22886
54519,26712
54519,106848
54519,24157
54519,35469
54519,29680
54519,5605
54519,69845
54519,102226
54519,62517
54519,90238
54519,48535
54519,82858
54519,4372
54519,54758
54519,51505
54519,85780
54519,49945
54519,135974
54519,38332
54519,124572
54520,97244
54520,9440
54520,51980
54520,75809
54520,123699
54520,13208
54520,103036
54520,107263
54520,139656
54521,7548
54521,18850
54521,46201
54521,107293
54521,111166
54521,116120
54521,139513
54521,2673
54521,15907
54521,10580
54521,37948
54521,75638
54521,12987
54521,127255
54522,100293
54522,122409
54522,59354
54522,111498
54522,102045
54522,119329
54522,99940
54522,53253
54522,67649
54522,19469
54522,79318
54522,116927
54522,1696
54522,105534
54522,135410
54522,29677
54522,77669
54522,124937
54522,15911
54522,26779
54522,139966
54523,34873
54523,67813
54523,71739
54523,29953
54523,115048
54523,113586
54523,11284
54523,17253
54523,48230
54523,5847
54523,5866
54523,90879
54523,56662
54523,13120
54523,96099
54523,140436
54523,108963
54523,42013
54523,40380
54523,21062
54523,22700
54523,67887
54523,25684
54523,372
54523,86629
54523,76087
54523,27855
54523,12912
54523,88899
54523,2733
54523,3046
54523,26507
54523,70196
54524,137919
54524,125892
54524,87956
54524,10551
54524,37953
54524,72176
54524,90870
54524,120169
54524,135992
54524,105999
54524,33103
54524,30209
54524,29659
54524,2427
54524,23872
54524,84517
54524,12607
54524,26538
54524,50736
54524,62779
54524,13021
54524,67524
54524,123220
54524,10477
54524,108231
54524,102562
54524,34762
54524,59113
54524,102424
54524,17117
54528,108796
54528,90223
54528,112419
54528,134771
54528,70359
54528,75454
54528,52702
54528,103424
54528,34449
54528,110185
54528,85296
54528,94406
54528,65670
54528,137840
54528,98679
54528,55485
54528,119313
54528,22341
54528,92142
54528,42299
54528,52025
54528,128474
54528,118370
54528,105276
54528,140614
54528,30536
54528,85476
54528,57057
54528,114561
54528,130293
54532,103793
54532,98377
54532,34095
54532,119011
54532,132050
54532,76377
54532,134884
54532,3729
54532,48774
54532,114125
54532,75443
54532,12271
54532,59705
54532,100774
54532,107096
54532,48276
54532,49470
54532,127754
54532,34007
54532,35914
54532,92321
54532,100905
54532,9557
54532,132995
54532,114510
54532,69245
54532,42810
54532,13293
54532,68541
54532,61339
54532,54308
54533,48512
54533,51555
54533,21150
54533,140304
54533,88988
54533,28943
54533,82051
54533,121275
54533,25223
54533,75807
54533,68658
54533,128677
54533,90665
54533,115562
54533,31381
54533,28070
54533,82830
54533,51653
54533,51974
54533,18566
54533,55158
54533,12507
54533,90509
54533,114177
54533,45412
54533,5988
54533,51585
54533,52463
54533,3988
54533,125859
54533,100473
54533,131324
54535,22363
54535,29497
54535,80313
54535,13271
54535,37421
54535,48750
54535,17794
54535,72922
54535,104671
54538,13529
54538,105406
54538,116004
54538,139826
54538,62238
54538,121405
54540,61983
54540,118131
54540,116998
54540,19500
54540,135310
54540,24824
54540,40586
54540,48550
54540,20331
54540,53659
54540,34175
54540,29818
54540,119172
54540,17602
54540,22095
54540,88441
54540,34024
54540,121090
54540,94630
54540,106799
54540,138792
54540,71434
54540,64456
54540,27428
54540,22211
54540,125518
54540,101732
54540,48920
54540,61557
54540,20325
54540,40427
54540,120096
54540,8730
54541,72693
54541,132846
54541,20110
54541,80049
54541,71282
54541,11391
54541,89787
54541,7324
54541,37804
54541,88756
54541,91377
54541,94539
54541,80276
54541,72868
54541,124547
54541,118555
54541,12860
54541,65370
54541,15342
54541,129822
54541,85645
54541,104696
54541,33020
54541,29411
54541,85506
54541,18660
54541,136214
54541,122182
54541,102787
54541,24079
54541,67418
54542,48093
54542,64955
54542,83115
54542,60401
54542,91855
54542,123776
54542,126254
54542,98147
54542,64475
54542,94287
54542,22047
54542,1772
54542,31728
54542,96290
54542,110806
54542,98279
54542,95013
54542,38149
54542,120743
54542,4759
54542,45006
54542,134674
54542,11069
54542,115579
54542,128928
54542,116545
54542,99785
54542,43791
54542,121601
54542,108773
54542,92254
54542,87946
54542,21718
54543,115834
54543,62792
54543,10220
54543,125035
54543,35869
54543,121792
54543,13449
54543,122309
54543,1709
54543,69334
54543,88406
54543,84746
54543,100842
54543,65242
54543,23137
54543,1270
54543,16032
54543,91242
54543,44957
54543,138162
54543,116565
54543,50537
54543,113699
54543,27094
54543,23304
54543,31026
54543,139392
54543,103752
54545,100523
54545,94807
54545,73356
54545,114807
54545,25570
54545,48678
54545,113892
54545,128946
54545,31419
54545,6742
54545,122455
54545,75748
54545,128708
54545,39789
54545,17413
54545,135446
54545,54947
54545,36263
54545,86205
54545,102445
54545,21318
54545,95788
54545,73268
54545,22001
54545,130893
54545,12822
54545,22632
54545,45658
54545,69487
54545,136428
54545,85825
54545,65737
54546,101276
54546,50864
54546,53930
54546,45331
54546,37182
54546,120535
54546,98216
54546,136972
54546,20689
54546,59729
54546,102315
54546,1249
54546,86919
54546,129843
54546,17138
54546,61512
54546,91169
54546,90086
54546,73750
54546,73012
54546,106653
54546,40804
54546,130336
54546,105753
54546,62382
54546,130158
54546,132285
54546,138210
54546,105617
54546,98568
54546,51208
54546,33831
54546,7941
54546,3712
54546,486
54548,18969
54548,128270
54548,34988
54548,72468
54548,139481
54548,93038
54548,64297
54548,99572
54548,13533
54548,100766
54548,13056
54548,19102
54548,54716
54548,19062
54548,79642
54548,56584
54548,133278
54548,51523
54548,98224
54548,101959
54548,53836
54548,91160
54551,79359
54551,118033
54551,98295
54551,67304
54551,15474
54551,106044
54551,9983
54551,29419
54551,27332
54551,84645
54551,62005
54551,47195
54551,85536
54551,57396
54551,23922
54551,19159
54551,104393
54551,111342
54551,28257
54551,66558
54551,34535
54551,133809
54551,25254
54551,140141
54551,107318
54551,41894
54551,69386
54551,46236
54551,106318
54551,49101
54551,112540
54551,16207
54554,25436
54554,114117
54554,69519
54554,42590
54554,87742
54554,123840
54554,30692
54556,122235
54556,74231
54556,31230
54556,57200
54556,139896
54556,89037
54556,17136
54556,107306
54556,2452
54556,7576
54556,26595
54556,89661
54556,72371
54556,16517
54556,48614
54556,74991
54556,70127
54557,50988
54557,86050
54557,78878
54557,71706
54557,16597
54557,81681
54557,49376
54558,42087
54558,73081
54558,100163
54558,60832
54558,80230
54558,129983
54558,40083
54558,96371
54558,19538
54558,97625
54558,43777
54558,139809
54558,122804
54558,537
54558,116308
54558,125042
54558,120352
54558,86912
54558,84430
54558,5651
54558,55286
54558,68553
54558,73262
54558,15768
54558,76130
54558,77247
54558,15151
54558,11683
54558,77004
54558,121156
54558,26127
54558,3456
54558,19472
54558,53387
54559,458
54559,21517
54559,19447
54559,50123
54559,113211
54559,93659
54559,17256
54559,109041
54559,127326
54559,31710
54559,4630
54559,46540
54559,118298
54559,32009
54559,44095
54559,45172
54559,1151
54559,107033
54559,15794
54562,47102
54562,49210
54562,61950
54562,65235
54562,112575
54562,109950
54562,61179
54562,105449
54562,48985
54562,55230
54562,34860
54562,12651
54562,18206
54562,119349
54562,7018
54562,57001
54562,81089
54562,59131
54562,75317
54562,133321
54562,120828
54562,1437
54562,5853
54562,56255
54562,42101
54562,6852
54562,139626
54562,10538
54562,126116
54562,65779
54562,40491
54562,38917
54562,28679
54562,125378
54563,868
54563,84316
54563,3002
54563,75383
54563,72769
54563,125420
54563,55248
54563,75484
54563,116449
54564,52784
54564,43749
54564,25467
54564,13443
54564,37283
54564,131110
54564,12341
54564,120144
54564,1085
54564,107785
54564,98770
54564,134966
54564,87215
54564,69615
54564,38484
54564,72597
54564,29811
54564,103860
54564,63145
54564,9812
54564,79841
54564,138763
54564,51979
54564,89962
54564,12579
54564,117439
54564,106845
54564,40294
54564,28939
54564,19033
54564,51885
54564,79221
54564,110264
54565,43657
54565,62726
54565,37124
54565,20295
54565,102874
54565,110189
54565,1495
54565,23721
54565,9894
54565,12357
54565,137685
54565,48375
54565,59322
54565,55050
54565,7011
54565,62237
54565,72189
54565,68833
54565,43611
54565,125957
54565,21470
54565,113761
54565,32262
54565,13110
54565,25985
54565,85321
54565,130173
54565,48924
54565,47769
54565,15230
54565,16765
54565,37726
54565,1561
54566,51715
54566,53591
54566,14202
54566,53791
54566,37159
54566,86668
54566,48098
54566,128394
54569,125719
54569,61852
54569,25648
54569,69697
54569,46502
54569,8583
54569,67883
54569,35183
54569,89746
54569,109711
54569,87703
54569,123777
54569,14545
54569,85606
54569,102586
54569,131832
54569,128754
54570,137997
54570,24545
54570,124342
54570,116942
54570,14082
54570,104517
54570,35223
54570,38419
54570,21018
54570,59781
54570,40279
54570,46274
54570,94455
54570,60846
54570,26248
54570,77795
54570,122112
54570,59657
54570,60468
54570,117294
54571,70443
54571,39979
54571,128083
54571,62375
54571,29878
54571,26032
54571,50164
54571,49287
54571,117997
54571,132407
54571,54817
54571,127216
54571,124051
54571,31198
54571,105062
54571,116609
54571,127543
54571,87649
54571,12349
54571,71552
54571,102289
54571,1
54571,123163
54571,79113
54571,29311
54571,25405
54571,15291
54571,63309
54571,54244
54571,11415
54573,57114
54573,122651
54573,40441
54573,68530
54573,118507
54573,82404
54573,92101
54573,57903
54573,134086
54573,68813
54573,9437
54573,62542
54573,92772
54573,134831
54573,7532
54573,84914
54573,82688
54573,133732
54573,26734
54573,47068
54575,71549
54575,93613
54575,92687
54575,113014
54575,28978
54575,46406
54575,53376
54575,132371
54575,105193
54575,92463
54575,30548
54575,92631
54575,11848
54575,115963
54575,70629
54575,46359
54575,42833
54575,97536
54575,77075
54575,127819
54575,130183
54575,107591
54575,94279
54575,99022
54575,127958
54575,81087
54575,65375
54575,109277
54575,80281
54576,86873
54576,22707
54576,58951
54576,78124
54576,56600
54576,115762
54576,74467
54576,52032
54576,113302
54576,110044
54576,56259
54576,83840
54576,92498
54576,25574
54576,26352
54576,38308
54577,50415
54577,81567
54577,129151
54577,206
54577,139493
54577,21499
54577,122832
54577,7682
54577,107082
54577,38871
54577,26341
54577,33334
54577,126886
54577,4400
54577,55128
54578,25444
54578,79594
54578,29711
54578,66729
54578,48994
54578,88719
54578,55396
54578,2924
54578,33804
54578,56637
54578,29877
54578,132511
54578,36708
54578,113139
54578,111243
54578,93168
54578,108521
54578,38644
54578,103149
54578,66321
54578,131310
54578,84556
54578,16462
54578,139335
54578,136128
54578,23454
54578,88186
54578,67804
54578,120386
54578,132064
54578,103408
54578,107895
54580,105735
54580,90625
54580,134107
54580,47540
54580,92289
54580,62837
54580,45359
54580,43464
54580,112567
54580,105540
54580,107707
54580,74743
54580,93472
54580,75450
54580,74705
54580,42523
54580,5272
54580,138959
54580,40449
54580,118617
54580,44417
54580,106572
54580,85159
54580,120920
54580,126517
54580,120032
54580,20402
54580,131455
54580,21327
54580,75707
54580,38424
54582,38774
54582,8224
54582,103916
54582,9224
54582,12869
54582,46286
54582,38751
54582,66493
54582,68280
54582,9206
54582,119731
54582,122054
54582,76299
54582,11772
54582,99516
54582,121937
54582,69120
54582,35129
54582,53717
54582,3583
54582,71127
54582,133055
54582,91178
54582,84758
54582,115985
54582,36416
54582,106860
54582,20878
54582,108320
54582,92196
54582,107704
54582,33733
54582,116882
54582,86120
54583,16039
54583,72646
54583,8326
54583,122015
54583,35542
54583,114373
54583,86447
54583,28947
54583,96457
54583,139483
54583,87883
54583,131754
54583,38964
54583,46142
54583,23978
54583,69629
54583,13785
54583,129271
54584,137106
54584,30107
54584,32061
54584,38018
54584,42162
54584,88194
54584,92960
54584,130398
54584,42269
54584,26145
54584,46854
54585,4875
54585,139197
54585,90730
54585,31336
54585,62762
54585,65219
54585,42609
54585,32887
54585,44923
54585,53494
54585,122621
54585,98862
54585,17633
54585,21419
54585,31643
54585,34214
54585,68487
54585,2531
54585,44419
54585,82927
54585,8161
54585,71220
54585,30950
54585,27911
54585,64249
54585,16649
54585,57790
54589,125069
54589,97099
54589,83806
54589,83045
54589,22824
54589,130729
54589,75491
54589,89991
54589,137826
54589,110813
54589,11622
54589,65984
54589,139893
54589,17817
54589,109185
54589,39993
54589,118104
54589,129278
54589,127808
54589,81172
54589,83430
54589,89119
54589,11826
54589,3625
54589,46162
54589,49152
54589,134162
54592,118670
54592,107652
54592,73077
54592,51178
54592,132210
54592,103174
54592,119794
54592,80545
54592,101520
54592,73145
54592,116505
54592,19157
54592,3235
54592,34221
54592,124043
54592,118206
54592,106307
54592,131917
54592,75972
54592,19836
54592,63417
54592,135028
54592,95604
54592,53883
54592,3724
54592,57169
54592,87652
54592,61011
54592,9831
54592,53916
54592,16325
54592,20022
54592,123583
54593,115994
54593,135946
54593,53443
54593,95394
54593,59204
54593,58398
54593,30313
54593,69149
54593,24654
54593,19965
54593,114201
54593,978
54593,121614
54593,116668
54593,50303
54593,47202
54593,112270
54593,15343
54593,7149
54593,3754
54593,85930
54593,94976
54593,23982
54593,100267
54593,17594
54593,109770
54593,22457
54593,23256
54593,130074
54593,28246
54593,139596
54593,59396
54594,56582
54594,67579
54594,54559
54594,4980
54594,17225
54594,4766
54594,95539
54594,83119
54594,22157
54597,124342
54597,137997
54597,104517
54597,116942
54597,38419
54597,77914
54597,21018
54597,77089
54597,37818
54597,24545
54597,78500
54597,60846
54597,134323
54597,35223
54597,59781
54597,70177
54597,131892
54597,134154
54597,49656
54597,14082
54597,90809
54597,68420
54597,26248
54597,90845
54597,77795
54597,60468
54597,40279
54597,57952
54597,38904
54597,46274
54597,59657
54597,117294
54600,76443
54600,17739
54600,13674
54600,95292
54600,86606
54600,14352
54600,59098
54600,122517
54600,15634
54600,4573
54600,117990
54600,13377
54600,105476
54600,8992
54600,34683
54600,111453
54600,61463
54600,35696
54600,97147
54600,67282
54600,82439
54600,28038
54600,94390
54602,93696
54602,41320
54602,9660
54602,71498
54602,20873
54602,14695
54602,103435
54602,74839
54602,95251
54602,140772
54602,63886
54602,63948
54602,30134
54602,26595
54602,72371
54602,41146
54602,100041
54602,8109
54602,79045
54602,75606
54602,82300
54602,72616
54602,24672
54602,97647
54602,59818
54602,81401
54602,7576
54602,65183
54602,2452
54602,107647
54602,85359
54602,26255
54603,76226
54603,44493
54603,7256
54603,69392
54603,78032
54603,25827
54603,86107
54603,127898
54603,31820
54603,104757
54603,9138
54603,82767
54603,6559
54603,1958
54603,39543
54603,46045
54603,125096
54603,99161
54603,124813
54603,52669
54603,46678
54603,88055
54603,106722
54603,131346
54603,20484
54603,40395
54603,106484
54603,208
54603,124751
54603,122935
54603,120586
54603,20378
54604,129151
54604,50415
54604,81567
54604,206
54604,139493
54604,122832
54604,7682
54604,38871
54604,26341
54604,107082
54604,126886
54604,4400
54604,31108
54604,55128
54606,138970
54606,56700
54606,54256
54606,47417
54606,42794
54606,8770
54606,28561
54606,67005
54606,78210
54606,17424
54606,65718
54606,109445
54606,30646
54606,37722
54606,127544
54606,58499
54606,82913
54606,130905
54606,65163
54606,130813
54606,28686
54606,73053
54606,126861
54606,126531
54606,78587
54606,111569
54606,104472
54606,86793
54606,102616
54607,84651
54607,11186
54607,138353
54607,51544
54607,103631
54607,33483
54607,64764
54607,18002
54607,3066
54607,130060
54607,79401
54607,1379
54607,35287
54607,54120
54607,58044
54607,27485
54607,70406
54607,38258
54607,2110
54609,120826
54609,37634
54609,63346
54609,60917
54609,37508
54611,131383
54611,112549
54611,34989
54611,132465
54611,15713
54611,104704
54611,58147
54611,76904
54611,97545
54611,13392
54613,19364
54613,72166
54613,1433
54613,61019
54613,20361
54613,3009
54613,15631
54613,67271
54613,138980
54613,140323
54613,38475
54613,6832
54613,86129
54613,97787
54613,62628
54613,18360
54613,75982
54613,93584
54613,8567
54613,28174
54613,114323
54613,37388
54613,96554
54613,49228
54615,136021
54615,139309
54615,101604
54615,71183
54615,87383
54615,128044
54615,52324
54615,27192
54615,55092
54615,75371
54615,24650
54615,118692
54615,41138
54615,34113
54615,84012
54615,48722
54615,139524
54615,71174
54615,11664
54615,41081
54615,105746
54615,94239
54615,98428
54615,100631
54615,24546
54615,119158
54615,127782
54615,43964
54615,4468
54618,117695
54618,131420
54618,97976
54618,116615
54618,40039
54618,56110
54618,107670
54618,51645
54618,5407
54618,48105
54619,29799
54619,109644
54619,15620
54619,98558
54619,43435
54619,41091
54619,49771
54619,119055
54619,112239
54619,15872
54619,120382
54619,15878
54619,91281
54619,137009
54619,87059
54619,110648
54619,113503
54619,93798
54619,20276
54619,1161
54619,58228
54619,119739
54619,78988
54619,17903
54619,72322
54619,45282
54619,22192
54619,84938
54619,28456
54619,75567
54619,135290
54619,116886
54619,131382
54619,93758
54620,114463
54620,23229
54620,105574
54620,126339
54620,111115
54620,30180
54620,59848
54620,6023
54620,18144
54620,134596
54620,67546
54620,16739
54620,15348
54620,59517
54620,17666
54620,5871
54620,75828
54620,109896
54620,33042
54620,105134
54620,40421
54620,135646
54620,120050
54620,1750
54620,69230
54620,85504
54620,85170
54621,47846
54621,43922
54621,58865
54621,57325
54621,15724
54621,59175
54621,36651
54621,9507
54621,135774
54621,9665
54621,34222
54621,110422
54621,36822
54621,109846
54621,137721
54621,55718
54621,93820
54621,43881
54621,93830
54621,126301
54621,55949
54621,32240
54621,67746
54621,19826
54621,10044
54621,105688
54621,121991
54621,127403
54621,81549
54621,46734
54621,42542
54621,26221
54622,56776
54622,47864
54622,14840
54622,125079
54622,88389
54622,71039
54622,104310
54622,82865
54622,139453
54622,115166
54622,133434
54622,33591
54622,123391
54622,5267
54622,13872
54622,78330
54622,53412
54626,118670
54626,34221
54626,23777
54626,137487
54626,131917
54626,94988
54626,129263
54626,135028
54626,132210
54626,101520
54626,62403
54626,3724
54626,109346
54626,75972
54626,86717
54626,56573
54626,7065
54626,103595
54626,124602
54626,4301
54626,36507
54626,63417
54626,19157
54626,28877
54626,138745
54626,57169
54626,51178
54626,96808
54626,54187
54626,37540
54626,117835
54626,118206
54626,37330
54626,137646
54627,32523
54627,76554
54627,59660
54627,52532
54627,72200
54627,80393
54627,51876
54627,116398
54627,134609
54627,4392
54627,93280
54627,68777
54627,83938
54627,33344
54627,6838
54627,112558
54627,124804
54627,3518
54627,28238
54627,38363
54627,16131
54627,133661
54627,64169
54627,21164
54627,5574
54627,55074
54627,10677
54627,35225
54629,9824
54629,120489
54629,132515
54629,120230
54629,36608
54629,134057
54629,95992
54629,11859
54629,131207
54629,79407
54629,125615
54629,111249
54629,67541
54629,58138
54629,23851
54629,55316
54629,123177
54629,85336
54629,35461
54629,11912
54629,50307
54629,63179
54629,110332
54629,78739
54629,124662
54629,73969
54629,120954
54629,41084
54629,109016
54629,91067
54629,13609
54629,102532
54630,29610
54630,86611
54630,19318
54630,108196
54630,42622
54630,124927
54630,57361
54630,63950
54630,48571
54630,58656
54630,80532
54630,57416
54630,70285
54630,93536
54630,121608
54630,109044
54630,65401
54630,136989
54630,87860
54630,92216
54630,2944
54630,101688
54630,114247
54630,81123
54630,116375
54630,36227
54630,77268
54630,110773
54630,43378
54630,100717
54630,94732
54630,137839
54630,138423
54631,70308
54631,52992
54631,5786
54631,105182
54631,10771
54631,110517
54631,92526
54631,13207
54631,44118
54631,11304
54631,99046
54631,96166
54631,139465
54631,117805
54631,103748
54631,66177
54631,20180
54631,122761
54631,104947
54631,116257
54631,106997
54631,111987
54631,45577
54631,14301
54631,34744
54631,52800
54631,37646
54631,140738
54631,12929
54631,5409
54631,82909
54633,113870
54633,83428
54633,86210
54633,117656
54633,56783
54633,127578
54634,93700
54634,67644
54634,93037
54634,50403
54634,94286
54634,122511
54634,38019
54634,79863
54634,23623
54634,63283
54634,138568
54634,98898
54634,9668
54634,70663
54634,8997
54634,33709
54634,136409
54634,95633
54634,136850
54634,1458
54634,68434
54634,127887
54634,87938
54635,114807
54635,48678
54635,73356
54635,100523
54635,113892
54635,25570
54635,94807
54635,135446
54635,15976
54635,36263
54635,54947
54635,86205
54635,128946
54635,6742
54635,95788
54635,102445
54635,31419
54635,39789
54635,140645
54635,75748
54635,17768
54635,21318
54635,17413
54635,45658
54635,22632
54635,130893
54635,69487
54635,128708
54635,22001
54635,73268
54635,12822
54635,24430
54636,133526
54636,115816
54636,54291
54636,103134
54636,37960
54636,116681
54636,12206
54636,92635
54636,130639
54636,11781
54636,69147
54636,16336
54636,74019
54636,84237
54636,94334
54636,93199
54636,94809
54636,13454
54636,13140
54636,18903
54637,108301
54637,116509
54637,81264
54637,12942
54637,35116
54637,102059
54637,118363
54637,24749
54637,139416
54637,33250
54637,87341
54637,111892
54637,47591
54637,58389
54637,86815
54637,103973
54637,6260
54637,127433
54637,44608
54637,64683
54637,54510
54637,37658
54637,120917
54637,61819
54637,9546
54637,136970
54637,26247
54637,71630
54637,47289
54637,140405
54638,130134
54638,115350
54638,33150
54638,54603
54638,57897
54638,52964
54638,21221
54638,14347
54638,133085
54638,115284
54638,70508
54638,119709
54638,23976
54638,30453
54638,90419
54638,4298
54638,82655
54638,20199
54638,62306
54638,135570
54638,81128
54638,2445
54638,19947
54638,92263
54638,98585
54638,134405
54638,140634
54638,91142
54638,128769
54638,124046
54638,121416
54638,51371
54638,77338
54641,59779
54641,40974
54641,104087
54641,57997
54641,116416
54641,115779
54641,103937
54641,11066
54641,55688
54641,31750
54641,117177
54641,66663
54641,111860
54641,4610
54641,35245
54641,9253
54641,23697
54641,37429
54641,52838
54641,121071
54641,70568
54641,32565
54641,12248
54641,32625
54641,117667
54641,127482
54641,88345
54641,72684
54641,36029
54641,24996
54641,56417
54641,44693
54641,119952
54642,126657
54642,4875
54642,37346
54642,90730
54642,25476
54642,8962
54642,1230
54642,3213
54642,71376
54642,71181
54642,41712
54642,86639
54642,25416
54642,48136
54642,21155
54642,53494
54642,30950
54642,98239
54642,14878
54642,44923
54642,61529
54642,14536
54642,110940
54642,70934
54642,135779
54642,5002
54642,69261
54642,106819
54643,50123
54643,49509
54643,21517
54643,458
54643,17256
54643,116322
54643,127326
54643,96617
54643,83458
54643,31710
54643,20494
54643,5552
54643,39287
54643,44566
54643,2752
54643,39291
54643,1712
54643,52205
54643,73049
54643,42916
54643,84691
54643,15652
54643,59512
54643,70366
54643,83244
54643,3378
54643,128923
54643,56325
54643,22221
54643,41873
54643,119971
54645,122230
54645,16859
54645,134559
54645,67264
54645,126161
54645,80713
54645,79650
54645,26841
54645,53715
54645,59881
54645,107911
54645,108936
54645,21970
54645,134386
54645,126473
54645,19881
54645,99202
54645,102753
54645,137385
54645,81298
54645,88834
54645,39569
54645,32169
54645,22410
54645,8813
54645,96033
54645,107018
54645,130407
54645,84759
54645,35445
54646,24452
54646,50162
54646,9624
54646,61934
54646,99484
54646,138112
54646,54937
54646,72090
54646,56050
54646,95031
54646,22883
54646,78599
54646,74045
54646,128085
54646,5543
54646,116251
54646,37567
54646,28181
54646,110165
54646,35235
54646,31940
54646,73666
54646,63894
54646,94729
54646,90385
54646,82231
54646,24194
54646,22393
54646,139162
54646,34263
54646,3180
54646,134992
54646,63071
54647,118639
54647,14441
54647,13596
54647,16655
54647,73391
54647,112378
54647,63273
54647,139965
54647,122808
54647,41573
54647,24675
54647,138639
54647,75586
54647,12374
54647,125004
54647,113979
54647,53245
54647,139575
54647,89396
54647,72816
54647,69947
54647,93356
54647,39580
54647,125762
54647,23498
54647,3422
54647,26276
54647,84678
54647,69212
54647,132133
54647,45595
54647,29982
54648,17040
54648,97753
54648,43849
54648,106918
54648,131645
54648,84957
54648,127376
54648,56825
54648,53866
54648,115908
54648,22063
54650,21592
54650,95509
54650,63621
54650,92516
54650,36865
54650,107497
54650,69070
54650,3262
54650,111672
54650,72858
54650,52065
54650,68139
54650,28801
54650,95218
54650,1124
54650,8690
54650,47313
54650,6712
54650,77389
54650,110771
54650,32877
54650,77313
54650,104244
54650,45771
54650,65049
54650,102545
54650,121124
54652,52683
54652,126818
54652,105123
54652,78649
54652,5505
54652,121008
54652,16499
54652,53454
54652,93741
54652,92868
54652,47392
54652,72731
54652,131131
54652,77959
54652,137498
54652,53141
54652,90380
54652,79240
54652,118916
54652,70302
54652,125656
54652,115106
54652,361
54652,126652
54652,51616
54652,46393
54652,119316
54652,66917
54652,122299
54652,15945
54652,113169
54652,21198
54653,67340
54653,51073
54653,116851
54653,61751
54653,111733
54653,16749
54653,103962
54653,82259
54653,41443
54653,87921
54653,15623
54653,66217
54653,15243
54653,19210
54653,71374
54653,96152
54653,34549
54653,124365
54653,97451
54653,12666
54653,8027
54653,85918
54653,25016
54653,29728
54653,27984
54653,65108
54653,28100
54653,41674
54653,106513
54653,112102
54653,48616
54653,13494
54653,61691
54654,133628
54654,37965
54654,90630
54654,21280
54654,116369
54654,75789
54654,40614
54654,16054
54654,55060
54654,5537
54654,36568
54654,45985
54654,133834
54654,129492
54654,57442
54654,31604
54654,124715
54656,81804
54656,8134
54656,101406
54656,125744
54656,103908
54656,24092
54656,129643
54656,14912
54656,67140
54656,139165
54656,98347
54656,86021
54656,67619
54656,134845
54656,131350
54656,100664
54656,19807
54656,13760
54656,80832
54656,106647
54656,54116
54656,99219
54656,82897
54656,30435
54656,17023
54656,62587
54656,97432
54656,134077
54656,36650
54656,96356
54656,39526
54656,7432
54658,88096
54658,893
54658,38571
54658,56880
54658,65606
54658,113349
54658,53341
54658,29604
54658,88218
54658,59526
54658,27348
54658,41488
54658,10404
54658,30184
54658,16706
54658,48153
54658,74474
54658,107872
54658,92297
54658,95166
54658,44147
54658,11103
54658,97247
54658,6456
54658,111000
54658,21315
54658,114766
54658,85728
54658,20486
54658,113405
54658,50984
54658,63762
54658,49555
54662,6088
54662,114184
54662,81817
54662,6752
54662,104860
54662,18760
54662,85358
54662,125609
54664,128839
54664,139131
54664,115946
54664,132104
54664,100703
54664,62030
54664,19626
54664,76101
54665,42618
54665,61268
54665,90708
54665,3471
54665,510
54665,104563
54665,82565
54665,27230
54665,121844
54665,58163
54665,57196
54665,29276
54665,125337
54665,103307
54665,111094
54665,69322
54665,104497
54665,11753
54665,103533
54665,56665
54665,1269
54665,41444
54665,41319
54665,71856
54665,36883
54665,104434
54665,299
54665,16707
54665,66349
54665,73868
54665,55076
54665,50333
54666,124166
54666,68002
54666,125053
54666,137514
54666,31359
54666,85065
54666,58136
54666,419
54666,136880
54666,67376
54666,89951
54666,84526
54666,79068
54666,112568
54666,65100
54666,91687
54666,131901
54666,67569
54666,56064
54666,131344
54666,116455
54666,39748
54666,111435
54666,80251
54666,111940
54666,62168
54666,117751
54666,77465
54666,55073
54667,94613
54667,138064
54667,70625
54667,134780
54667,111952
54667,9899
54667,69160
54667,134303
54667,5165
54667,129032
54667,108069
54667,2150
54667,39734
54667,134893
54667,104904
54667,124099
54667,100778
54667,27122
54667,103450
54667,117098
54670,100856
54670,37533
54670,57395
54670,37636
54670,140251
54670,1967
54670,101272
54670,80239
54670,140695
54670,116
54670,11728
54670,95120
54670,71157
54670,17423
54670,47375
54670,38693
54670,5916
54670,107657
54670,18726
54670,62215
54670,86672
54670,76655
54670,105148
54670,130148
54670,120985
54670,70567
54670,11438
54670,71305
54670,64349
54670,100716
54670,63371
54670,40326
54671,136268
54671,23602
54671,107848
54671,39617
54671,48675
54671,28158
54671,76257
54671,40399
54671,18897
54671,90981
54671,110279
54671,65262
54671,59956
54671,8588
54671,6357
54671,17969
54671,93502
54671,136777
54671,62963
54671,110495
54671,23315
54671,58576
54671,138604
54671,118063
54671,52338
54671,66062
54671,56565
54671,8627
54671,31313
54671,140194
54671,94649
54671,69869
54671,103230
54671,305
54673,98485
54673,484
54673,133995
54673,37381
54673,59132
54673,51644
54673,79064
54673,62279
54674,45896
54674,76443
54674,110302
54674,24519
54674,123641
54674,23552
54674,94188
54674,118800
54674,121785
54674,42693
54674,88226
54674,75125
54674,17739
54674,34066
54674,119207
54674,115954
54674,117931
54674,139976
54674,86606
54674,65788
54674,70058
54674,30949
54674,95292
54674,15634
54674,90770
54674,117990
54674,4573
54674,81977
54674,136865
54674,131363
54674,64020
54674,34683
54674,6080
54674,81862
54674,89592
54674,137450
54675,65924
54675,68468
54675,125297
54675,42773
54675,139881
54675,130430
54675,1729
54675,90769
54675,36733
54675,29682
54675,48268
54675,4170
54675,1221
54675,84705
54675,10064
54675,8349
54675,106834
54675,70188
54675,35615
54675,89106
54675,60805
54675,5405
54675,72590
54675,57709
54675,70070
54675,133947
54675,107879
54675,124150
54675,72640
54675,20988
54675,82327
54675,50452
54675,19480
54678,81787
54678,77254
54678,15640
54678,125261
54678,80336
54678,43888
54678,12870
54678,139193
54678,37820
54678,10827
54678,42678
54678,68364
54678,86248
54678,122002
54678,49855
54678,7060
54678,63965
54678,19413
54678,108197
54678,91667
54678,46317
54678,123391
54678,45731
54678,16246
54678,51883
54678,86654
54679,24815
54679,37598
54679,34127
54679,85902
54679,124423
54679,3277
54679,122548
54679,130160
54679,96327
54679,7290
54679,11609
54679,16391
54679,16882
54679,99157
54679,97932
54679,6680
54679,138739
54679,131421
54679,77441
54679,2001
54679,47437
54679,23541
54679,8566
54679,74025
54679,105031
54679,45008
54679,136257
54679,59073
54679,127661
54679,129642
54679,18783
54679,65132
54680,35251
54680,51199
54680,97726
54680,61820
54680,66341
54680,2640
54680,43213
54680,106019
54680,117844
54680,125647
54680,33332
54680,41034
54680,56177
54680,103486
54680,41054
54680,106192
54680,71291
54680,75372
54680,83469
54680,77218
54680,60548
54680,64449
54680,598
54680,51030
54680,126713
54680,23921
54680,32642
54680,29243
54680,111635
54680,61874
54680,17120
54680,18004
54681,77657
54681,73136
54681,11795
54681,10008
54681,36334
54681,128685
54681,134769
54681,23386
54681,17219
54681,16532
54681,49906
54681,125148
54681,46942
54681,23779
54681,60514
54681,27140
54681,102409
54681,124632
54681,107130
54681,50522
54681,40044
54681,29438
54681,44971
54681,43333
54681,69664
54681,105719
54682,38457
54682,37131
54682,54186
54682,34925
54682,129542
54682,31417
54682,99733
54682,16891
54682,120346
54682,93986
54682,140586
54682,28826
54682,86490
54682,27366
54683,3469
54683,120653
54683,128858
54683,10708
54683,83700
54683,90502
54683,98816
54683,123346
54683,97294
54683,103321
54683,27368
54684,127404
54684,33547
54684,100770
54684,12887
54684,82441
54684,129424
54684,137473
54684,40491
54686,51642
54686,137810
54686,133241
54686,132313
54686,78251
54686,20622
54686,9995
54686,68068
54686,100446
54686,45547
54688,50487
54688,16415
54688,45327
54688,78931
54688,97408
54688,106937
54688,111885
54688,31317
54689,118766
54689,45896
54689,13674
54689,76443
54689,118800
54689,24519
54689,42265
54689,22471
54689,28495
54689,101743
54689,61695
54689,134686
54689,59098
54689,132817
54689,100081
54689,11948
54689,69514
54689,34578
54689,42693
54689,70683
54689,21443
54689,74882
54689,5961
54689,81720
54689,127861
54689,32114
54689,88778
54689,10418
54689,47556
54689,68601
54689,108213
54689,67161
54689,560
54691,94209
54691,73333
54691,54626
54691,49815
54691,66430
54691,54977
54691,55281
54691,100931
54691,23092
54691,135053
54691,55507
54691,43801
54691,6585
54691,91310
54691,103912
54691,101443
54691,45275
54691,116876
54691,42806
54691,9084
54691,41705
54691,88378
54691,94781
54691,116719
54691,95383
54691,113957
54691,86832
54691,125818
54691,74875
54691,21269
54692,59278
54692,85878
54692,60049
54692,112758
54692,95682
54692,47076
54692,32419
54692,42138
54692,111817
54692,8140
54692,2188
54692,13952
54692,71062
54692,90131
54692,100964
54693,85555
54693,133509
54693,103982
54693,121696
54693,48233
54693,31135
54693,96974
54693,99025
54693,8917
54693,55865
54693,109868
54693,37790
54693,120238
54693,7898
54693,14960
54693,30487
54693,110258
54693,139000
54693,24513
54693,13934
54693,94261
54693,15608
54693,59056
54693,116852
54693,38981
54693,46320
54693,41438
54693,14411
54693,55059
54693,45693
54693,92090
54693,15073
54693,73379
54694,10202
54694,46881
54694,125835
54694,6037
54694,16927
54694,73501
54694,66247
54694,53684
54694,39637
54694,7612
54694,104498
54694,20521
54694,66776
54694,93766
54694,95364
54694,3292
54694,15427
54694,135253
54694,67779
54694,106952
54694,40993
54694,40212
54694,69767
54694,50935
54694,32869
54694,47470
54695,126937
54695,8560
54695,138174
54695,74799
54695,50988
54695,71928
54695,30139
54695,71023
54695,52479
54695,53235
54695,116094
54695,90015
54695,65482
54695,120134
54695,117333
54695,94133
54695,128688
54695,40929
54695,42073
54695,53276
54695,93725
54695,74410
54695,15415
54695,58759
54695,56013
54695,107289
54695,29900
54695,27665
54695,5827
54695,99036
54695,81681
54695,28157
54697,66729
54697,113139
54697,132511
54697,7676
54697,16462
54697,131310
54697,66321
54697,25444
54697,55396
54697,94836
54697,132064
54697,48994
54697,36708
54697,2924
54697,84320
54697,29711
54697,79594
54697,120386
54697,934
54697,33804
54697,29877
54697,67804
54697,88186
54697,2730
54697,92219
54697,31792
54697,84556
54697,41255
54697,136128
54697,103149
54697,113934
54697,74493
54699,87507
54699,132991
54699,26849
54699,55952
54699,11294
54699,123846
54699,20519
54699,1247
54700,105408
54700,76034
54700,1230
54700,20592
54700,126264
54700,71181
54700,15994
54700,7919
54700,61529
54700,30878
54700,111170
54700,126657
54700,80475
54700,35264
54700,70839
54700,71376
54700,131295
54700,53494
54700,556
54700,41712
54700,10996
54700,33590
54700,45080
54700,121267
54700,25416
54700,106262
54700,38725
54700,10746
54700,23212
54700,114304
54700,6439
54700,31169
54704,9522
54704,111356
54704,70352
54704,138971
54704,115763
54704,40463
54704,48109
54704,125447
54704,68689
54704,43966
54704,52882
54704,63682
54704,128313
54704,89836
54704,121586
54704,133729
54704,18569
54704,30417
54704,41368
54704,65496
54704,73912
54704,127831
54704,34348
54704,119322
54704,20533
54704,104149
54704,36612
54704,125074
54704,130603
54704,130968
54704,99894
54704,135195
54704,102112
54705,10438
54705,134568
54705,27982
54705,149
54705,25464
54705,54517
54705,86442
54705,36183
54705,58094
54705,59389
54705,72122
54705,115234
54705,56761
54705,16128
54705,118666
54705,15705
54705,132669
54707,21155
54707,3213
54707,1230
54707,98736
54707,92137
54707,90730
54707,25476
54707,126657
54707,8161
54707,25416
54707,31643
54707,135779
54707,30950
54707,41712
54707,61529
54707,79740
54707,17633
54707,60277
54707,53494
54707,4875
54707,74754
54707,106262
54707,5002
54707,32112
54707,14878
54707,35264
54707,121267
54707,7880
54707,70934
54707,69261
54707,106819
54707,78838
54708,107021
54708,115154
54708,93348
54708,78829
54708,55712
54708,29794
54708,97051
54708,86962
54708,7600
54708,19408
54708,135599
54708,94652
54708,29601
54709,95952
54709,76428
54709,48438
54709,123986
54709,109506
54709,17166
54709,55359
54709,88251
54709,68976
54709,128077
54709,63745
54709,110876
54709,29859
54709,110781
54709,54148
54709,131471
54709,132871
54709,131315
54709,116015
54709,133298
54709,93921
54709,113466
54709,112263
54710,63621
54710,77389
54710,92516
54710,107497
54710,71399
54710,28801
54710,110771
54710,69070
54710,45771
54710,102545
54711,81322
54711,10782
54711,71156
54711,112836
54711,133110
54711,28331
54711,107260
54711,107076
54711,112024
54711,68200
54711,67339
54711,51223
54711,135202
54712,96578
54712,65631
54712,100006
54712,22998
54712,49715
54712,8862
54712,90248
54712,109980
54712,139301
54712,123344
54712,114001
54712,110607
54712,98856
54712,49295
54712,5366
54712,26748
54712,21047
54712,54134
54712,51177
54712,9102
54712,71154
54712,22648
54712,35501
54712,21619
54712,130365
54712,124656
54712,88451
54712,73259
54712,57619
54712,19028
54712,83326
54712,116659
54712,95591
54712,84995
54713,103808
54713,25283
54713,137374
54713,50371
54713,40775
54713,6814
54713,97981
54713,5194
54713,46502
54713,37101
54713,89746
54713,124044
54713,124882
54713,9755
54713,106167
54713,61256
54717,20295
54717,77411
54717,7011
54717,12177
54717,38837
54717,64044
54717,59322
54717,118976
54717,47270
54717,113761
54717,12357
54717,13110
54717,119140
54717,21470
54717,16765
54717,82401
54717,25985
54717,83364
54717,85575
54717,89367
54717,3962
54717,52587
54717,47769
54717,15230
54717,8797
54717,67724
54717,37726
54717,115848
54717,129926
54717,78694
54717,64602
54717,67389
54719,74829
54719,19546
54719,39389
54719,138467
54719,21421
54719,4416
54719,88603
54719,69844
54719,103239
54719,45694
54719,41759
54719,20291
54719,84786
54719,1936
54719,48168
54719,28951
54719,139936
54719,105845
54719,137621
54719,28821
54719,36305
54719,17025
54719,3934
54719,102518
54719,75855
54719,78183
54719,32963
54719,70505
54719,84769
54719,76582
54719,4977
54719,70368
54721,22051
54721,89626
54721,112281
54721,25536
54721,12865
54721,68488
54721,66505
54721,112915
54721,82144
54721,95082
54721,16190
54721,50692
54721,73661
54721,751
54721,49319
54721,46079
54721,105164
54721,52262
54721,133518
54721,70030
54721,90647
54721,82246
54721,78954
54721,27044
54721,13220
54721,64432
54721,44747
54721,109209
54721,23345
54721,86822
54721,24679
54723,83841
54723,130834
54723,71398
54723,112645
54723,57593
54723,93742
54723,11143
54723,97810
54723,140215
54723,130880
54723,46190
54723,87344
54723,122700
54723,18020
54723,20294
54723,4815
54723,29382
54723,116511
54723,88504
54723,28154
54723,99847
54723,126926
54723,71124
54723,18344
54723,5319
54723,16159
54723,9104
54723,45704
54724,11320
54724,53109
54724,35562
54724,116136
54724,68140
54724,105181
54724,14843
54724,128332
54724,100379
54724,54439
54724,134941
54724,92252
54724,5663
54724,86297
54724,81469
54724,105599
54724,74491
54724,108186
54724,98104
54724,132487
54724,90958
54724,86126
54724,37223
54724,75210
54724,56850
54724,44913
54724,122894
54724,481
54724,39159
54724,128540
54724,33920
54728,71875
54728,5745
54728,75001
54728,65130
54728,5032
54728,116456
54728,31847
54728,36790
54728,74438
54728,89590
54728,99827
54728,73195
54728,18965
54728,34045
54728,59999
54728,20113
54731,36266
54731,122748
54731,104184
54731,607
54731,15759
54731,36989
54731,93717
54731,52504
54731,98382
54731,25368
54731,123404
54731,130422
54731,3774
54731,17494
54731,37126
54731,34747
54731,103563
54731,44217
54731,51131
54731,108668
54731,81165
54731,108089
54731,25913
54731,133622
54731,93737
54731,81726
54731,115030
54731,120090
54731,53846
54731,19443
54731,63161
54731,9021
54731,75298
54732,108963
54732,131410
54732,94837
54732,43948
54732,127741
54732,30078
54733,69624
54733,130523
54733,50130
54733,135137
54733,101333
54733,28156
54733,70773
54733,13903
54733,103281
54735,78231
54735,74669
54735,126965
54735,116495
54735,23981
54735,66424
54735,44919
54735,84413
54735,132212
54735,104541
54735,44067
54735,12758
54735,31995
54735,54184
54735,138002
54735,64688
54735,73410
54735,112745
54735,133179
54735,57501
54735,39296
54735,128913
54735,16522
54735,30704
54736,20415
54736,37684
54736,53837
54736,3239
54736,107662
54736,63264
54736,48702
54736,138146
54736,138821
54736,22605
54736,8404
54736,51060
54736,23772
54736,133325
54736,72120
54736,42422
54736,137179
54736,24922
54736,34074
54736,130822
54736,40439
54736,24116
54736,78440
54736,128410
54736,135716
54736,5913
54736,119029
54736,105293
54736,120002
54736,6028
54736,111264
54738,79521
54738,1834
54738,123972
54738,87980
54738,107527
54738,111142
54738,46914
54738,7080
54738,70597
54738,19689
54738,122013
54738,39759
54738,109474
54738,136165
54738,123418
54738,104182
54738,56610
54738,25065
54738,20283
54738,75833
54738,34544
54738,94758
54738,140193
54738,84827
54738,124921
54738,138946
54738,85228
54738,50562
54739,88976
54739,39647
54739,55328
54739,60009
54739,83462
54739,115515
54739,111018
54739,19249
54739,20224
54739,99386
54739,5065
54739,91263
54739,73751
54739,79920
54739,30896
54739,17096
54739,61005
54739,52999
54739,136478
54739,37947
54739,68710
54739,103012
54739,84271
54739,90556
54739,42633
54739,17578
54739,138945
54739,52170
54739,101324
54739,358
54740,33934
54740,120593
54740,128564
54740,90880
54740,44779
54740,49498
54740,48625
54740,16060
54740,33332
54740,61820
54740,136248
54740,26451
54740,37849
54740,44442
54740,60548
54740,51415
54740,106019
54740,45280
54740,33160
54740,56177
54740,51030
54740,66341
54740,2640
54740,67625
54740,71291
54740,75372
54740,106192
54740,88177
54740,119274
54740,39573
54740,18004
54741,60046
54741,43264
54741,122377
54741,62886
54741,125002
54741,12950
54741,2506
54741,28522
54741,50553
54741,95225
54741,54726
54741,32108
54741,44234
54741,134875
54741,92078
54741,24646
54741,72476
54741,92733
54741,55979
54741,57728
54741,9223
54741,42674
54741,3638
54741,130073
54741,107985
54741,38256
54741,81150
54741,95552
54741,114939
54741,28639
54741,58998
54741,21244
54741,26422
54741,99326
54744,129826
54744,105884
54744,102310
54744,54566
54744,95669
54745,118158
54745,82683
54745,62516
54745,45231
54745,64483
54745,12312
54745,766
54745,55527
54745,45272
54745,140777
54745,127057
54745,118951
54745,129042
54745,37432
54745,72126
54745,96558
54745,11315
54745,112728
54745,54736
54745,61900
54745,7669
54745,134319
54745,26730
54745,70412
54745,80962
54745,77296
54745,29618
54745,29295
54745,121668
54745,64928
54751,25599
54751,43404
54751,129821
54751,28797
54751,60844
54751,132622
54751,86196
54751,60931
54751,135300
54751,48237
54751,17013
54751,68811
54751,43963
54751,21077
54751,105871
54751,21870
54751,132633
54751,129612
54751,71445
54751,128937
54751,134029
54751,56222
54751,24326
54751,40833
54751,6841
54751,48797
54751,127938
54751,61323
54751,109339
54751,15773
54751,25459
54751,34453
54752,100874
54752,36274
54752,15550
54752,124831
54752,117171
54752,136489
54752,9608
54752,49521
54752,135857
54752,101586
54752,17018
54752,68779
54752,114364
54752,102355
54752,101334
54752,45508
54752,93078
54752,88485
54752,84472
54752,43387
54752,107727
54752,37706
54752,33053
54752,18612
54752,75140
54752,138867
54752,129784
54752,49077
54752,128623
54752,31333
54752,134301
54755,78569
54755,133764
54755,27846
54755,37156
54755,97103
54755,107162
54755,62993
54755,109133
54755,29097
54755,69006
54755,39114
54755,60297
54755,33
54755,128693
54755,122565
54755,65105
54755,77168
54755,91872
54755,8334
54755,111416
54755,118448
54755,24713
54755,137979
54755,10651
54755,76569
54755,27324
54755,136282
54755,106319
54755,119295
54755,43597
54755,139148
54756,59064
54756,67166
54756,60912
54756,49833
54756,66811
54756,115841
54756,42388
54756,56385
54756,8054
54756,91785
54756,87546
54756,128082
54756,12659
54756,38624
54756,82496
54756,63090
54756,93260
54756,135608
54756,140682
54756,4592
54756,85223
54756,35476
54756,36481
54756,136017
54756,133194
54756,26077
54756,125981
54756,20775
54756,93992
54756,12740
54756,101026
54760,99720
54760,3706
54760,17455
54760,41470
54760,111383
54760,117280
54760,41578
54760,126246
54760,87621
54760,61580
54760,81460
54760,9420
54760,135382
54760,40087
54760,127277
54760,68185
54760,127575
54760,50036
54760,35472
54760,95140
54760,10571
54760,47515
54760,17894
54760,20865
54760,103225
54760,39436
54760,117710
54760,13905
54760,32680
54760,88811
54760,30128
54760,11223
54761,95508
54761,71771
54761,92760
54761,7316
54761,94646
54761,35404
54761,21939
54761,33601
54761,108236
54761,72745
54761,36845
54761,138335
54761,31302
54761,27697
54761,20200
54761,34301
54761,104165
54761,11019
54761,64029
54761,133843
54761,120216
54761,110385
54761,32683
54761,38552
54761,12931
54761,90775
54761,80143
54761,30603
54761,81059
54761,26205
54761,52290
54764,134102
54764,126667
54764,36958
54764,94017
54764,82201
54764,104266
54764,107269
54764,110134
54764,125745
54764,44535
54764,119808
54765,479
54765,93365
54765,66691
54765,65554
54765,78126
54765,27705
54765,82929
54765,52062
54765,77435
54765,93678
54765,90754
54765,139887
54765,131026
54765,111276
54765,67798
54765,71724
54765,132488
54765,121375
54765,140355
54765,57789
54765,109327
54765,29596
54765,58231
54765,106577
54765,40687
54767,98130
54767,55016
54767,90562
54767,137493
54767,6860
54767,41273
54768,35197
54768,40273
54768,24308
54768,29594
54768,28751
54768,133226
54768,59566
54768,75109
54768,16811
54768,31621
54768,111760
54768,101887
54768,107287
54768,51410
54768,101020
54768,8307
54768,31216
54768,29515
54768,86931
54768,53526
54768,91621
54768,111785
54768,46708
54768,57374
54772,18873
54772,43830
54772,67489
54772,129900
54772,107732
54772,59618
54772,440
54772,30851
54772,135423
54772,64603
54772,83473
54772,116080
54772,132118
54772,57592
54772,59976
54772,62596
54772,13226
54772,53290
54772,102752
54772,34241
54772,20122
54772,52199
54772,51287
54772,78276
54772,84552
54772,15150
54772,68786
54772,99970
54772,72177
54772,104257
54772,127866
54772,55145
54777,91639
54777,47864
54777,14844
54777,107698
54777,76929
54777,60270
54777,125079
54777,154
54777,70627
54777,81849
54777,108152
54777,25126
54777,134549
54777,89105
54777,130341
54777,96762
54777,91330
54777,234
54777,36329
54777,119669
54777,10574
54777,89667
54777,86079
54777,49682
54777,134456
54778,73778
54778,110738
54778,110998
54778,30878
54778,14536
54778,105403
54778,89360
54778,30338
54778,1546
54778,88518
54778,99251
54778,64372
54778,110205
54778,89046
54779,71181
54779,30878
54779,126657
54779,3213
54779,56042
54779,61529
54779,76379
54779,84032
54779,105408
54779,23268
54779,53494
54779,1230
54779,111170
54779,41278
54779,38538
54779,43010
54779,45080
54779,135499
54779,78838
54779,10996
54779,126462
54779,23265
54779,80475
54779,77935
54779,64762
54779,10746
54779,7527
54779,41712
54779,74754
54779,23212
54779,126719
54779,106262
54781,94045
54781,95962
54781,81854
54781,13659
54781,122201
54781,7156
54781,122268
54781,111539
54781,47877
54781,3197
54781,89200
54781,138360
54781,106793
54781,60833
54781,23324
54781,80138
54781,107857
54781,115796
54781,34820
54781,100023
54781,107794
54781,122720
54781,78979
54781,1704
54781,43044
54781,97859
54781,75071
54781,18612
54781,90946
54781,85987
54781,129658
54781,18602
54782,121696
54782,111838
54782,24041
54782,99741
54782,138452
54783,78039
54783,125085
54783,13763
54783,63504
54783,110053
54784,87507
54784,81315
54784,38733
54784,61198
54784,26849
54784,34009
54784,55952
54784,81489
54784,106196
54784,11294
54784,74057
54784,7627
54784,123846
54784,53519
54784,82074
54784,1247
54784,132991
54784,4799
54784,75164
54784,26274
54784,20519
54784,21835
54784,20745
54784,64004
54784,123355
54784,60267
54784,38168
54784,96465
54784,87595
54784,51434
54785,42225
54785,132827
54785,68273
54785,24205
54785,75248
54785,133666
54785,86541
54785,95558
54785,3835
54785,131216
54785,110859
54785,129416
54785,73422
54785,139016
54785,113064
54785,53177
54785,116156
54785,57613
54785,37202
54785,21717
54785,60771
54785,133375
54785,91276
54785,80510
54785,132766
54785,126280
54785,844
54785,37558
54785,82695
54785,88330
54785,123829
54785,81883
54786,30268
54786,124021
54786,111128
54786,83450
54786,112303
54786,25328
54786,29473
54786,139662
54786,48006
54786,105888
54786,16977
54786,74195
54786,65566
54786,18303
54786,26023
54786,28843
54786,134067
54786,24521
54786,26476
54786,52230
54786,22293
54786,129830
54786,97260
54786,99487
54786,64815
54786,72659
54786,108902
54786,72278
54786,3037
54786,44982
54786,87140
54786,69282
54787,122098
54787,71643
54787,128387
54787,10995
54787,107480
54787,37424
54787,44808
54787,61953
54787,85308
54787,43259
54787,109433
54787,7069
54787,21267
54787,84609
54787,61221
54787,48424
54787,109233
54787,46292
54787,70447
54788,41585
54788,68689
54788,42875
54788,125447
54788,89836
54788,77109
54788,44197
54788,43966
54788,30417
54788,115763
54788,18859
54788,121665
54788,121586
54788,40463
54788,121287
54788,114777
54788,67688
54788,85576
54788,41368
54788,99894
54788,104149
54788,31945
54788,19567
54788,31442
54788,130968
54788,18569
54788,35043
54788,37788
54788,68783
54788,115207
54788,53224
54788,135195
54788,33163
54792,118927
54792,83438
54792,73184
54792,21839
54792,103654
54792,131320
54792,119588
54792,33295
54792,55139
54792,11408
54792,46413
54792,126470
54792,97162
54792,123596
54792,39047
54792,72945
54792,123250
54792,123867
54792,10159
54792,120822
54792,124483
54792,98803
54792,46361
54792,15822
54792,85611
54792,42099
54792,23300
54792,95821
54792,11970
54792,87788
54792,109731
54793,136159
54793,60458
54793,17213
54793,7258
54793,7360
54793,3566
54793,8951
54793,63457
54793,50890
54793,94956
54793,24345
54793,18380
54793,109431
54793,93944
54793,107316
54793,74130
54793,126571
54793,29286
54793,95486
54793,56685
54793,77583
54793,140130
54794,16239
54794,124543
54794,65833
54794,61462
54794,134224
54794,48646
54794,121485
54794,63609
54794,3661
54794,64363
54794,118103
54794,113975
54794,10286
54794,67617
54794,66191
54794,36874
54794,12214
54794,124335
54794,116103
54794,19766
54794,129268
54794,21124
54794,54150
54794,28015
54794,45242
54794,43271
54794,30514
54794,66139
54794,6641
54794,6103
54794,65311
54794,63423
54794,87996
54796,64229
54796,52360
54796,48276
54796,58192
54796,75970
54796,107096
54800,37124
54800,43657
54800,37543
54800,62726
54800,31486
54800,22013
54800,25236
54800,102874
54800,79537
54800,110189
54800,27142
54800,20295
54800,66803
54800,1495
54800,48522
54800,107909
54800,48375
54800,95182
54800,77411
54800,31166
54800,88316
54800,42011
54800,59322
54800,55050
54800,79235
54800,62237
54800,37304
54800,72189
54800,68833
54800,43611
54800,38837
54800,85321
54800,83364
54800,39329
54801,50439
54801,105395
54801,76709
54801,31104
54801,136701
54801,38744
54801,118128
54801,123379
54801,85750
54801,103687
54801,30946
54801,107163
54801,91932
54801,118875
54801,122910
54801,64782
54801,24813
54801,86938
54801,111165
54801,81076
54801,111340
54801,75780
54801,61262
54801,88544
54801,134392
54801,89982
54801,128810
54801,50334
54801,116012
54801,18757
54803,4309
54803,95156
54803,44062
54803,22082
54803,83110
54803,14925
54803,12813
54803,67853
54803,119694
54803,118975
54803,46688
54803,88676
54803,114057
54803,136665
54803,97035
54803,136944
54803,90668
54803,2979
54803,63632
54803,62105
54803,56441
54803,52322
54803,40760
54803,21815
54803,20947
54803,12721
54803,12307
54803,140659
54803,97537
54803,80290
54803,91225
54803,73671
54803,114141
54804,87602
54804,122109
54804,99143
54804,2493
54804,36421
54804,94254
54804,95197
54804,85087
54804,110079
54804,100531
54804,43927
54804,6226
54804,53288
54804,86771
54804,61875
54804,108259
54804,133650
54804,993
54804,97525
54804,75111
54804,59645
54804,58512
54804,88782
54804,34409
54804,66931
54804,3847
54804,67591
54804,109588
54804,22929
54804,96997
54804,34183
54804,31051
54804,54002
54804,136105
54805,104525
54805,137124
54805,135185
54805,47047
54805,132085
54805,44720
54805,126708
54805,83800
54805,68730
54805,5446
54805,99284
54805,37529
54805,131296
54805,20483
54805,115964
54805,27236
54805,103477
54805,2156
54805,32323
54805,5009
54805,60504
54805,54521
54805,52140
54805,116720
54805,121441
54805,51937
54805,47605
54805,103586
54805,89435
54805,17641
54805,92715
54805,44029
54806,130581
54806,42469
54806,98677
54806,52904
54806,124318
54806,140188
54806,39784
54806,42304
54806,43184
54806,74100
54806,72923
54806,69080
54806,140590
54806,129625
54806,2945
54806,1891
54806,47464
54806,31671
54806,3918
54806,114837
54806,101386
54806,65591
54806,45124
54806,67765
54806,74690
54806,92713
54806,109364
54806,39395
54806,6206
54806,130996
54806,93633
54806,140788
54808,29593
54808,137672
54808,136402
54808,56870
54808,134731
54808,44941
54808,57763
54808,68640
54808,44825
54808,56907
54808,15110
54808,55401
54808,65602
54808,47199
54808,36485
54808,102180
54808,7970
54808,39085
54808,102049
54808,86922
54808,90994
54808,29403
54808,104143
54808,71613
54808,20216
54808,27174
54808,124488
54808,17380
54808,12718
54810,103405
54810,113300
54810,60073
54810,1435
54810,139669
54810,79579
54810,20110
54810,72693
54810,88756
54810,108788
54810,63987
54810,66158
54810,113938
54810,132846
54810,91377
54810,94539
54810,80049
54810,101684
54810,25265
54810,11391
54810,16708
54810,71282
54810,67418
54810,9347
54810,9826
54810,85645
54810,129822
54810,69284
54810,82783
54810,76476
54810,104696
54810,24079
54811,73073
54811,80426
54811,86773
54811,3333
54811,14469
54811,69711
54811,93430
54811,87395
54811,120766
54811,132496
54812,112925
54812,122735
54812,35564
54812,129736
54812,79163
54812,19094
54812,130546
54812,46575
54812,125533
54812,51810
54812,13465
54813,17739
54813,118766
54813,28495
54813,19465
54813,13499
54813,75125
54813,126013
54813,119207
54813,132162
54813,139557
54813,23095
54813,64020
54813,58735
54813,119580
54813,16631
54813,100081
54813,92927
54813,34196
54813,116895
54813,118755
54813,30057
54813,114820
54813,51923
54813,78919
54813,29559
54813,108184
54813,42106
54813,63545
54813,67897
54813,37522
54813,67282
54813,99475
54813,71216
54813,28038
54814,139355
54814,18164
54814,132988
54814,7314
54814,116058
54814,126276
54814,23152
54814,79489
54814,16419
54814,104414
54814,119504
54814,40792
54814,48059
54814,98454
54814,99701
54814,93029
54814,62887
54814,51948
54814,117739
54817,28603
54817,125176
54817,73471
54817,136018
54817,129484
54817,75830
54817,128570
54817,30231
54817,51588
54817,104061
54817,7310
54817,119196
54817,17310
54817,97273
54817,73935
54817,40702
54817,76663
54817,37
54818,3902
54818,97028
54818,29684
54818,4409
54818,27239
54818,69293
54818,6227
54818,8621
54818,127976
54818,106638
54818,127985
54818,40091
54818,339
54818,134281
54818,20446
54818,95896
54818,86504
54818,134125
54818,56424
54818,56503
54818,128524
54818,53937
54818,105822
54818,119530
54818,134585
54818,27808
54818,35634
54818,125700
54818,99418
54818,51709
54819,138056
54819,119541
54819,8849
54819,114167
54819,136707
54819,30446
54819,46630
54819,47379
54819,27002
54819,114682
54819,65916
54819,114731
54819,117559
54819,85392
54819,49735
54819,25222
54819,10892
54819,63557
54819,82610
54819,109535
54819,53627
54819,73926
54819,90757
54819,139865
54819,10353
54819,31712
54820,134655
54820,41565
54820,118513
54820,140809
54820,62009
54820,125517
54820,2137
54820,72562
54820,6893
54820,113890
54820,78061
54820,31605
54820,58075
54820,52121
54820,65182
54820,108406
54820,63846
54820,135939
54820,125664
54820,123491
54820,94933
54820,40219
54820,140711
54820,90264
54820,72931
54820,125681
54820,119044
54820,104072
54820,119128
54820,34093
54820,136233
54820,117205
54821,60046
54821,50553
54821,62886
54821,35975
54821,125002
54821,43264
54821,95225
54821,37088
54821,81150
54821,134875
54821,72476
54821,3638
54821,92078
54821,12950
54821,55979
54821,57728
54821,92733
54821,26422
54821,130073
54821,9223
54821,42674
54821,38256
54821,28522
54821,32318
54821,53745
54821,107985
54821,115096
54821,110657
54821,95552
54821,28639
54821,114939
54821,58998
54821,99326
54822,98012
54822,42685
54822,84799
54822,35365
54822,74270
54822,85229
54822,93738
54822,52260
54822,80536
54822,92561
54822,69459
54822,125165
54822,98375
54822,37139
54822,132637
54822,22325
54822,44451
54822,79429
54822,40915
54822,105487
54822,105658
54822,5614
54822,2034
54822,44429
54823,162
54823,112422
54823,67489
54823,66102
54823,18873
54823,19166
54823,114559
54823,60785
54823,97724
54823,43830
54823,137360
54823,12609
54823,12283
54823,83351
54823,57531
54823,87698
54823,10717
54823,83473
54823,105640
54823,120955
54823,53618
54823,134836
54823,109781
54823,116080
54823,137535
54823,64603
54823,104871
54823,62596
54823,124566
54823,79550
54823,53290
54823,140068
54824,66798
54824,41280
54824,22744
54824,29410
54824,35543
54824,90287
54824,102205
54824,126445
54824,87248
54824,67945
54824,124494
54827,53389
54827,71309
54827,58510
54827,50059
54827,139532
54827,133400
54827,31594
54827,3497
54827,92962
54827,120606
54827,45407
54827,85264
54827,29280
54827,134563
54827,99012
54827,45754
54827,80764
54827,100207
54827,95072
54827,67752
54827,69993
54827,6492
54827,29462
54827,14676
54827,33980
54827,33256
54827,73511
54827,85221
54827,121782
54827,8541
54827,47223
54827,114817
54827,25546
54828,121481
54828,124644
54828,39859
54828,79392
54828,24143
54828,41628
54828,107472
54828,44360
54828,89299
54828,107563
54828,1429
54828,137675
54828,85112
54828,80424
54828,31852
54828,50825
54828,140254
54828,70370
54828,99085
54828,119167
54828,57477
54828,56188
54828,105359
54828,89765
54828,6039
54828,589
54828,63253
54828,53912
54828,109933
54828,76143
54828,82411
54828,82954
54828,126957
54829,29202
54829,59916
54829,64757
54829,76990
54829,29465
54829,88823
54829,104184
54829,59989
54829,29055
54829,79350
54829,67575
54829,138538
54829,12355
54829,101849
54829,3774
54829,65335
54829,53204
54829,58141
54829,58005
54829,127666
54829,101508
54829,140734
54829,91264
54829,109964
54829,65137
54829,61372
54829,64646
54829,26161
54829,113745
54832,45122
54832,121272
54832,129609
54832,65071
54832,1416
54832,140672
54832,8198
54832,84184
54833,95085
54833,42981
54833,69200
54833,21344
54833,42292
54833,59627
54833,87421
54833,92965
54833,71556
54833,64517
54833,131510
54833,8409
54833,117793
54833,18255
54833,122060
54833,43964
54834,80370
54834,101975
54834,32995
54834,39743
54834,46097
54834,61466
54834,106450
54836,43630
54836,72744
54836,39371
54836,17206
54836,19213
54836,139653
54836,46510
54836,80698
54836,6872
54836,53794
54836,76138
54836,42617
54836,75149
54836,15663
54836,30040
54836,105600
54836,79818
54836,137281
54836,88444
54836,2862
54836,107407
54836,128349
54836,11681
54836,116641
54836,133158
54836,126616
54836,36491
54836,11005
54836,105651
54836,53404
54836,34716
54838,24096
54838,73087
54838,27619
54838,43228
54838,136353
54838,74580
54838,68153
54838,35495
54838,52839
54838,71285
54838,9775
54838,85001
54838,14770
54838,93795
54838,22541
54838,43757
54838,11429
54838,51517
54838,122659
54838,14437
54838,44798
54838,9222
54838,7264
54838,58555
54838,84955
54838,51899
54838,97689
54838,49041
54838,87622
54838,3021
54838,24050
54839,5147
54839,55929
54839,10602
54839,126005
54839,34034
54839,83073
54839,115792
54839,10257
54839,67143
54839,117272
54839,5661
54839,137196
54839,28217
54839,90585
54839,9532
54839,66485
54839,88480
54839,51188
54839,7266
54839,128932
54839,103668
54843,124166
54843,89951
54843,65100
54843,116455
54843,67376
54845,33226
54845,115715
54845,2908
54845,42740
54845,130203
54845,91735
54845,136338
54845,7574
54845,129484
54845,130685
54845,129521
54845,8229
54845,29179
54845,23545
54845,106766
54845,114538
54845,13032
54845,77758
54845,6580
54845,43383
54845,43110
54845,14911
54845,70541
54845,69896
54846,115954
54846,88226
54846,75125
54846,119207
54846,86606
54846,76770
54846,95292
54846,117990
54846,35158
54846,4573
54846,8992
54846,136865
54846,23095
54846,136833
54846,117744
54846,86622
54846,90626
54846,34683
54846,33405
54846,100568
54846,106222
54846,111453
54846,48877
54846,82439
54846,116460
54846,62432
54846,123935
54846,97147
54846,62167
54846,138962
54846,13435
54846,106166
54847,42609
54847,102054
54847,78624
54847,90941
54847,108564
54847,47786
54847,138450
54847,23500
54847,578
54847,32700
54847,110998
54847,60562
54847,6623
54847,99992
54847,3572
54847,13044
54847,106819
54847,113069
54847,88518
54847,126382
54847,55965
54847,125573
54847,16649
54847,135537
54847,65804
54847,7106
54849,13444
54849,76976
54849,13615
54849,17134
54849,43653
54849,133826
54849,46714
54849,82451
54849,136502
54849,127663
54849,101430
54849,29086
54849,125871
54849,36765
54849,99795
54849,98414
54849,79962
54849,60350
54849,50384
54849,5989
54849,121429
54849,136493
54849,91449
54849,57016
54849,95900
54851,67649
54851,138371
54851,131958
54851,124937
54851,21081
54851,121162
54851,95434
54851,61639
54851,19797
54851,135410
54851,111498
54851,9279
54851,105534
54851,19469
54851,73822
54851,23328
54851,10242
54851,55827
54851,116598
54851,18552
54851,139319
54851,140696
54851,65058
54851,73515
54851,113443
54851,118710
54851,55450
54851,55774
54851,50432
54851,122343
54851,113035
54853,11726
54853,77605
54853,13996
54853,100913
54853,20299
54853,122795
54853,69294
54853,69199
54853,124441
54853,120960
54853,125440
54855,96780
54855,133943
54855,59324
54855,67964
54855,81542
54855,133509
54855,123012
54855,78647
54855,127671
54855,32798
54855,85555
54855,99025
54855,48233
54855,88768
54855,135904
54855,94897
54855,110258
54855,96974
54855,55865
54855,106121
54855,7898
54855,14960
54855,59962
54855,70463
54855,79437
54855,82267
54855,41438
54856,9587
54856,34868
54856,86155
54856,130266
54856,55666
54856,10785
54856,86358
54856,80587
54856,116129
54856,56983
54856,43308
54856,52278
54856,30223
54856,14886
54856,82771
54856,101800
54856,33840
54856,116935
54856,95488
54856,58205
54856,47597
54856,115552
54856,137617
54856,7198
54856,130262
54856,72825
54856,79373
54856,59575
54856,69524
54856,12126
54857,72472
54857,125961
54857,92469
54857,30016
54857,125776
54857,40869
54857,41014
54857,16195
54857,85908
54857,56740
54857,46785
54857,37055
54857,57023
54857,124924
54858,78231
54858,44919
54858,84413
54858,73410
54858,54184
54858,64688
54858,104541
54863,41263
54863,45404
54863,31968
54863,70808
54863,80086
54863,104370
54863,96666
54863,68188
54863,40906
54863,13552
54863,103530
54864,116805
54864,101481
54864,113672
54864,53316
54864,8384
54864,127856
54864,120464
54864,74823
54864,37921
54864,65228
54864,99621
54864,4185
54864,105438
54864,44775
54864,119456
54864,117083
54864,47799
54864,87923
54864,37945
54864,1771
54864,10222
54864,97994
54864,27851
54864,140219
54864,48113
54864,111771
54864,725
54864,52957
54864,79535
54864,6165
54865,60783
54865,74008
54865,41495
54865,79287
54865,26715
54865,80105
54865,112204
54865,49825
54865,53
54865,85550
54865,106074
54865,10999
54865,109173
54865,12101
54865,78967
54865,76928
54865,49803
54865,33399
54865,70492
54865,31047
54865,90364
54865,137306
54865,68431
54865,47093
54865,1374
54865,23702
54865,23618
54865,42707
54865,23604
54865,51692
54865,88431
54865,36788
54865,86445
54865,10385
54865,65800
54867,28612
54867,7674
54867,106734
54867,126263
54867,86054
54868,110190
54868,120426
54868,101785
54868,139435
54868,35432
54868,13322
54868,99979
54868,79756
54868,77507
54868,100390
54868,85210
54868,103062
54868,78696
54868,106708
54868,31463
54868,10493
54868,74110
54868,58240
54868,100234
54868,18420
54868,121965
54868,128945
54868,55121
54868,53113
54868,75931
54868,9946
54868,121116
54868,57718
54868,45639
54870,23234
54870,23670
54870,4283
54870,69819
54870,31763
54870,71273
54870,92540
54870,75533
54870,115853
54870,97714
54870,54115
54870,49988
54870,129307
54870,122711
54870,10019
54870,90802
54870,77586
54870,46925
54870,41193
54870,25
54872,80370
54872,101975
54872,32995
54872,46097
54872,106450
54872,9759
54872,61649
54872,63269
54872,136212
54872,69569
54872,127614
54872,55727
54872,79439
54874,10039
54874,54530
54874,948
54874,70664
54874,45009
54874,6775
54874,36743
54874,8165
54874,117611
54874,45374
54874,4866
54874,64995
54875,40086
54875,136578
54875,19136
54875,45666
54875,311
54875,9631
54875,108313
54875,20809
54875,56204
54875,99614
54875,32970
54875,134962
54875,120078
54875,28872
54875,132914
54875,42131
54875,139499
54875,124268
54875,51947
54875,56068
54875,130195
54875,86761
54875,88331
54875,3164
54875,89347
54875,68334
54875,131094
54875,77406
54875,121955
54875,48080
54875,35389
54875,89994
54875,131043
54877,138820
54877,12548
54877,64556
54877,77721
54877,109310
54877,113131
54877,37451
54877,122291
54877,39454
54877,68254
54877,120588
54881,53308
54881,109341
54881,124971
54881,75405
54881,53986
54881,135247
54881,57230
54881,962
54881,75511
54881,42279
54881,102535
54881,29010
54881,31133
54881,9830
54881,10373
54881,67452
54881,68600
54881,3496
54881,70480
54881,91266
54881,89829
54881,84529
54881,77718
54881,117297
54881,47298
54881,26664
54881,88924
54881,110052
54881,113140
54881,66299
54881,40079
54881,35320
54881,103488
54881,34455
54884,2546
54884,106606
54884,95996
54884,61598
54884,103397
54884,124699
54884,40983
54884,94677
54884,130210
54884,56497
54884,42329
54884,117892
54884,55917
54884,10206
54884,30757
54884,132811
54884,80682
54884,9798
54884,139666
54884,109353
54884,30017
54884,81513
54884,74488
54884,73770
54884,57276
54884,104685
54884,99741
54884,82267
54884,139727
54884,16418
54884,93179
54886,101032
54886,126271
54886,7838
54886,50005
54886,77418
54886,72127
54886,82483
54886,18062
54886,11985
54886,30327
54886,3275
54886,96404
54886,40123
54886,122987
54886,35492
54886,111040
54886,35477
54886,112421
54886,11469
54888,26316
54888,133252
54888,10891
54888,13790
54888,35835
54888,113491
54888,60907
54888,58638
54888,80780
54888,29798
54888,43938
54888,125376
54890,111899
54890,99720
54890,17455
54890,126246
54890,5949
54890,4433
54890,50030
54890,87621
54890,132329
54890,9420
54890,40087
54890,60679
54890,127277
54890,61580
54890,96970
54890,68185
54890,127575
54890,103225
54890,117710
54890,52653
54890,58746
54890,50036
54890,35472
54890,10571
54890,125967
54890,70023
54890,20865
54890,39436
54890,13905
54890,88811
54890,30128
54890,11223
54891,109
54891,9318
54891,112324
54891,74085
54891,8312
54891,97298
54891,125822
54892,1066
54892,94984
54892,80909
54892,79357
54892,127229
54892,132608
54892,126403
54892,21556
54892,104142
54892,97184
54892,133311
54892,103162
54892,3867
54892,120617
54892,78545
54892,38312
54892,121571
54892,35203
54892,44858
54892,121628
54892,25274
54892,111107
54892,138109
54892,66605
54892,59351
54892,52323
54892,44343
54892,40322
54892,132685
54892,84276
54892,127495
54892,14836
54892,130828
54896,21090
54896,2859
54896,79211
54896,24287
54896,40666
54896,79020
54896,77286
54896,96737
54896,60000
54896,8206
54896,27356
54896,57010
54896,114295
54896,135706
54896,85045
54896,32308
54896,24757
54896,47442
54896,89564
54896,77385
54896,94383
54896,75260
54896,121775
54896,61104
54896,36763
54896,88613
54897,123841
54897,54520
54897,50723
54897,116818
54897,63817
54897,9018
54897,45472
54897,78061
54897,139538
54897,35630
54897,63846
54897,54995
54897,106173
54897,42977
54897,93290
54897,40348
54897,62367
54897,73166
54897,40219
54897,70494
54897,63577
54897,128561
54897,4216
54897,119044
54897,64281
54897,39311
54897,136233
54897,82341
54897,119247
54897,103183
54897,33722
54897,104824
54898,121275
54898,51555
54898,2899
54898,90665
54898,48512
54898,68658
54898,114177
54898,58015
54898,55158
54898,46094
54898,100473
54898,85323
54898,12507
54898,90509
54898,45412
54898,28070
54898,3988
54898,52463
54898,114731
54898,117559
54898,50151
54898,134613
54899,44969
54899,118444
54899,114678
54899,99025
54899,119527
54899,105086
54899,92161
54899,128090
54899,27632
54899,103982
54899,114721
54899,38286
54899,48233
54899,107090
54899,138325
54899,113912
54899,96038
54899,5124
54899,89193
54899,131242
54899,73919
54899,89981
54899,96553
54899,72999
54899,53304
54899,131894
54899,46320
54899,59685
54899,59962
54899,55121
54899,99741
54899,138354
54901,66702
54901,24311
54901,20362
54901,46153
54901,6300
54901,85833
54901,17170
54901,129440
54901,19018
54901,91834
54901,137118
54901,21134
54901,118937
54901,97061
54901,57470
54901,5780
54901,719
54901,111856
54901,130699
54901,90723
54901,14147
54901,97305
54901,80200
54901,97264
54901,106204
54906,122413
54906,114441
54906,72813
54906,125789
54906,46347
54906,39440
54906,49920
54906,89331
54906,106913
54906,60758
54906,60790
54906,114703
54909,27711
54909,92698
54909,121586
54909,41585
54909,11414
54909,115763
54909,38846
54909,125447
54909,30417
54909,63682
54909,41368
54909,37788
54909,31945
54909,114777
54909,67688
54909,99894
54909,104149
54909,134786
54909,18569
54909,31442
54909,35043
54909,117347
54909,68783
54909,102112
54909,135195
54909,33163
54911,46147
54911,55460
54911,116077
54911,59886
54911,89559
54911,49008
54911,53329
54911,63398
54911,49078
54911,117861
54911,131252
54911,34850
54911,71703
54911,42954
54911,122729
54911,50535
54911,128520
54911,66813
54911,122970
54911,41355
54911,31580
54911,122058
54911,56590
54911,1781
54911,17622
54911,140214
54911,41144
54911,83690
54911,28815
54911,33688
54911,11014
54911,8006
54913,53584
54913,127637
54913,9489
54913,85273
54913,98367
54913,2939
54913,53104
54913,30452
54913,127735
54913,109870
54913,79428
54913,79743
54913,16222
54913,119258
54913,88467
54913,67912
54913,2738
54913,111323
54913,139248
54913,39190
54913,95624
54913,124040
54913,111646
54913,609
54913,52144
54913,131530
54913,105453
54913,44411
54913,44038
54913,19217
54913,85301
54913,4653
54914,124267
54914,112415
54914,98236
54914,117827
54914,66278
54914,54710
54914,59033
54915,12548
54915,140389
54915,77721
54915,109310
54915,120588
54915,37451
54915,39454
54915,115825
54917,93033
54917,91611
54917,68795
54917,65019
54917,134188
54917,23413
54917,62848
54917,82435
54917,99221
54917,118084
54917,42694
54917,84167
54917,100149
54917,16934
54917,93886
54917,40998
54917,30810
54917,59454
54917,94478
54917,88377
54917,80311
54917,93055
54917,102003
54917,28313
54917,54118
54917,8005
54917,31919
54917,87121
54917,10855
54917,53590
54917,69911
54917,64527
54919,13234
54919,81703
54919,63837
54919,111453
54919,139557
54919,131314
54919,104133
54919,86622
54919,135096
54919,13377
54919,23095
54919,62432
54919,112195
54919,61463
54919,33004
54919,6532
54919,67570
54919,78919
54919,60591
54919,43870
54919,72726
54919,132162
54919,109545
54919,63256
54919,97147
54919,99475
54919,99735
54919,91381
54919,28038
54919,118993
54919,81375
54919,113138
54920,124764
54920,101003
54920,111094
54920,37107
54920,89078
54920,104434
54920,10194
54920,299
54920,63031
54920,10739
54920,38753
54920,27883
54920,107772
54920,2641
54920,125466
54923,58041
54923,139316
54923,87074
54923,6850
54923,45066
54924,79211
54924,54048
54924,60476
54924,72503
54924,60000
54924,69535
54924,139007
54924,135426
54924,33428
54924,80898
54924,24757
54924,121775
54924,95703
54924,107535
54924,30414
54924,33353
54924,29740
54924,111805
54924,33839
54924,36472
54924,65817
54924,1039
54924,116206
54924,20737
54924,13067
54924,70312
54926,27969
54926,42967
54926,14844
54926,85965
54926,130869
54926,19202
54926,1736
54926,70697
54926,68544
54926,86892
54926,16651
54926,132416
54926,121520
54926,94553
54926,125066
54926,33387
54926,130951
54926,78144
54926,41326
54926,12238
54926,9545
54926,36531
54926,76396
54926,71152
54926,133815
54926,75969
54926,105517
54926,72915
54926,135695
54926,3854
54926,60171
54926,83313
54926,94135
54926,54703
54928,56911
54928,30762
54928,99726
54928,94203
54928,41423
54928,101111
54928,34807
54928,47637
54928,17493
54928,5355
54928,53857
54928,73816
54928,25370
54928,110269
54928,37813
54928,127959
54928,122663
54928,67810
54928,59097
54928,8983
54928,88905
54928,27357
54928,118353
54928,90078
54928,40335
54928,28494
54928,100206
54928,524
54928,29265
54928,135274
54928,74557
54928,53424
54929,43663
54929,95736
54929,47841
54929,65550
54929,110700
54929,2406
54929,124457
54929,96616
54930,123882
54930,100171
54930,6413
54930,109365
54930,10585
54930,11755
54930,10841
54930,74129
54930,84378
54930,95797
54930,74120
54930,33316
54930,14882
54930,111821
54930,58072
54930,92079
54930,28339
54930,134366
54930,48384
54930,95059
54930,2275
54930,140694
54930,90305
54930,84513
54930,63097
54930,81332
54930,52445
54930,65769
54930,113274
54930,28210
54930,116801
54931,130042
54931,65063
54931,120404
54931,91780
54931,46425
54931,4930
54931,59648
54931,5496
54931,832
54931,24727
54931,47844
54931,92499
54931,87817
54931,77038
54931,120746
54931,51473
54931,83106
54931,92827
54931,48785
54931,117934
54931,52300
54931,16971
54931,32880
54931,57257
54931,94770
54931,71034
54931,11198
54931,110872
54931,22284
54931,94236
54931,131970
54933,126712
54933,125496
54933,102148
54933,79408
54933,40705
54933,21236
54933,124678
54933,118786
54933,13072
54933,70684
54933,86100
54933,51315
54933,41882
54933,118740
54933,109833
54933,76452
54933,108150
54933,31150
54933,118966
54933,16069
54933,91376
54933,5656
54933,74426
54933,100269
54933,95102
54933,124383
54933,13241
54933,128061
54933,5175
54933,80443
54933,75452
54933,130930
54933,29565
54935,21111
54935,69099
54935,55999
54935,43887
54935,66187
54935,53270
54935,44966
54935,33417
54935,41261
54935,90684
54935,109189
54935,63023
54935,85116
54935,46013
54935,54671
54935,127687
54935,73538
54935,124286
54935,103361
54935,50861
54935,115537
54937,58348
54937,73871
54937,78353
54937,79714
54937,106734
54937,94573
54940,106230
54940,48004
54940,70887
54940,63604
54940,79106
54940,121041
54940,7377
54940,41400
54940,124778
54940,120248
54940,38758
54940,57125
54940,107028
54940,123709
54940,73342
54940,56917
54940,40048
54940,107087
54940,54359
54940,96112
54940,113402
54940,21638
54940,80579
54940,45961
54940,35010
54940,25979
54940,59042
54940,78642
54940,1211
54940,7895
54940,98719
54940,103812
54940,122659
54940,117884
54941,47503
54941,48666
54941,61444
54941,126348
54941,107751
54941,92445
54941,130589
54941,85018
54941,71170
54941,61627
54941,55435
54941,52067
54941,135601
54941,47880
54941,46777
54941,44466
54941,16938
54941,41182
54941,24500
54941,26389
54941,33893
54941,88142
54941,7652
54941,38108
54941,65388
54941,110065
54941,122937
54941,7802
54941,121260
54941,37584
54941,77309
54941,71050
54943,132213
54943,135420
54943,22859
54943,96509
54943,103417
54943,16477
54943,93176
54943,82903
54943,140601
54943,29280
54943,112876
54943,122129
54943,23611
54943,81235
54943,6533
54943,81598
54943,66541
54943,107064
54943,86930
54943,133699
54943,92314
54943,26813
54943,36364
54943,38759
54943,34564
54943,57031
54943,33256
54943,92397
54943,8541
54943,132209
54943,15540
54943,137578
54944,43749
54944,120144
54944,13443
54944,54937
54944,12341
54944,62473
54944,79221
54944,61934
54944,134966
54944,110264
54944,15251
54944,68868
54944,35371
54944,78599
54944,95031
54944,77306
54944,17619
54944,73666
54944,72597
54944,74221
54944,74166
54944,5543
54944,67610
54944,69472
54944,18221
54944,10721
54944,6997
54944,63810
54944,73823
54944,13973
54944,17329
54944,3180
54944,63071
54945,25577
54945,118334
54945,116733
54945,57669
54945,55901
54945,94997
54945,78567
54945,55672
54945,41498
54945,30317
54945,74586
54945,75499
54945,3058
54945,3328
54945,65636
54945,2465
54945,31999
54945,38338
54946,10781
54946,55920
54946,37555
54946,101178
54946,132435
54946,666
54946,102234
54946,101914
54946,13728
54946,93770
54946,54572
54946,118677
54946,83422
54946,128794
54946,35377
54946,60910
54946,57315
54946,97282
54946,34583
54946,39427
54946,25779
54946,3323
54946,81214
54946,52539
54946,24584
54946,93249
54946,121735
54946,133186
54946,119568
54946,98380
54946,114770
54946,12816
54947,23418
54947,57854
54947,61877
54947,139010
54947,117501
54947,74211
54947,128711
54947,128036
54947,103284
54947,98352
54947,95966
54947,7350
54947,69065
54947,92410
54947,39493
54947,139306
54947,58041
54947,89326
54947,118781
54947,75373
54947,56595
54947,73865
54947,6850
54947,35202
54947,73830
54947,118129
54947,2746
54947,87074
54947,53072
54947,45066
54947,102297
54947,61507
54947,99362
54948,126837
54948,12590
54948,92185
54948,3534
54948,130745
54948,64379
54948,67215
54948,97836
54948,95870
54948,14201
54948,98747
54948,96559
54949,34609
54949,111387
54949,71000
54949,65175
54949,23577
54949,66042
54949,68588
54949,38911
54949,94048
54949,599
54949,39817
54949,68141
54949,93005
54949,121004
54949,27476
54949,110985
54949,99429
54949,96130
54949,89023
54949,121213
54949,56074
54949,66497
54949,74584
54949,107780
54949,25990
54949,132761
54949,126880
54949,74975
54949,85540
54949,130738
54949,25439
54949,84425
54949,72119
54950,25827
54950,76226
54950,69730
54950,124845
54950,1958
54950,6559
54950,96753
54950,9138
54950,65987
54950,124813
54950,99161
54950,127898
54950,85842
54950,125096
54950,109810
54950,66464
54950,27853
54950,115599
54950,135380
54950,20378
54950,43875
54950,131346
54950,88055
54950,46678
54950,92368
54950,113005
54950,208
54950,106484
54950,40395
54950,139718
54950,136645
54950,11976
54952,25130
54952,49783
54952,131136
54952,1473
54952,15518
54952,71065
54952,117058
54952,78282
54952,110413
54952,107223
54952,94676
54952,87611
54952,81037
54952,65508
54952,75238
54952,135212
54952,68190
54952,94054
54952,98960
54952,13358
54952,112316
54952,51169
54952,70933
54952,88748
54952,127474
54952,38193
54952,122510
54952,39415
54952,115368
54952,135442
54952,6969
54953,30890
54953,77332
54953,60875
54953,113553
54953,38828
54953,48380
54953,98990
54953,101170
54953,112510
54953,66204
54953,135146
54953,15166
54953,59572
54953,20114
54953,2136
54953,99788
54953,133013
54953,91408
54953,24067
54953,26755
54953,115616
54953,67098
54953,74640
54953,4558
54953,126910
54956,65279
54956,130356
54956,70856
54956,47912
54956,118813
54956,68087
54956,48669
54956,42370
54956,88994
54956,110039
54956,102956
54956,112616
54956,22458
54956,25231
54956,101771
54956,86287
54956,30264
54956,38015
54956,139754
54956,80856
54956,28198
54957,128286
54957,96415
54957,130493
54957,88308
54957,5341
54957,52700
54957,84246
54957,111769
54957,92917
54957,91455
54957,20815
54957,6918
54958,137997
54958,124342
54958,116942
54958,37818
54958,104517
54958,77089
54958,21018
54958,114932
54958,40279
54958,59781
54958,49656
54958,24545
54958,134154
54958,46274
54958,94455
54958,60846
54958,68420
54958,35223
54958,14082
54958,131892
54958,70177
54958,90845
54958,26248
54958,38419
54958,59657
54958,77914
54958,102130
54958,122112
54958,78500
54958,77795
54958,60468
54958,117294
54958,125083
54960,114120
54960,62352
54960,28785
54960,33554
54960,100061
54960,99463
54960,98338
54960,36760
54960,33148
54960,140735
54960,61816
54960,96282
54960,74943
54960,108415
54960,34050
54960,90951
54960,78508
54960,108985
54960,22649
54960,30009
54960,71342
54960,89344
54960,84638
54960,35416
54960,86256
54960,60396
54960,48608
54960,128399
54960,133591
54960,99560
54960,33672
54961,29709
54961,26187
54961,14301
54961,50197
54961,139465
54961,117805
54961,92886
54961,63517
54961,113691
54961,80851
54961,70308
54961,15897
54961,47138
54961,134058
54961,66551
54961,76505
54961,12929
54961,49291
54961,102765
54961,126908
54961,50957
54961,103748
54961,36391
54961,136161
54961,133576
54961,139236
54961,32765
54961,46803
54961,125223
54961,82361
54961,11839
54961,34744
54962,101458
54962,41554
54962,27716
54962,120065
54962,107216
54962,63377
54962,6835
54962,128033
54962,29758
54962,95114
54962,122486
54962,49572
54962,123900
54962,31661
54962,134997
54962,39812
54962,38510
54962,122327
54962,85384
54962,76033
54962,28126
54962,19456
54962,38438
54962,41835
54962,109124
54962,115014
54962,101132
54962,40540
54962,21879
54962,77924
54963,124904
54963,118432
54963,29111
54963,114618
54963,15675
54963,76599
54963,71217
54963,72992
54963,51386
54963,67369
54963,140801
54963,57585
54963,45294
54963,111972
54963,103667
54963,44636
54963,33336
54963,90565
54963,9314
54963,29804
54963,75392
54963,121240
54963,88547
54963,61937
54963,105634
54963,109862
54963,15455
54963,105525
54963,111999
54963,63314
54963,103017
54963,88012
54963,83405
54964,106998
54964,43356
54964,28168
54964,65403
54964,1039
54964,37933
54964,58733
54964,25741
54964,76541
54964,28672
54964,56741
54964,25997
54964,58986
54964,71596
54964,93778
54964,6839
54964,4043
54965,135551
54965,107846
54965,13674
54965,61695
54965,76443
54965,22471
54965,20136
54965,88226
54965,88219
54965,135487
54965,92927
54965,81451
54965,74882
54965,21443
54965,122582
54965,13019
54965,88778
54965,5961
54965,139719
54965,70683
54965,81720
54965,47556
54965,47359
54965,127861
54965,560
54965,91620
54965,68206
54965,108213
54965,135726
54965,10418
54965,39355
54965,68601
54967,133720
54967,74036
54967,15660
54967,48318
54967,27127
54967,14603
54967,24606
54967,137686
54967,81167
54967,30331
54967,129374
54967,121295
54967,120345
54967,35083
54967,118211
54967,50817
54967,113367
54967,86171
54967,80820
54967,38879
54967,106505
54967,135871
54967,95588
54967,116423
54967,138964
54967,4500
54967,107429
54967,111033
54967,113365
54967,113550
54967,24684
54967,118494
54967,38791
54970,89626
54970,68488
54970,112915
54970,112281
54970,22051
54970,12865
54970,66505
54970,82144
54970,129711
54970,59484
54970,90647
54970,25536
54970,133518
54970,16190
54970,50692
54970,83517
54970,751
54970,73661
54970,49319
54970,52262
54970,18610
54970,28726
54970,67551
54970,70030
54970,105164
54970,138370
54970,64432
54970,13220
54970,44747
54970,67197
54970,82246
54971,127784
54971,42573
54971,102035
54971,54642
54971,130791
54971,85177
54971,52144
54971,41455
54971,117157
54971,122057
54971,63576
54971,53293
54971,86265
54971,16652
54971,67912
54971,135919
54971,110931
54971,37650
54971,38394
54971,113030
54971,5026
54971,6555
54971,28490
54971,126242
54971,45107
54971,139248
54971,21910
54971,52292
54971,35165
54971,81398
54971,48591
54972,132093
54972,47360
54972,100700
54972,80027
54972,43972
54972,135944
54972,28358
54972,9647
54972,84346
54972,95424
54976,5451
54976,35122
54976,93997
54976,21177
54976,15594
54976,87387
54976,80815
54976,116111
54976,39833
54976,97663
54976,123974
54976,76934
54976,9552
54976,106640
54978,134417
54978,69615
54978,33168
54978,51979
54978,98770
54978,87215
54978,1140
54978,52784
54978,107785
54978,131110
54980,25827
54980,44493
54980,1958
54980,86107
54980,66464
54980,69392
54980,8903
54980,69730
54980,124845
54980,11976
54980,58568
54980,78032
54980,109810
54980,82767
54980,127898
54980,99161
54980,46045
54980,2037
54980,96753
54980,9138
54980,139718
54980,41225
54980,31820
54980,89603
54980,65987
54980,115731
54980,124751
54980,208
54980,120586
54980,52669
54980,128916
54980,131346
54982,18380
54982,136159
54982,17213
54982,7258
54982,7360
54982,74130
54982,8951
54982,24345
54982,50890
54982,86289
54982,140130
54982,39975
54982,82957
54982,93944
54982,20133
54982,3566
54982,94596
54982,59638
54982,95486
54982,60458
54982,77583
54982,37798
54982,132293
54982,12347
54982,56685
54982,33466
54982,107316
54982,59746
54982,130018
54983,94209
54983,124202
54983,85693
54983,30093
54983,76576
54983,10098
54983,115202
54983,54977
54983,52251
54983,75187
54983,19606
54983,101443
54983,19570
54983,130803
54983,86339
54983,111880
54983,120179
54983,129034
54983,55507
54983,138103
54983,52198
54983,110531
54983,79509
54983,124296
54983,94781
54983,70576
54983,69843
54983,45275
54983,9495
54983,87517
54983,26329
54983,37311
54987,101390
54987,64114
54987,67560
54987,11293
54987,13703
54987,67698
54987,5315
54987,139570
54987,74821
54987,50413
54987,32851
54987,81765
54987,16141
54987,101180
54987,131680
54987,47388
54987,8078
54987,99826
54987,27646
54987,83795
54989,43594
54989,18221
54989,62473
54989,37283
54989,129044
54989,129083
54989,13973
54989,54172
54989,15251
54989,33168
54989,123469
54989,97132
54989,81855
54989,44163
54989,34012
54989,105910
54989,38227
54989,116536
54989,89962
54989,107576
54989,138061
54989,54833
54989,40728
54989,25511
54989,12479
54989,75954
54989,115314
54989,22633
54989,17329
54989,103898
54989,86375
54989,109270
54989,109686
54990,83870
54990,74256
54990,90643
54990,99359
54990,55907
54991,952
54991,75613
54991,117203
54991,114118
54991,21653
54991,88502
54991,125623
54991,82743
54991,97722
54991,115146
54991,16805
54991,96647
54991,77206
54991,131482
54991,31360
54991,30078
54991,127741
54991,52084
54991,106370
54991,125431
54991,104367
54993,34635
54993,125069
54993,136159
54993,83026
54993,79150
54993,67974
54993,44306
54993,53695
54993,88096
54993,38571
54993,49368
54993,121764
54993,40649
54993,7360
54993,94956
54993,17213
54993,130729
54993,14389
54993,86289
54993,1277
54993,113349
54993,93944
54993,29286
54993,82957
54993,7258
54993,115770
54993,28806
54993,55039
54993,33912
54993,18380
54993,36029
54993,130018
54995,38419
54995,137997
54995,24545
54995,124342
54995,37818
54995,104517
54995,77089
54995,116942
54995,35223
54995,70177
54995,90845
54995,77914
54995,114932
54995,134323
54995,21018
54995,14082
54995,26248
54995,49656
54995,134154
54995,90809
54995,68420
54995,131892
54995,78500
54995,60846
54995,94455
54995,40279
54995,59781
54995,59657
54995,125083
54995,77795
54995,60468
54995,122112
54995,117294
54996,128956
54996,69049
54996,95011
54996,25816
54996,22786
54996,6600
54996,22083
54996,31183
54996,106691
54996,29836
54996,44910
54996,90826
54996,107293
54996,46201
54996,80877
54996,99585
54996,118029
54996,111975
54996,129863
54996,79159
54996,21401
54996,9064
54996,61948
54996,46081
54996,25986
54996,64891
54996,127255
54996,37948
54998,43924
54998,49310
54998,70048
54998,74598
54998,90424
54998,35378
54998,125914
54998,121348
54998,9268
54998,42244
54998,43709
54998,57193
54998,61986
54998,48740
54998,89820
54998,110490
54998,140472
54998,75548
54998,136797
54998,140065
54998,139470
54998,87977
54998,7405
54998,4690
54998,101839
54998,129562
54998,8325
54998,66752
54998,3675
54998,98624
54998,87577
54998,17068
54999,124342
54999,137997
54999,77089
54999,116942
54999,104517
54999,37818
54999,114932
54999,21018
54999,49656
54999,24545
54999,60846
54999,70177
54999,131892
54999,90845
54999,14082
54999,35223
54999,77914
54999,102130
54999,78500
54999,134154
54999,26248
54999,68420
54999,38419
54999,57952
54999,90809
54999,77795
54999,60468
54999,59657
54999,40279
54999,122112
54999,117294
54999,125083
55000,46425
55000,65063
55000,45603
55000,4930
55000,59648
55000,11347
55000,84448
55000,832
55000,24727
55000,137368
55000,120392
55000,91780
55000,51473
55000,117589
55000,77038
55000,32898
55000,120404
55000,120746
55000,32880
55000,94770
55000,16971
55000,81604
55000,100216
55000,110872
55000,80678
55000,22284
55000,4321
55000,57257
55000,15835
55000,117939
55000,121038
55000,46979
55001,65129
55001,98492
55001,10737
55001,82533
55001,11511
55001,19434
55001,134181
55001,37294
55001,33908
55001,79784
55001,53555
55001,45884
55001,87186
55001,135731
55001,130002
55001,49625
55001,18716
55001,20069
55001,23757
55001,93439
55001,124173
55001,99570
55001,111660
55001,63440
55001,67811
55001,49846
55001,35876
55001,116776
55001,134876
55001,75297
55001,63192
55001,38651
55006,28398
55006,138185
55006,127132
55006,22771
55006,52289
55006,62251
55006,84496
55006,96078
55006,31286
55006,55467
55006,29194
55006,90122
55006,68230
55006,125168
55006,63695
55006,72928
55006,3469
55006,19374
55006,54670
55006,2879
55006,74682
55006,73139
55006,128858
55006,111786
55006,73526
55006,93150
55006,15447
55006,64175
55006,87416
55006,83700
55006,98816
55006,59632
55006,27368
55010,66507
55010,73745
55010,63708
55010,72521
55010,47782
55010,43348
55010,43982
55010,32969
55010,36171
55010,57845
55010,18755
55010,105984
55010,74104
55010,71989
55010,116855
55010,4646
55010,67330
55010,69368
55010,58899
55010,25318
55010,82901
55010,16072
55010,37968
55010,132964
55010,6128
55010,104455
55010,62731
55010,37752
55010,111707
55010,126950
55010,11113
55010,123227
55011,38419
55011,137997
55011,124342
55011,24545
55011,21018
55011,116942
55011,37818
55011,131892
55011,104517
55011,70177
55011,90845
55011,77089
55011,59781
55011,114932
55011,59657
55011,78500
55011,40279
55011,122112
55011,49656
55011,134154
55011,94455
55011,46274
55011,90809
55011,68420
55011,26248
55011,35223
55011,125083
55011,77795
55011,29633
55011,60468
55011,38904
55011,117294
55014,34229
55014,121358
55014,76713
55014,130144
55014,97821
55014,126263
55014,43195
55014,14791
55014,28031
55014,55244
55014,132776
55014,67622
55014,28570
55014,84569
55014,111509
55014,113593
55014,138169
55014,130455
55014,92104
55014,103616
55014,63861
55014,89375
55014,125300
55014,71951
55014,93867
55014,20852
55014,38976
55014,32232
55014,63117
55014,125232
55015,19202
55015,56776
55015,70697
55015,115166
55015,52204
55015,126818
55015,88389
55015,42967
55015,14840
55015,2094
55015,47864
55015,9545
55015,6642
55015,23661
55015,71039
55015,66917
55015,53141
55015,105123
55015,139453
55015,1736
55015,33591
55015,85965
55015,77254
55015,51616
55015,49855
55015,37117
55015,54703
55015,44170
55015,64949
55015,10642
55015,53172
55015,68364
55018,94241
55018,82967
55018,64017
55018,54739
55018,118722
55018,115994
55018,133846
55018,122468
55018,68372
55018,44213
55018,114201
55018,100080
55018,47427
55018,110915
55018,53443
55018,119002
55018,138973
55018,76755
55018,19965
55018,105745
55018,97430
55018,50366
55018,68038
55018,978
55018,130789
55018,7149
55018,128481
55018,114442
55018,54795
55018,67539
55018,50732
55018,69638
55019,48678
55019,36263
55019,94807
55019,108811
55019,135446
55019,15976
55019,113892
55019,122455
55019,6742
55019,86205
55019,54947
55019,97072
55019,13992
55019,73268
55019,136428
55019,39789
55019,45658
55019,130893
55019,3274
55019,109478
55021,48810
55021,97406
55021,56651
55021,118143
55021,35775
55021,27840
55021,111675
55021,49840
55021,80677
55021,66020
55021,36448
55021,81121
55021,31223
55021,26546
55021,66178
55021,45949
55021,132770
55021,44260
55023,67043
55023,10873
55023,126151
55023,99626
55023,21475
55023,62336
55023,78995
55023,1048
55023,30195
55023,125358
55023,114448
55023,73325
55023,105781
55023,59629
55023,16004
55023,21666
55023,119682
55023,95858
55023,102403
55023,110073
55023,132932
55023,1639
55023,14106
55023,12225
55023,19646
55023,39171
55023,132566
55023,35848
55025,92698
55025,121287
55025,68689
55025,128313
55025,77109
55025,97615
55027,84419
55027,94277
55027,29512
55027,45081
55027,64784
55028,69184
55028,63229
55028,63105
55028,20430
55028,112502
55028,60144
55028,96780
55028,101335
55028,6713
55028,5322
55028,25159
55028,59324
55028,67964
55028,20587
55028,67477
55028,46501
55028,57170
55028,93974
55028,133689
55028,128090
55028,8864
55028,114721
55028,35679
55028,75205
55028,34151
55028,138325
55028,131352
55028,5124
55028,23190
55028,123012
55028,117582
55028,29927
55028,135437
55028,15390
55029,16455
55029,137244
55029,27885
55029,61379
55029,98175
55029,52678
55029,50810
55029,2103
55029,133377
55029,40230
55029,3376
55030,19344
55030,11934
55030,28441
55030,76538
55030,4763
55030,129904
55030,63930
55030,133716
55030,13971
55030,79904
55030,46771
55030,15481
55030,95167
55030,102241
55030,22600
55030,117883
55030,46035
55030,2155
55030,70276
55030,68675
55030,55123
55030,102672
55030,88340
55030,9717
55030,24643
55030,82797
55030,20061
55030,118477
55030,137768
55030,85864
55030,86439
55030,61715
55030,92746
55030,57779
55031,139456
55031,52714
55031,12937
55031,123618
55031,63059
55031,121907
55031,30907
55031,85625
55031,52730
55031,49033
55031,65030
55031,108168
55031,81658
55031,79448
55033,136372
55033,72058
55033,91747
55033,50762
55033,56645
55033,42902
55033,137629
55033,7184
55033,58356
55035,113767
55035,49224
55035,57325
55035,57886
55035,114481
55035,58068
55035,78783
55035,112916
55035,43922
55035,67746
55035,19935
55035,140220
55035,41064
55035,35903
55035,62322
55035,120909
55035,16366
55035,110802
55035,132976
55035,95157
55035,4595
55035,106669
55035,72320
55035,76987
55035,80560
55035,29569
55035,131686
55035,26221
55035,139774
55035,126701
55036,10944
55036,73335
55036,17412
55036,113420
55036,100786
55036,21402
55036,137863
55036,96490
55036,95861
55036,78303
55036,84920
55036,135958
55036,78484
55036,74048
55036,75666
55036,137989
55036,71069
55036,137950
55036,17269
55036,32815
55036,22485
55036,74322
55036,71308
55036,98840
55036,60010
55036,76735
55037,22940
55037,46688
55037,130699
55037,139502
55037,5710
55037,13526
55037,43423
55037,45836
55037,111480
55037,130415
55037,132293
55037,77583
55037,80874
55040,79159
55040,15009
55040,54774
55040,55656
55040,75661
55040,76042
55040,90382
55040,116917
55040,121819
55040,119839
55040,11997
55040,39462
55040,121749
55042,5772
55042,36753
55042,128783
55042,122744
55042,57229
55042,6140
55042,49021
55042,103582
55042,105913
55042,6907
55042,94986
55042,132031
55042,89519
55042,58003
55042,17526
55042,112457
55042,10626
55042,106785
55042,97135
55042,122462
55042,83318
55042,89141
55042,86859
55042,71366
55042,61286
55042,54611
55042,35221
55042,14796
55042,11678
55042,136908
55042,74551
55042,135200
55042,106864
55043,14762
55043,64232
55043,101372
55043,110585
55043,71371
55044,80034
55044,85430
55044,28495
55044,17739
55044,70058
55044,115954
55044,116895
55044,122589
55044,19465
55044,77504
55044,83134
55044,23552
55044,76443
55044,45896
55044,116211
55044,22607
55044,136865
55044,42693
55044,44273
55044,19565
55044,64020
55044,86858
55044,26269
55044,13674
55044,119847
55044,132817
55044,131203
55044,69514
55044,100081
55044,75897
55044,67949
55044,82439
55044,85894
55046,119636
55046,116471
55046,59864
55046,56656
55046,62281
55046,99237
55046,11570
55046,3104
55046,80897
55046,115222
55046,115870
55046,18803
55046,89229
55046,57353
55046,20692
55046,48165
55046,79148
55046,82750
55046,12439
55046,139364
55046,116210
55046,33997
55046,77435
55047,95292
55047,34066
55047,117990
55047,93654
55047,75125
55047,104468
55047,119207
55047,110302
55047,139976
55047,101743
55047,88226
55047,113106
55047,127297
55047,123051
55047,86606
55047,59858
55047,32452
55047,120824
55047,122749
55047,52135
55047,76770
55047,121785
55047,93405
55047,131363
55047,114290
55047,35158
55047,67308
55047,120541
55047,96091
55047,111775
55047,11521
55047,121238
55047,52826
55047,28427
55048,84407
55048,39639
55048,54048
55048,79211
55048,51111
55048,99087
55048,38001
55048,24287
55048,2859
55048,95098
55048,77286
55048,40666
55048,57843
55048,33839
55048,80898
55048,89566
55048,137928
55048,60000
55048,30414
55048,97016
55048,24757
55048,23464
55048,13705
55048,112695
55048,103854
55048,22031
55048,40226
55048,36763
55049,93221
55049,51701
55049,79394
55049,119592
55049,94079
55049,24385
55049,24803
55049,66677
55049,1872
55049,61652
55049,65574
55049,21283
55049,46160
55049,10155
55049,59723
55049,88113
55049,60124
55049,50235
55049,44806
55049,116069
55049,77842
55049,64086
55049,19943
55049,98559
55049,96243
55049,11475
55049,82862
55050,88
55050,118478
55050,77711
55050,111390
55050,139029
55050,48430
55050,81380
55050,10135
55050,82085
55050,85652
55050,119432
55050,19589
55050,124206
55050,76624
55050,21804
55050,133822
55050,67174
55050,80721
55050,53984
55050,123617
55050,94965
55050,97852
55050,88346
55050,50831
55050,122861
55050,22965
55050,27605
55050,23873
55050,64616
55050,92217
55050,61789
55050,139339
55051,34535
55051,9983
55051,67304
55051,96776
55051,19159
55051,27763
55051,103842
55051,117632
55051,98295
55051,118033
55051,111342
55051,81531
55051,106044
55051,66558
55051,100072
55051,28257
55051,14068
55051,85536
55051,109238
55051,104393
55051,79359
55051,62005
55051,56355
55051,140141
55051,53420
55051,41894
55051,133809
55051,107318
55051,36995
55051,29419
55051,25254
55051,106318
55051,16207
55052,40933
55052,89641
55052,93917
55052,23061
55052,127056
55052,16665
55052,42248
55052,112142
55052,108981
55052,88244
55052,25834
55052,31666
55052,66310
55052,107705
55052,136178
55052,35269
55052,35077
55052,21568
55052,47818
55052,116340
55052,13128
55052,15224
55052,129220
55052,10815
55052,40870
55052,75684
55052,109575
55052,124184
55052,67877
55052,12496
55052,95752
55053,36599
55053,117523
55053,52429
55053,17891
55053,23807
55053,101641
55053,56847
55053,140709
55053,90952
55053,127683
55053,3834
55053,103223
55053,104803
55053,29938
55053,67832
55053,16970
55053,61137
55053,61541
55053,130955
55053,34677
55053,64957
55053,73701
55053,79001
55053,135154
55053,138259
55053,87142
55053,119705
55055,93208
55055,14688
55055,110764
55055,50568
55055,85015
55055,47241
55055,138738
55055,80506
55055,59554
55055,56326
55055,113900
55055,87737
55055,84463
55055,55461
55055,91928
55055,99662
55055,53108
55055,98365
55055,10928
55055,20053
55058,33192
55058,28173
55058,132948
55058,102168
55058,16376
55058,106372
55058,97288
55058,4700
55058,38498
55058,23143
55058,32324
55058,96271
55058,40354
55058,34562
55058,104609
55058,27991
55058,128395
55058,109778
55058,81968
55058,58405
55058,11845
55058,102680
55058,119387
55058,80228
55058,91807
55058,115787
55058,120536
55058,8033
55058,103565
55058,90324
55058,109019
55058,74109
55059,124342
55059,70177
55059,104517
55059,90845
55059,114932
55059,137997
55059,24545
55059,21018
55059,37818
55059,78500
55059,131892
55059,35223
55059,134154
55059,49656
55059,14082
55059,68420
55059,59781
55059,26248
55059,40279
55059,60846
55059,57952
55059,29633
55059,94455
55059,46274
55059,38904
55059,60468
55059,122112
55059,38419
55059,77795
55059,59657
55059,125083
55059,117294
55061,132280
55061,13877
55061,83767
55061,21048
55061,119745
55061,56887
55061,92190
55061,31292
55061,124686
55061,113537
55061,20956
55061,63279
55061,31346
55061,48069
55061,93867
55061,20383
55061,26455
55061,83200
55061,101554
55061,91053
55061,84389
55061,113456
55061,96098
55062,125744
55062,103908
55062,67140
55062,99219
55062,100748
55062,101406
55062,24092
55062,14912
55062,134845
55062,86021
55062,46068
55062,118824
55062,89097
55062,131350
55062,100664
55062,97432
55062,13760
55062,80832
55062,139165
55062,82897
55062,17023
55062,91288
55062,114209
55062,63582
55062,129643
55062,36650
55062,67619
55062,54116
55062,39526
55062,106647
55062,7432
55062,90254
55063,118727
55063,41014
55063,31761
55063,30016
55063,92469
55063,17820
55063,87251
55063,89858
55063,7091
55063,56740
55064,34169
55064,89097
55064,17023
55064,118824
55064,129916
55064,46068
55064,77772
55064,86021
55064,125744
55064,91288
55064,63582
55064,131350
55064,113164
55064,101406
55064,100748
55064,46411
55064,5293
55064,36650
55064,24092
55064,82897
55064,90254
55064,114209
55064,30435
55064,80832
55064,39526
55064,54116
55064,106647
55064,129643
55064,14912
55064,56525
55064,61946
55064,109612
55065,52921
55065,798
55065,39623
55065,18006
55065,118306
55065,57861
55065,16463
55065,54463
55067,14780
55067,101002
55067,47954
55067,81287
55067,6743
55067,19196
55067,60745
55067,116019
55067,42782
55067,20132
55067,45918
55067,132818
55067,16788
55067,11326
55067,49598
55067,134732
55068,64736
55068,31304
55068,79424
55068,72975
55068,108968
55068,74689
55068,3219
55068,57857
55068,132016
55068,7371
55068,92155
55068,28912
55068,57412
55068,57441
55068,47522
55068,41378
55068,76084
55068,99171
55068,122932
55068,1083
55068,69667
55068,110100
55068,123942
55068,96075
55068,136201
55068,62926
55068,60019
55068,65876
55068,26271
55068,107055
55068,67004
55068,55308
55068,5852
55070,94054
55070,117058
55070,85222
55070,103942
55070,113855
55070,96595
55070,101277
55070,60676
55070,42331
55070,16761
55073,134417
55073,105559
55073,63145
55073,120144
55073,50162
55073,13443
55073,43749
55073,12579
55073,38484
55073,51979
55073,43594
55073,52784
55073,1085
55073,12341
55073,61934
55073,107785
55073,99484
55073,138112
55073,87215
55073,69615
55073,106845
55073,103860
55073,54937
55073,9812
55073,28939
55073,117439
55073,60008
55073,98770
55073,1140
55073,89962
55073,28181
55073,69352
55073,72597
55073,134966
55074,30533
55074,14564
55074,59936
55074,14938
55074,15133
55074,52426
55074,37875
55074,120591
55074,127978
55074,87909
55074,97478
55074,63355
55074,103368
55074,41099
55074,67777
55074,43120
55074,39129
55074,88817
55074,112765
55074,89556
55074,102915
55074,25976
55074,19138
55074,25927
55074,50888
55074,61110
55075,78490
55075,84630
55075,54580
55075,103059
55075,77726
55075,113161
55075,29850
55075,115962
55075,59946
55075,90912
55075,88989
55075,63125
55075,66516
55075,2139
55075,86121
55075,127269
55075,35297
55075,128610
55075,78051
55075,11703
55075,110463
55075,52
55075,88889
55075,126578
55075,91024
55075,45338
55076,96528
55076,124475
55076,119848
55076,75775
55076,66673
55076,57820
55076,134683
55076,16199
55076,135387
55076,110667
55076,135920
55076,1168
55076,34206
55076,96208
55076,49702
55077,123055
55077,35556
55077,23982
55077,116668
55077,69539
55077,66733
55077,13221
55077,2336
55077,48922
55077,119017
55077,119806
55077,100267
55077,104927
55077,54022
55077,67505
55077,138447
55077,136658
55077,43978
55077,100328
55077,128481
55080,28365
55080,3213
55080,65219
55080,89360
55080,104625
55080,105408
55080,121991
55080,109846
55080,61203
55080,52459
55080,77360
55080,64074
55080,30950
55080,35817
55080,73452
55080,73173
55080,62433
55080,60084
55080,125373
55080,34036
55080,44882
55080,71060
55080,83343
55080,31169
55080,69261
55080,85861
55080,84122
55080,32060
55080,79026
55080,5607
55080,106819
55081,88902
55081,57045
55081,135476
55081,50492
55081,53995
55081,120420
55081,47650
55081,54507
55081,56913
55081,120010
55081,85372
55081,15371
55081,27812
55081,35491
55081,134724
55081,68579
55081,8474
55081,121394
55081,81233
55081,71921
55081,86361
55081,17186
55081,41013
55081,12261
55081,82667
55081,65796
55081,17588
55081,60157
55081,104338
55081,34170
55081,41077
55082,77109
55082,68689
55082,97615
55082,30417
55082,13155
55082,133729
55082,89836
55082,125447
55082,131345
55082,18569
55082,125611
55082,65983
55082,134786
55082,15884
55082,19567
55082,33163
55082,102112
55082,135195
55083,51199
55083,35251
55083,598
55083,16060
55083,23097
55083,106016
55083,136248
55083,41034
55083,125647
55083,44442
55083,128564
55083,33934
55083,88177
55083,43213
55083,48625
55083,26451
55083,37849
55083,106019
55083,61820
55083,120593
55083,33332
55083,119274
55083,23921
55083,60548
55083,90880
55083,124575
55083,97878
55083,39573
55083,130926
55083,41790
55083,111635
55084,97282
55084,140592
55084,132435
55084,13728
55084,107389
55084,6208
55084,101914
55084,55920
55084,133186
55084,27547
55084,12315
55084,25483
55084,83422
55084,121735
55084,37555
55084,20777
55084,127553
55084,111519
55084,88570
55084,19718
55084,128794
55084,3323
55084,67252
55084,117540
55084,49137
55084,78186
55084,85194
55084,83979
55084,67793
55084,24584
55084,81214
55084,57315
55085,85051
55085,81594
55085,4229
55085,22927
55085,13113
55085,3653
55085,80271
55085,123016
55085,120525
55085,49974
55087,80778
55087,117972
55087,80930
55087,43456
55087,59154
55087,109237
55087,80289
55087,107174
55087,9456
55087,2356
55087,70521
55087,34728
55087,139764
55087,122466
55087,63562
55087,41396
55087,77788
55087,19626
55087,4297
55087,123948
55087,18107
55087,10552
55087,110977
55087,8243
55087,118366
55087,81767
55087,43997
55087,37733
55087,87188
55088,27223
55088,17625
55088,56719
55088,35955
55088,31258
55088,67901
55088,450
55088,45540
55088,5096
55088,89255
55088,57706
55088,128572
55088,66167
55088,28735
55088,108905
55088,114485
55088,132396
55088,109268
55088,79416
55088,100341
55088,104128
55088,68846
55088,16931
55088,37250
55088,40637
55088,126162
55088,104583
55088,2519
55088,55499
55088,62199
55088,78801
55089,118034
55089,104504
55089,50435
55089,43718
55089,64368
55089,39374
55089,118182
55089,134152
55089,28229
55089,119536
55089,27115
55089,80502
55089,52119
55089,57426
55089,120466
55089,54548
55089,133682
55089,2053
55089,60050
55089,30304
55089,101926
55089,57469
55089,32048
55089,109021
55089,32516
55089,49789
55089,45609
55089,2179
55089,106919
55089,86032
55089,24960
55089,67607
55089,56638
55089,70938
55091,114152
55091,112948
55091,61581
55091,1883
55091,34340
55091,78971
55091,102123
55091,717
55091,2490
55091,48891
55091,60406
55091,108618
55091,97332
55091,76339
55091,7987
55091,93032
55091,84162
55091,46758
55091,105572
55091,98474
55091,30705
55091,137098
55091,33288
55091,106858
55091,73486
55091,69950
55091,14707
55091,128539
55091,139937
55091,96705
55091,83213
55093,50608
55093,138615
55093,69649
55093,20114
55093,36142
55093,114251
55093,77151
55093,126108
55093,87588
55093,45253
55093,76903
55093,66204
55093,112668
55093,108901
55093,70833
55093,32464
55093,14994
55093,131657
55093,128521
55093,108598
55093,12024
55093,54806
55093,27194
55093,105492
55093,93108
55093,92815
55093,79772
55095,57016
55095,98414
55095,34070
55095,35503
55095,25022
55095,132832
55096,86107
55096,89603
55096,39543
55096,27853
55096,39485
55096,65987
55096,46045
55096,48020
55096,25069
55096,42377
55096,136645
55096,127898
55096,124813
55096,85842
55096,119577
55096,106225
55096,113005
55096,115599
55096,88055
55096,20378
55096,43875
55096,46678
55096,131346
55096,135380
55096,11291
55096,120028
55096,107645
55096,96640
55096,748
55096,90776
55096,75959
55096,122935
55096,70282
55097,23268
55097,40517
55097,41278
55097,32060
55097,36427
55097,115026
55097,14536
55097,110940
55097,111464
55097,55283
55097,104625
55097,124242
55097,39164
55097,135499
55097,58051
55097,6623
55100,95307
55100,106645
55100,137118
55100,123546
55100,139156
55100,656
55101,132060
55101,45792
55101,93088
55101,39063
55101,54089
55101,48432
55101,42059
55101,101864
55101,130204
55101,111056
55101,102615
55101,63651
55102,76695
55102,47708
55102,18692
55102,25943
55102,108064
55102,109993
55102,54206
55102,134859
55102,22664
55102,113154
55102,60240
55102,84528
55106,139056
55106,101658
55106,91765
55106,62201
55106,4689
55106,71483
55106,131064
55106,14290
55106,107861
55106,96165
55106,47815
55106,8314
55106,81433
55106,75044
55106,37622
55106,105620
55106,137913
55106,99740
55106,113102
55106,131871
55106,49123
55106,45631
55106,61448
55106,18235
55106,8323
55106,76867
55106,32585
55106,133844
55106,9260
55106,24376
55106,113653
55107,22582
55107,98217
55107,223
55107,8668
55107,86033
55107,28301
55107,31913
55108,555
55108,56062
55108,93376
55108,18938
55108,62890
55108,7487
55108,36116
55108,57502
55108,27129
55108,10932
55108,22461
55108,27864
55108,63216
55108,43191
55108,42519
55108,85397
55108,111865
55108,40988
55108,76193
55108,9322
55108,94983
55108,66873
55108,1904
55108,136404
55108,122415
55108,28915
55108,12955
55108,105116
55108,33518
55108,1073
55108,44078
55109,75113
55109,2709
55109,58120
55109,102121
55109,53418
55109,68448
55109,85202
55109,96821
55109,115198
55109,16123
55109,109843
55109,16028
55109,90097
55109,116409
55109,112951
55109,61554
55109,33467
55109,118539
55109,45307
55109,7738
55109,96592
55109,126878
55109,34997
55110,13235
55110,21576
55110,112190
55110,131219
55110,49163
55110,33736
55110,116433
55110,113355
55110,85761
55110,102618
55110,39123
55110,70725
55110,17375
55110,99546
55110,55987
55110,61754
55110,119368
55110,15842
55110,70689
55110,127659
55110,95979
55110,45860
55110,115375
55110,107937
55110,2971
55110,30454
55110,49402
55110,130138
55110,18312
55113,87779
55113,53473
55113,47887
55113,139108
55113,20598
55113,45664
55113,6939
55113,62335
55114,90665
55114,48512
55114,121275
55114,2899
55114,51555
55114,55158
55114,100473
55114,12507
55114,68658
55114,114177
55114,90509
55114,46094
55114,3988
55114,117559
55114,52463
55116,133869
55116,42951
55116,50355
55116,27281
55116,70066
55116,54602
55116,22150
55116,128496
55116,97501
55116,115332
55116,62143
55116,26364
55116,30299
55116,4099
55116,80964
55116,5604
55116,131841
55116,35066
55116,156
55116,12481
55116,108507
55117,34300
55117,52995
55117,67709
55117,16390
55117,68145
55117,17900
55117,63088
55117,6863
55117,106813
55117,100302
55117,118673
55117,51042
55117,135654
55117,84450
55117,6678
55117,66568
55117,133453
55117,75528
55117,79289
55117,74781
55117,29227
55117,135224
55117,19
55117,3719
55117,74666
55117,125025
55117,55808
55119,114978
55119,42232
55119,37195
55119,127416
55119,27600
55119,59500
55119,65322
55119,110749
55119,98462
55119,90401
55119,13788
55119,28176
55119,59852
55119,139156
55119,60013
55119,59115
55119,118244
55119,76445
55119,84455
55119,85282
55119,13950
55119,98846
55119,42356
55119,51003
55119,127125
55119,91569
55119,2720
55119,47594
55119,121329
55119,67747
55119,32740
55119,29691
55119,106269
55119,117871
55121,77688
55121,112725
55121,113376
55121,126265
55121,107454
55121,137140
55121,40881
55121,79993
55121,116421
55121,48079
55121,50013
55121,129281
55121,68388
55121,72222
55121,27145
55121,108766
55121,14366
55121,131360
55121,92972
55121,2386
55121,9835
55121,75760
55121,73556
55121,69045
55121,59540
55121,129446
55121,78434
55121,120022
55121,22543
55121,70947
55121,119710
55121,50841
55121,77479
55123,79073
55123,29911
55123,69718
55123,140501
55123,99071
55123,18179
55123,137815
55123,137529
55123,137511
55123,134698
55123,111884
55123,11122
55123,79670
55123,74900
55123,56398
55123,40321
55123,34186
55123,22412
55123,130501
55123,83145
55123,88874
55123,110577
55123,128306
55123,32948
55124,71916
55124,118846
55124,3268
55124,7232
55124,40605
55124,108323
55124,33438
55124,35629
55124,12416
55124,88194
55125,112324
55125,122248
55125,41441
55125,12154
55125,8312
55126,55460
55126,4765
55126,67664
55126,84095
55126,128520
55126,3158
55126,46147
55126,11392
55126,122729
55126,60561
55126,59886
55126,82452
55126,71703
55126,34859
55126,115756
55126,135744
55126,134584
55126,82486
55126,29768
55126,67321
55126,14872
55126,52618
55126,29024
55126,11014
55126,33688
55126,36109
55126,69965
55126,28815
55126,109780
55126,55354
55126,77359
55126,110978
55126,42954
55128,20013
55128,83096
55128,52125
55128,93203
55128,109346
55128,97227
55128,99062
55128,89238
55128,120420
55128,27812
55128,92226
55128,138641
55128,40165
55128,15195
55128,10116
55128,46517
55128,116747
55128,103744
55128,15107
55128,103984
55128,80638
55128,5700
55128,47650
55128,31148
55128,21534
55128,87623
55128,58948
55128,99129
55128,16337
55128,85991
55128,19855
55128,134724
55128,34170
55129,103405
55129,113300
55129,1435
55129,20110
55129,108788
55129,63987
55129,60073
55129,80276
55129,94539
55129,91377
55129,80049
55129,11391
55129,12860
55129,79579
55129,66158
55129,139669
55129,113938
55129,77186
55129,129452
55129,25265
55129,87695
55129,16708
55129,129822
55129,69284
55129,82783
55129,62743
55129,37804
55129,104696
55129,18660
55129,29411
55129,67418
55129,76476
55131,90920
55131,106230
55131,34852
55131,48004
55131,3775
55131,64872
55131,106421
55131,7377
55131,120248
55131,124778
55131,57934
55131,75795
55131,77574
55131,75147
55131,41400
55131,128155
55131,57125
55131,38262
55131,2906
55131,38913
55131,80579
55131,93594
55131,56917
55131,96112
55131,72826
55131,25979
55131,70624
55131,35010
55131,7895
55131,52263
55131,98719
55131,134288
55131,8374
55131,23358
55132,99221
55132,85601
55132,74514
55132,68649
55132,137426
55132,92705
55132,59780
55132,120146
55132,48919
55132,78613
55132,134188
55132,94663
55132,8005
55132,129396
55132,53590
55132,68736
55132,55225
55132,139876
55132,111268
55132,18575
55132,122586
55132,138208
55132,65797
55132,137991
55132,115123
55132,137701
55132,24847
55132,138069
55132,12793
55132,83133
55132,117876
55133,93867
55133,6225
55133,44844
55133,101746
55133,32232
55133,102266
55134,125053
55134,24021
55134,85065
55134,79068
55134,136025
55134,18085
55134,89951
55134,119127
55134,112568
55134,1260
55134,98557
55134,90829
55134,136880
55134,82415
55134,98457
55134,14342
55134,111940
55134,1535
55134,56064
55134,116455
55134,91687
55134,39748
55134,62168
55134,117751
55134,131344
55136,81062
55136,90178
55136,98466
55136,46335
55136,65773
55136,104046
55136,139251
55136,64684
55137,11850
55137,20241
55137,39286
55137,8498
55137,3501
55137,123157
55137,11717
55137,39484
55137,78414
55137,38840
55137,130194
55137,64873
55137,120068
55137,83315
55137,38196
55137,118442
55137,93342
55137,21891
55137,118355
55137,71333
55137,52558
55137,125832
55137,113804
55137,66339
55137,7969
55137,44960
55137,95193
55137,112383
55140,112130
55140,18815
55140,69343
55140,97819
55140,100810
55140,62313
55140,27634
55140,110605
55140,91197
55140,38659
55140,94262
55140,130678
55140,97643
55140,99010
55140,107264
55140,24997
55140,129300
55140,12789
55140,82187
55140,15131
55140,18530
55140,11550
55140,3374
55140,50025
55140,62462
55140,74413
55140,21456
55140,22327
55140,30736
55140,23007
55140,114840
55142,3213
55142,41278
55142,61529
55142,70606
55142,4875
55142,56042
55142,15994
55142,64762
55142,135499
55142,84032
55142,70839
55142,121267
55142,77935
55142,82659
55142,10996
55142,33590
55142,45080
55142,53494
55142,556
55142,80475
55142,10746
55142,7527
55142,105307
55142,126462
55142,103187
55142,129968
55142,114304
55142,69261
55143,82050
55143,2696
55143,138347
55143,54353
55143,67099
55143,8426
55143,90434
55143,125879
55143,139957
55143,135205
55143,109754
55143,75889
55143,24051
55143,41038
55143,51938
55143,74572
55145,132587
55145,4589
55145,63849
55145,36127
55145,120820
55145,2779
55145,50219
55145,107466
55145,117676
55145,65305
55145,129955
55145,9636
55145,83920
55145,98600
55145,109046
55145,106487
55145,135645
55145,109140
55145,119692
55145,34107
55145,134668
55145,93805
55145,99682
55145,80264
55145,55648
55145,43098
55145,90586
55145,8473
55145,21874
55145,70995
55145,41162
55146,113300
55146,1435
55146,103405
55146,139669
55146,64587
55146,60073
55146,132846
55146,113938
55146,66158
55146,88756
55146,108788
55146,79579
55146,80049
55146,63987
55146,17829
55146,20110
55146,91377
55146,87695
55146,16708
55146,25265
55146,11391
55146,9347
55146,37804
55146,79526
55146,129452
55146,101684
55146,75598
55146,69284
55146,104696
55146,82783
55146,24079
55146,102787
55147,53235
55147,111108
55147,56013
55147,138174
55147,74799
55147,90015
55147,8560
55147,126937
55147,71023
55147,120134
55147,65482
55147,40929
55147,116094
55147,15415
55147,93725
55147,58759
55147,94133
55147,71928
55147,52479
55147,128688
55147,53276
55147,50988
55147,30139
55147,117333
55147,27665
55147,81681
55147,74410
55147,132981
55147,5827
55147,107289
55147,19167
55147,42209
55147,29900
55148,105408
55148,4875
55148,15994
55148,126719
55148,23268
55148,41278
55148,126657
55148,1230
55148,70606
55148,41712
55148,139197
55148,56042
55148,70078
55148,60084
55148,61529
55148,10746
55148,64762
55148,23212
55148,53494
55148,86639
55148,139366
55148,74754
55148,35264
55148,70839
55148,25416
55148,77935
55148,80475
55148,125311
55148,6439
55148,135499
55148,38725
55148,7880
55149,92430
55149,121354
55149,86150
55149,89984
55149,94304
55149,6591
55149,314
55149,76639
55149,91040
55149,109889
55149,120041
55149,33301
55149,137530
55149,33542
55149,138981
55149,13940
55149,36852
55149,40134
55149,44813
55149,47808
55149,123649
55149,53730
55149,137394
55149,132884
55149,131984
55149,108806
55149,45599
55149,109893
55149,23850
55149,105290
55149,7905
55150,9929
55150,97486
55150,114325
55150,74965
55150,94219
55150,110656
55150,45939
55151,126785
55151,8868
55151,17062
55151,85662
55151,70400
55151,65358
55151,5606
55151,114476
55151,78138
55151,82337
55151,15561
55151,84807
55151,131301
55151,135189
55151,55017
55151,86230
55151,75077
55151,78463
55151,49037
55151,24429
55151,33492
55151,68085
55151,56363
55151,100049
55151,16941
55151,102957
55151,55445
55151,70123
55151,121012
55151,11736
55151,94706
55152,112786
55152,21157
55152,42725
55152,19854
55152,134890
55152,135108
55152,102398
55152,115455
55152,30852
55152,26819
55152,117926
55152,41329
55152,119532
55152,86202
55152,55006
55152,17626
55152,19203
55152,27654
55152,6133
55152,269
55152,45337
55152,55620
55152,22601
55152,28318
55152,136683
55152,4218
55152,133117
55152,134263
55152,12196
55152,80291
55152,10942
55152,123665
55152,13634
55153,126657
55153,139197
55153,15994
55153,86639
55153,41278
55153,4875
55153,95931
55153,53494
55153,64762
55153,125311
55153,7880
55153,139366
55153,41712
55153,35264
55153,6439
55153,77935
55153,45080
55153,556
55153,38725
55153,138600
55153,78838
55153,10746
55153,74754
55153,126719
55153,69261
55153,106262
55153,23212
55153,31169
55154,24545
55154,21018
55154,137997
55154,124342
55154,37818
55154,131892
55154,90845
55154,70177
55154,77089
55154,116942
55154,104517
55154,77914
55154,114932
55154,78500
55154,60846
55154,59781
55154,35223
55154,59657
55154,122112
55154,38419
55154,134154
55154,68420
55154,46274
55154,26248
55154,14082
55154,125083
55154,40279
55154,60468
55154,29633
55154,57952
55154,38904
55154,100882
55154,117294
55155,121391
55155,46701
55155,1025
55155,39809
55155,93819
55155,111758
55155,48243
55155,100550
55155,26532
55155,113310
55155,25864
55155,54268
55155,59430
55155,123857
55155,79200
55155,99280
55155,58996
55155,6931
55155,106402
55155,113773
55155,112548
55155,10289
55155,56448
55155,76956
55155,52252
55155,66256
55155,92041
55155,69117
55155,62674
55155,30289
55155,17553
55155,132464
55156,48186
55156,18103
55156,18742
55156,46146
55156,87343
55156,135059
55156,86948
55156,54515
55156,29139
55156,29754
55156,95792
55156,1910
55156,64854
55156,140189
55156,8420
55156,25250
55156,62444
55156,83248
55156,73716
55156,6234
55156,58008
55156,9090
55156,83704
55156,72324
55156,18762
55156,36122
55156,56520
55156,84070
55156,37587
55156,21934
55156,32966
55156,13911
55157,31770
55157,48687
55157,42585
55157,57707
55157,64384
55157,137887
55157,57640
55157,35974
55157,5250
55157,94820
55157,16654
55157,86106
55157,62611
55157,6845
55157,50548
55157,79062
55157,87677
55157,107032
55157,108537
55157,99398
55157,104486
55157,68997
55157,128889
55157,3704
55158,124273
55158,1702
55158,139926
55158,87033
55158,53362
55158,44952
55159,23776
55159,45021
55159,104466
55159,2671
55159,103318
55159,85286
55160,81340
55160,11724
55160,135917
55160,9729
55160,133793
55160,115361
55160,74
55160,53957
55160,100695
55160,115363
55160,47972
55160,48326
55160,105205
55160,53594
55160,45090
55160,98136
55160,118058
55160,8875
55161,139388
55161,43441
55161,39627
55161,71178
55161,94751
55162,23838
55162,138171
55162,125419
55162,22024
55162,138657
55162,47645
55162,134328
55162,96217
55162,103882
55162,39062
55162,87130
55162,122130
55162,28676
55162,76346
55162,53642
55162,91653
55162,94669
55162,14163
55162,10129
55162,44200
55162,88070
55164,24692
55164,116752
55164,69161
55164,64490
55164,120853
55164,76667
55164,86903
55164,122811
55164,30421
55164,13052
55164,120945
55164,119987
55164,120547
55164,50874
55164,84871
55164,135973
55164,1425
55164,61947
55164,73164
55164,22130
55164,12574
55164,16787
55164,103603
55164,88343
55164,40838
55164,51582
55164,128392
55164,37967
55164,83068
55164,2009
55164,45541
55164,44663
55165,88972
55165,113351
55165,77889
55165,35032
55165,86676
55165,96828
55165,29256
55165,3622
55165,94577
55165,31759
55165,12112
55165,31551
55165,67557
55165,117967
55165,92794
55165,98538
55165,1198
55165,51015
55165,92329
55165,12960
55165,19281
55165,70488
55165,96120
55165,114926
55165,54569
55165,23547
55165,76398
55165,29484
55165,84295
55165,12748
55166,9660
55166,20873
55166,14695
55166,74839
55166,140772
55166,63886
55166,8928
55166,63948
55166,33398
55166,50940
55166,93696
55166,65183
55166,103435
55166,30134
55166,26595
55166,72371
55166,41146
55166,100041
55166,8109
55166,82300
55166,75606
55166,72616
55166,24672
55166,59818
55166,97647
55166,81401
55166,7576
55166,2452
55166,107647
55166,26255
55166,85359
55166,89088
55166,55916
55169,119002
55169,94241
55169,115994
55169,110915
55169,82967
55169,44213
55169,64017
55169,54795
55169,54739
55169,50366
55169,133846
55169,37339
55169,68372
55169,122468
55169,53443
55169,94850
55169,89202
55169,138973
55169,139974
55169,114201
55169,978
55169,19965
55169,42207
55169,79141
55169,105745
55169,118722
55169,38769
55169,97430
55169,69638
55169,130789
55169,10494
55169,104748
55169,31066
55170,32202
55170,77286
55170,49341
55170,92919
55170,30219
55170,20597
55170,127369
55170,30414
55170,22935
55170,69535
55170,67291
55170,28392
55170,82713
55170,56990
55170,117187
55170,7056
55170,95703
55170,20651
55170,33428
55170,62649
55170,33353
55170,47442
55170,75260
55170,29740
55170,89643
55170,135426
55170,32308
55170,107535
55170,88613
55170,125976
55170,13067
55172,31902
55172,103108
55172,73266
55172,115720
55172,59294
55172,89002
55172,118498
55172,29108
55172,75873
55172,9883
55172,55427
55172,139430
55172,42119
55172,20066
55172,42978
55172,134913
55172,94245
55172,120475
55172,47719
55172,83643
55172,1114
55172,35314
55172,117321
55172,65900
55172,109218
55172,30742
55172,52521
55172,66682
55172,69551
55172,58447
55172,113210
55172,43323
55173,26030
55173,56717
55173,101891
55173,16911
55173,23424
55173,94867
55173,138232
55174,88218
55174,65606
55174,53341
55174,95307
55174,38571
55174,56880
55174,10404
55174,89073
55174,29604
55174,16706
55174,30184
55174,41488
55174,74474
55174,893
55174,92297
55174,59526
55174,111000
55174,21315
55174,122844
55176,31732
55176,96101
55176,22450
55176,85841
55176,24146
55176,86791
55176,111527
55176,104433
55176,110908
55176,114312
55176,113926
55176,14745
55176,89963
55176,100731
55176,30432
55176,126376
55176,132201
55176,18641
55176,119053
55176,69353
55176,128758
55176,7817
55176,104431
55176,46706
55176,132691
55176,91818
55176,137183
55176,137528
55177,55272
55177,121857
55177,45911
55177,56482
55177,32845
55177,69549
55177,128607
55177,117311
55177,135132
55177,28662
55177,61807
55177,7062
55177,24297
55177,20153
55177,109169
55177,126466
55177,5816
55179,52496
55179,80660
55179,105825
55179,92767
55179,41166
55179,64881
55179,24310
55179,111949
55179,128533
55179,129610
55179,122426
55179,88765
55179,8397
55179,53901
55179,24442
55179,71756
55179,120198
55179,116264
55179,50934
55179,54706
55179,114900
55179,125073
55179,108890
55179,84907
55179,57216
55179,17093
55179,67036
55179,16489
55179,4066
55179,88876
55181,88559
55181,66041
55181,43646
55181,28067
55181,5012
55181,102015
55181,16412
55181,19503
55181,71468
55181,59242
55181,37853
55181,49991
55181,6369
55181,129699
55181,13048
55181,115062
55181,73986
55181,134309
55181,130434
55181,20826
55181,35889
55181,93265
55181,54401
55181,122253
55181,71490
55181,48393
55181,110858
55181,84232
55181,18542
55181,94597
55181,69874
55181,47381
55181,28328
55182,31475
55182,120848
55182,127316
55182,7707
55182,2074
55182,23907
55182,117726
55182,69092
55182,126928
55182,23562
55182,10357
55182,132658
55182,69884
55182,97209
55182,60203
55182,1274
55182,136511
55182,23169
55182,48492
55182,54362
55182,71346
55182,86905
55182,40381
55182,28944
55182,40105
55182,102050
55182,76015
55182,138170
55182,101546
55182,37535
55182,104223
55182,20834
55182,16589
55184,83273
55184,80728
55184,69061
55184,120673
55184,98677
55184,140590
55184,72923
55184,31671
55184,102639
55184,129625
55184,7261
55184,46792
55186,58838
55186,60898
55186,112799
55186,106561
55186,140087
55186,107100
55186,92202
55186,104528
55186,100105
55186,105704
55186,78725
55186,79596
55186,55148
55186,36784
55186,37749
55186,130175
55186,40040
55186,67281
55186,101598
55186,109048
55186,11631
55186,31272
55186,15001
55186,134981
55186,3474
55186,42171
55186,31962
55186,80769
55187,70684
55187,91336
55187,73848
55187,31977
55187,83259
55187,23953
55187,115319
55187,107069
55187,117256
55187,69073
55187,22250
55187,48280
55187,43901
55187,27685
55187,44648
55187,122794
55187,130930
55187,73665
55187,54930
55187,102148
55187,110069
55187,51498
55187,11522
55187,79781
55187,43368
55187,47303
55187,56
55187,65955
55187,46486
55187,50205
55187,50725
55187,8799
55187,25237
55188,20494
55188,5552
55188,73049
55188,22221
55188,104492
55188,102493
55188,90152
55188,86715
55188,45131
55188,5269
55188,70366
55188,15652
55188,115821
55188,69630
55188,39291
55188,23165
55188,59512
55188,32021
55188,86638
55188,25589
55188,23433
55188,15653
55188,64849
55188,138252
55188,56325
55188,119971
55188,133514
55188,13270
55188,44095
55188,133849
55189,87162
55189,77467
55189,115544
55189,135457
55189,66755
55189,46254
55189,23144
55189,127790
55189,44548
55189,91890
55189,90984
55189,114769
55189,101540
55189,80993
55189,128941
55189,27074
55189,103411
55189,49042
55191,112173
55191,64335
55191,136410
55191,97410
55191,53664
55191,39039
55191,103127
55191,38295
55191,8120
55191,12221
55191,52545
55191,76109
55191,106751
55191,108843
55191,113098
55191,76103
55191,20843
55191,112740
55191,51
55191,71651
55191,59426
55191,65391
55191,39736
55191,52659
55191,74256
55191,90643
55191,139845
55191,136135
55191,108176
55191,136331
55193,35251
55193,125647
55193,126713
55193,64449
55193,97878
55193,2640
55193,61820
55193,816
55193,61874
55193,39573
55193,126977
55193,18004
55193,41790
55193,29243
55193,32642
55193,125305
55193,43747
55194,92814
55194,96763
55194,16336
55194,29465
55194,81986
55194,607
55194,73250
55194,1732
55194,92010
55194,109676
55194,140531
55194,33477
55194,131319
55194,138224
55194,30984
55194,133164
55194,14567
55194,44217
55194,54789
55194,64656
55194,94995
55194,118172
55194,67575
55194,115030
55194,121181
55194,84059
55194,13140
55194,4217
55194,74065
55194,80203
55194,89101
55194,60513
55196,52114
55196,40330
55196,45506
55196,106803
55196,4187
55196,107670
55196,54196
55196,80867
55196,45405
55199,94313
55199,12098
55199,111440
55199,26480
55199,113770
55199,76501
55199,37231
55199,85917
55199,111825
55199,133054
55199,26879
55199,27616
55199,87558
55199,104817
55199,49095
55199,129147
55199,117019
55199,64386
55199,4544
55199,22087
55199,43019
55199,47977
55199,90139
55199,117017
55199,84512
55199,11062
55199,25017
55199,91209
55199,110770
55199,19487
55199,46921
55199,35303
55199,126094
55201,18694
55201,133378
55201,128648
55201,11651
55201,58539
55201,57738
55201,54085
55201,47267
55201,78912
55201,120906
55201,91135
55201,26079
55201,39738
55201,80153
55201,110723
55201,46498
55201,50551
55201,97510
55201,80223
55201,79244
55201,502
55201,17421
55201,54274
55201,31766
55201,36449
55201,140802
55201,76555
55201,3756
55201,54263
55201,115532
55201,17119
55201,86487
55203,56180
55203,93705
55203,60054
55203,41388
55203,47151
55203,2437
55203,91971
55203,131875
55203,123964
55203,122030
55203,136593
55204,62593
55204,15174
55204,21469
55204,11719
55204,13297
55204,105300
55204,30867
55204,50912
55204,26548
55204,117787
55204,133227
55204,38345
55204,104648
55204,110402
55204,73134
55204,33764
55204,121076
55204,118908
55204,63794
55204,132906
55204,55817
55204,136686
55204,132974
55204,79423
55204,135941
55204,98668
55204,67367
55204,68723
55204,130231
55204,43157
55204,84322
55204,123377
55205,50608
55205,94330
55205,38828
55205,84269
55205,14496
55205,112510
55205,99788
55205,103345
55205,133013
55205,72988
55205,30890
55205,84484
55205,125136
55205,62404
55205,74640
55205,117915
55205,66204
55205,2136
55205,78794
55205,70493
55205,15166
55205,11712
55205,128521
55205,69649
55207,19598
55207,123209
55207,122795
55207,77605
55207,69294
55207,18016
55207,5739
55207,69199
55207,11244
55207,24003
55207,63347
55207,86217
55207,100913
55207,26804
55207,52801
55207,9392
55207,37278
55207,82482
55207,137773
55207,38183
55207,17890
55207,124441
55207,101128
55207,16096
55208,41424
55208,11262
55208,8687
55208,6523
55208,101112
55208,95879
55208,62243
55208,40008
55208,117242
55208,113293
55208,115836
55208,61484
55208,108092
55208,124479
55208,30020
55208,28539
55208,136005
55208,104085
55208,48284
55208,78590
55208,83334
55208,9451
55208,28633
55208,5453
55208,56746
55208,32695
55208,135285
55208,42224
55208,24820
55208,137955
55208,90168
55210,90920
55210,106230
55210,7377
55210,120248
55210,107028
55210,63604
55210,135238
55210,2906
55210,38758
55210,113402
55210,14024
55210,93594
55210,87490
55210,56917
55210,38913
55210,41400
55210,33509
55210,57125
55210,80579
55210,123709
55210,134288
55210,35010
55210,7895
55210,123584
55210,98719
55210,101982
55210,128155
55210,8374
55210,52263
55214,55123
55214,117217
55214,11934
55214,44239
55214,129904
55214,72957
55214,19344
55214,36377
55214,21913
55214,133716
55214,79904
55214,105711
55214,42538
55214,13971
55214,70276
55214,78941
55214,9717
55214,102672
55214,2155
55214,28441
55214,117883
55214,93193
55214,24643
55214,88340
55214,121138
55214,92746
55214,95167
55214,78994
55214,57779
55214,76538
55214,39920
55214,61715
55214,20061
55216,15572
55216,82266
55216,123774
55216,116325
55216,42083
55216,56912
55216,42530
55216,26688
55216,84427
55225,27343
55225,102012
55225,95125
55225,72701
55225,44597
55225,110974
55225,58610
55225,57652
55225,57588
55225,54782
55225,84812
55226,41570
55226,97868
55226,108392
55226,40403
55226,100008
55228,17714
55228,91634
55228,118778
55228,88081
55228,103074
55228,104061
55228,125176
55228,24723
55228,51588
55228,73471
55228,136399
55228,96957
55228,125941
55228,60750
55228,28603
55228,30231
55228,1575
55228,7310
55228,62314
55228,129484
55228,94124
55228,104494
55228,30933
55228,119196
55228,34168
55228,40702
55228,92352
55228,124020
55228,124993
55228,5119
55228,17310
55229,125297
55229,47327
55229,4170
55229,29682
55229,65924
55229,84704
55229,102460
55229,10064
55229,117121
55229,124070
55229,22449
55229,139446
55229,23049
55229,60805
55229,114866
55235,126422
55235,87453
55235,29173
55235,70374
55235,74702
55235,11608
55235,134618
55235,70899
55235,54047
55235,120932
55235,9642
55237,42592
55237,51175
55237,130006
55237,8740
55237,56066
55237,87835
55237,8098
55237,30934
55237,49435
55237,29107
55238,80543
55238,92337
55238,57242
55238,120583
55238,20101
55238,15692
55238,121590
55238,129277
55238,11589
55238,18523
55238,96987
55238,19946
55238,82749
